ids,epoch_19,epoch_39,epoch_59,epoch_79,epoch_99,epoch_100
0,0,3,3,5,6,6
1,0,0,0,0,0,0
2,0,0,0,0,0,0
3,0,0,1,1,0,0
4,0,0,0,0,0,0
5,0,0,0,1,2,2
6,0,0,0,0,1,0
7,0,0,0,0,0,0
8,4,1,0,4,3,3
9,0,0,0,0,0,0
10,0,0,0,0,0,0
11,0,0,0,1,1,1
12,0,0,1,0,0,1
13,1,3,1,0,0,0
14,0,0,0,0,0,0
15,0,0,0,0,0,0
16,0,0,0,0,0,0
17,0,0,0,0,0,0
18,133,61,64,61,52,47
19,0,0,1,0,0,0
20,0,0,0,0,0,0
21,0,0,0,0,0,0
22,1,0,0,12,10,9
23,0,7,11,23,22,23
24,4,2,0,0,1,0
25,0,0,0,0,0,0
26,0,0,0,0,0,0
27,0,0,0,0,0,0
28,1,1,0,1,1,2
29,205,162,81,68,140,142
30,0,0,0,0,0,0
31,0,0,0,0,0,0
32,0,0,0,0,0,0
33,0,0,0,0,0,0
34,0,0,0,0,0,0
35,0,0,2,0,0,0
36,0,0,0,0,0,0
37,2,0,0,0,0,0
38,0,17,34,32,26,30
39,78,626,1366,656,564,500
40,2,1,16,21,5,5
41,0,0,1,0,0,0
42,0,0,0,0,0,0
43,0,0,0,0,0,0
44,0,0,0,1,1,1
45,0,2,2,1,0,1
46,0,0,0,0,0,0
47,0,0,0,0,0,0
48,0,0,0,0,0,0
49,6,98,73,17,36,33
50,15,49,37,47,47,51
51,11,4,0,0,0,0
52,2,0,0,0,0,0
53,2,0,0,1,3,4
54,0,0,0,0,1,1
55,0,0,0,0,0,0
56,0,0,0,0,0,0
57,3083,8544,1240,4160,3385,3852
58,1,0,2,3,3,3
59,0,0,0,0,0,0
60,1,1,1,2,1,1
61,0,0,0,0,0,0
62,0,0,0,0,0,0
63,0,0,1,6,3,3
64,0,0,0,1,1,1
65,0,0,0,0,0,0
66,0,0,0,0,0,0
67,0,0,0,1,0,0
68,0,0,0,0,0,0
69,3,0,0,0,0,0
70,0,0,0,0,0,0
71,0,0,1,0,1,1
72,30,49,14,16,20,29
73,0,0,0,0,0,0
74,0,0,0,0,0,0
75,23,493,27,262,243,312
76,0,0,5,0,0,0
77,0,0,0,0,0,0
78,0,0,0,0,0,0
79,0,4,13,13,8,7
80,2,2,4,1,2,2
81,0,0,0,0,0,0
82,0,0,0,0,0,0
83,0,0,0,0,0,0
84,1,3,2,2,5,5
85,0,2,3,0,1,1
86,3,22,0,2,3,4
87,0,0,1,1,0,0
88,0,0,0,0,0,0
89,0,0,0,0,0,0
90,0,0,0,0,0,0
91,0,0,0,0,0,0
92,0,0,0,0,0,0
93,0,6,16,22,23,24
94,0,0,1,0,1,0
95,0,0,7,9,8,6
96,0,0,0,0,0,0
97,119,70,35,63,28,22
98,0,0,0,0,0,0
99,0,0,0,0,0,0
100,0,0,0,0,0,0
101,0,0,0,0,0,0
102,0,0,0,0,0,0
103,0,4,0,24,36,34
104,0,0,0,0,0,0
105,0,0,0,0,0,0
106,0,0,0,0,0,0
107,0,0,0,0,0,0
108,6,6,72,67,64,79
109,1,0,7,17,15,22
110,2,0,1,0,0,0
111,0,0,0,0,0,0
112,2,0,0,0,0,0
113,46,0,15,37,93,72
114,0,0,2,0,0,0
115,0,0,0,0,0,0
116,0,0,0,0,0,0
117,674,697,1023,1999,1534,2753
118,97,138,92,62,79,70
119,5,30,35,17,26,23
120,7,32,4,1,1,1
121,0,0,0,0,0,0
122,0,0,0,0,0,0
123,5,0,12,1,2,2
124,1,2,32,31,18,18
125,0,0,0,0,0,0
126,0,0,0,0,0,0
127,0,0,0,0,0,0
128,0,0,0,0,0,0
129,0,0,0,0,0,0
130,0,0,0,0,0,0
131,3,2,1,1,2,2
132,914,753,944,797,726,702
133,4,23,119,30,30,39
134,2,0,0,0,0,0
135,27,37,117,87,71,68
136,3,3,8,1,2,3
137,1,0,0,0,0,0
138,0,0,0,0,0,0
139,0,0,0,0,0,0
140,0,0,0,0,0,0
141,0,0,4,2,4,4
142,23,1,14,24,20,24
143,0,5,28,0,1,0
144,0,0,0,0,0,0
145,0,2,0,6,3,2
146,0,0,0,0,0,0
147,5,2,322,169,217,268
148,0,1,0,1,1,2
149,1860,166,1620,1845,1808,1979
150,1080,1303,768,924,1068,1163
151,35,14,3,0,0,0
152,26,10,1,0,0,0
153,0,0,0,0,0,0
154,0,0,6,9,10,9
155,0,0,0,0,0,0
156,0,0,0,0,0,0
157,0,0,0,0,0,0
158,0,0,0,0,0,0
159,0,0,0,0,0,0
160,0,0,0,0,0,0
161,0,0,0,0,0,0
162,0,0,0,0,0,0
163,2,1979,55,0,4,4
164,0,0,0,0,0,0
165,0,0,0,0,0,0
166,0,0,0,0,0,0
167,0,0,0,0,0,0
168,0,0,0,0,0,0
169,0,0,4,6,3,4
170,1,0,0,0,0,0
171,298,463,271,485,493,529
172,0,0,0,1,1,0
173,0,0,0,0,0,0
174,0,0,0,0,0,0
175,2,5,11,0,0,0
176,17,77,428,573,512,550
177,0,0,0,0,0,0
178,0,0,0,0,0,0
179,0,0,0,0,0,0
180,0,0,0,0,0,0
181,0,0,0,0,0,0
182,0,0,0,0,0,0
183,165,402,404,323,380,399
184,0,0,0,0,0,0
185,0,0,0,0,0,0
186,0,0,0,0,0,0
187,0,3,36,22,20,19
188,0,0,0,0,0,0
189,0,0,0,0,0,0
190,0,0,0,0,0,0
191,0,0,0,0,0,0
192,0,0,0,1,2,2
193,1,0,0,0,0,0
194,0,0,0,0,0,0
195,0,0,0,0,0,0
196,0,0,14,5,0,0
197,5,1,0,0,0,0
198,1,0,1,0,0,0
199,0,0,0,0,0,0
200,47,66,21,40,48,52
201,0,0,0,0,0,0
202,0,0,0,0,0,0
203,0,0,0,0,0,0
204,0,0,0,0,0,0
205,0,0,0,0,0,0
206,0,0,0,0,0,0
207,0,0,0,0,0,0
208,7,9,0,0,0,0
209,0,0,0,0,0,0
210,0,0,0,0,1,0
211,0,0,0,0,0,0
212,0,0,0,0,0,0
213,0,1,3,0,0,0
214,0,1,0,0,1,1
215,0,0,0,0,0,0
216,2,33,56,43,46,63
217,0,18,29,1,2,4
218,0,1,0,0,0,0
219,0,0,0,0,0,0
220,0,0,0,0,0,0
221,0,0,0,0,0,0
222,0,0,0,0,0,0
223,0,0,0,0,0,0
224,14,19,72,36,26,29
225,0,1,0,0,0,0
226,0,0,0,0,0,0
227,0,0,0,0,0,0
228,0,0,0,0,0,0
229,0,0,0,0,0,0
230,0,0,0,0,0,0
231,0,0,0,0,0,0
232,0,0,2,2,2,2
233,0,2,0,0,0,0
234,0,0,0,0,0,0
235,1,0,2,0,1,0
236,0,0,0,0,0,0
237,0,0,0,0,0,0
238,0,0,0,0,0,0
239,0,0,0,0,0,0
240,0,0,0,0,0,0
241,0,0,0,0,0,0
242,0,0,0,0,0,0
243,0,0,0,1,1,1
244,100,0,0,0,0,0
245,0,0,0,0,0,0
246,0,0,0,0,0,0
247,0,0,0,0,0,0
248,0,0,0,0,0,0
249,0,0,14,1,11,10
250,54,8,3,0,3,3
251,0,4,11,2,1,1
252,365,347,371,280,292,296
253,0,0,0,0,0,0
254,0,0,0,0,0,0
255,21,8,6,11,5,7
256,34,5,22,19,16,15
257,8,124,35,189,135,102
258,0,0,0,0,0,0
259,0,0,1,0,0,0
260,0,1,1,0,0,0
261,1,0,0,1,0,0
262,2,0,0,0,0,0
263,0,0,0,0,0,0
264,0,0,0,0,0,0
265,0,0,0,0,0,0
266,0,0,0,0,0,0
267,1,0,0,0,0,0
268,0,0,0,0,0,0
269,2,0,5,11,12,7
270,0,0,0,0,0,0
271,0,0,0,0,1,1
272,1,4,0,0,0,0
273,0,0,3,4,1,1
274,0,0,0,1,0,1
275,1,9,14,17,16,16
276,0,0,0,0,0,0
277,0,0,1,0,0,0
278,552,459,113,90,75,73
279,0,0,2,12,3,2
280,0,5,2,1,5,6
281,6,0,0,1,0,0
282,37,4,16,7,3,3
283,0,1,1,1,0,2
284,0,0,0,0,0,0
285,0,0,0,0,0,0
286,0,0,0,0,0,0
287,0,0,0,0,0,0
288,982,386,169,220,162,214
289,0,0,0,0,0,0
290,0,0,0,0,0,0
291,0,0,0,0,0,0
292,3,3,25,30,21,24
293,0,0,0,0,0,0
294,0,0,0,0,0,0
295,0,0,0,0,0,0
296,61,11,6,3,1,1
297,0,0,0,0,0,0
298,0,0,0,0,0,0
299,1,0,2,4,4,4
300,0,0,0,0,0,0
301,0,0,0,0,0,0
302,0,0,0,0,0,0
303,0,0,0,0,0,0
304,11,0,0,0,0,0
305,0,0,0,0,0,0
306,0,0,0,0,0,0
307,0,0,0,0,0,0
308,0,0,0,0,0,0
309,0,0,0,0,0,0
310,0,0,0,0,0,0
311,0,0,0,0,0,0
312,0,0,0,0,0,0
313,0,0,0,0,0,0
314,0,0,0,0,0,0
315,0,0,0,0,0,0
316,0,0,0,0,0,0
317,0,0,0,0,0,0
318,0,0,0,0,0,0
319,0,0,0,0,0,0
320,2,4,0,0,0,0
321,0,0,0,1,0,0
322,0,0,0,0,1,1
323,0,0,0,0,0,0
324,51,6,46,27,17,16
325,27,53,81,40,44,50
326,28,9,37,22,16,12
327,0,0,0,0,0,0
328,37,21,52,48,56,55
329,27,20,41,6,7,8
330,17,0,1,0,0,0
331,0,0,0,0,0,0
332,0,0,0,0,0,0
333,0,0,0,0,0,0
334,0,4,0,0,0,0
335,0,0,0,0,0,0
336,0,0,0,0,0,0
337,0,14,7,13,9,12
338,8,2,7,11,6,3
339,98,517,464,498,497,484
340,0,0,2,5,2,2
341,0,0,3,6,6,5
342,0,0,0,0,0,0
343,0,0,0,0,0,0
344,0,0,0,0,0,0
345,3,0,0,1,0,0
346,0,0,0,0,0,1
347,0,0,0,0,2,0
348,0,4,1,0,0,0
349,5,0,0,1,1,0
350,0,0,0,1,0,0
351,0,0,0,0,0,0
352,5,1,3,0,4,3
353,0,0,0,0,0,0
354,10,10,5,11,14,12
355,145,109,133,104,108,113
356,0,0,0,0,0,0
357,0,0,0,0,0,0
358,13,141,73,62,63,72
359,49,4,28,52,51,45
360,0,2,1,8,4,3
361,0,0,0,0,0,0
362,0,0,0,0,0,0
363,0,0,0,0,0,0
364,4,0,0,1,0,0
365,0,0,0,0,0,0
366,951,750,614,641,517,504
367,0,0,0,10,5,7
368,5,1,2,2,1,1
369,38,30,32,49,26,27
370,4,0,17,0,0,2
371,5,0,61,14,7,12
372,0,0,0,0,0,0
373,0,0,0,0,0,0
374,0,0,0,0,0,0
375,0,0,0,0,0,0
376,0,5,1,1,2,1
377,1186,811,1642,1315,1003,1008
378,1,1,36,9,13,14
379,4,1,1,4,5,2
380,0,0,0,1,1,1
381,130,11,5,5,1,0
382,0,0,0,0,0,0
383,0,0,1,0,1,1
384,2,0,0,0,0,0
385,0,0,10,17,19,32
386,0,0,0,2,2,2
387,0,0,0,0,0,0
388,0,0,0,0,0,0
389,0,4,21,41,26,23
390,0,0,0,0,0,0
391,0,0,0,0,0,0
392,0,0,0,0,0,0
393,0,0,14,0,0,0
394,0,0,0,0,0,0
395,0,0,0,0,0,0
396,0,0,0,0,0,0
397,0,0,0,0,0,0
398,0,0,0,0,0,0
399,0,0,2,3,1,1
400,0,5,2,1,1,2
401,2,23,14,44,26,31
402,0,0,0,0,0,0
403,6,5,2,1,0,0
404,0,0,0,0,0,0
405,0,0,0,0,0,0
406,0,0,3,1,1,1
407,0,0,0,0,0,0
408,0,0,0,0,0,0
409,0,0,0,0,0,0
410,0,0,0,0,0,0
411,0,0,0,1,0,0
412,0,0,0,0,0,0
413,0,4,8,23,22,22
414,0,0,0,0,0,0
415,4,0,0,0,0,0
416,0,0,0,0,0,0
417,0,0,0,0,0,0
418,0,0,0,0,0,0
419,0,0,0,0,0,0
420,0,0,0,0,0,0
421,0,0,0,0,0,0
422,0,0,0,0,0,0
423,9,5,40,40,47,54
424,2,33,76,95,127,141
425,0,6,32,208,78,95
426,0,0,0,0,0,0
427,0,0,0,0,0,0
428,0,0,0,0,0,0
429,0,0,0,0,0,0
430,0,0,0,0,0,0
431,0,0,0,0,0,0
432,0,2,0,10,0,1
433,0,0,1,1,1,1
434,0,0,0,0,0,0
435,0,0,0,0,0,0
436,0,0,0,0,0,0
437,0,0,0,0,0,0
438,0,0,0,0,0,0
439,7,1,1,2,2,2
440,0,0,0,0,0,0
441,0,0,0,0,0,0
442,0,0,0,0,0,0
443,0,0,0,0,0,0
444,0,0,0,0,0,0
445,0,0,0,0,0,0
446,0,4,0,0,0,1
447,0,0,0,0,0,0
448,0,0,0,0,0,0
449,0,1,2,1,1,1
450,1,0,0,0,0,0
451,0,0,0,0,0,0
452,0,0,0,0,0,0
453,0,0,0,0,0,0
454,0,0,0,0,0,0
455,0,0,0,0,0,0
456,356,39,85,61,129,127
457,0,4,9,7,21,17
458,9,23,138,132,116,103
459,2,35,2560,1702,3152,2722
460,0,0,0,0,0,0
461,0,0,0,0,0,0
462,0,0,0,0,0,0
463,1,3,2,6,0,0
464,0,0,0,10,1,2
465,0,0,0,0,0,0
466,0,0,0,0,0,0
467,668,83,172,315,180,213
468,0,0,0,0,0,0
469,0,0,0,0,0,0
470,0,0,1,0,0,0
471,0,3,2,10,20,16
472,2,3,0,0,0,0
473,56,0,1,4,6,6
474,0,0,0,0,0,0
475,0,0,0,0,0,0
476,0,0,0,0,0,0
477,0,0,0,0,0,0
478,1,0,0,0,0,0
479,0,0,0,0,0,1
480,299,362,168,306,682,539
481,0,74,4,16,3,5
482,0,0,0,0,0,0
483,0,0,0,0,0,0
484,0,0,0,0,0,0
485,0,0,0,0,0,0
486,0,0,1,0,0,0
487,0,0,0,0,0,0
488,3,22,87,150,164,155
489,0,0,0,0,0,0
490,0,0,0,0,0,0
491,0,0,0,0,0,0
492,0,0,0,0,0,0
493,21,88,112,233,139,144
494,0,0,0,0,0,0
495,0,0,0,0,0,0
496,0,0,0,0,0,0
497,0,0,0,0,0,0
498,0,0,0,0,0,0
499,0,0,0,0,0,0
500,0,0,1,1,1,2
501,0,0,0,0,0,0
502,0,0,0,0,0,0
503,0,0,0,0,0,0
504,0,0,4,15,11,9
505,0,0,0,0,0,0
506,0,0,0,0,0,0
507,0,1,0,0,0,0
508,0,0,0,0,0,0
509,0,0,0,0,0,0
510,0,0,0,0,0,0
511,0,0,0,0,0,0
512,0,0,0,0,0,0
513,0,0,0,0,0,0
514,0,0,0,0,0,0
515,0,0,0,0,0,0
516,0,0,0,0,0,0
517,0,0,0,0,0,0
518,9,0,1,1,1,1
519,341,259,44,46,47,31
520,0,2,0,0,0,0
521,0,3,0,4,2,2
522,4,11,2,2,2,2
523,1,0,0,0,0,0
524,0,0,0,0,0,0
525,1,1,0,0,0,0
526,0,0,2,0,4,3
527,0,4,3,9,7,11
528,0,0,0,0,0,0
529,0,0,0,0,0,0
530,0,0,0,0,0,0
531,0,0,0,0,0,0
532,0,0,0,0,0,0
533,68,15,4,0,0,0
534,0,13,1,2,1,2
535,0,0,0,0,0,0
536,0,9,2,0,0,0
537,2,0,16,6,6,4
538,0,0,0,0,2,0
539,0,0,49,73,53,52
540,0,0,0,0,0,0
541,6,0,0,0,0,0
542,0,0,0,0,0,0
543,0,0,0,0,0,0
544,0,0,0,0,0,0
545,0,0,0,0,0,0
546,0,0,0,0,0,0
547,0,22,3,9,6,6
548,0,1,31,35,23,28
549,0,0,0,0,0,0
550,0,0,0,0,0,0
551,0,0,0,0,0,0
552,0,0,0,0,0,0
553,2,0,0,0,4,4
554,0,3,3,1,0,0
555,0,0,0,0,0,0
556,0,0,0,0,0,0
557,0,0,0,0,0,0
558,0,2,0,4,4,3
559,0,0,0,0,0,0
560,0,0,0,0,0,0
561,25,3,3,5,1,1
562,5,0,1,2,3,4
563,1,2,10,17,3,3
564,0,0,1,1,1,1
565,0,0,0,0,0,0
566,0,0,0,0,0,0
567,0,0,0,0,0,0
568,0,0,6,2,2,4
569,1,0,0,0,0,0
570,3,31,3,2,2,2
571,0,0,20,1,3,3
572,91,10,5,6,12,16
573,0,0,0,0,0,0
574,0,0,0,0,0,0
575,0,0,0,0,0,0
576,0,0,0,0,0,0
577,0,0,0,0,0,0
578,0,0,0,0,0,0
579,0,0,0,0,0,0
580,1,0,0,0,0,0
581,0,0,0,0,0,0
582,1,0,0,0,0,0
583,0,3,10,3,30,33
584,0,0,0,0,0,0
585,7,1,6,5,5,8
586,0,0,0,0,0,0
587,0,0,0,0,0,0
588,0,7,0,0,0,0
589,0,0,0,0,0,0
590,0,0,0,0,0,0
591,0,1,8,7,3,4
592,1,2,7,6,3,5
593,0,0,0,0,0,0
594,0,0,0,0,0,0
595,36,19,12,25,12,16
596,0,0,3,9,13,14
597,0,0,0,0,0,0
598,0,0,0,0,0,0
599,0,181,223,45,179,87
600,0,0,0,0,0,0
601,0,0,1,1,1,1
602,0,0,0,0,0,0
603,32,6,21,5,7,7
604,0,0,0,0,0,0
605,0,0,0,0,0,0
606,0,0,0,0,0,0
607,0,0,0,0,0,0
608,0,0,0,0,0,0
609,0,0,1,0,0,0
610,2,1,5,1,1,1
611,0,0,0,0,0,0
612,0,0,0,0,0,0
613,0,0,0,0,0,0
614,0,0,0,1,1,0
615,0,0,4,2,1,1
616,0,0,0,0,0,0
617,0,0,0,0,0,0
618,0,0,0,0,0,0
619,0,0,0,0,0,0
620,0,0,1,0,0,0
621,0,0,0,0,0,0
622,0,0,0,0,0,0
623,0,0,0,0,0,0
624,0,0,0,0,0,0
625,13,15,11,34,23,28
626,14,21,0,12,16,9
627,0,0,0,0,0,0
628,0,0,0,0,0,0
629,0,0,0,0,0,0
630,0,1,2,9,9,11
631,273,343,460,352,388,395
632,0,0,1,3,4,4
633,0,0,0,0,0,0
634,0,0,0,0,0,0
635,1,0,0,1,1,0
636,0,0,0,0,0,1
637,0,0,0,0,0,0
638,0,0,0,0,0,0
639,0,0,5,7,8,10
640,1,5,4,10,9,9
641,1,4,4,4,3,3
642,0,10,8,4,2,3
643,24,13,0,16,31,33
644,5,7,8,12,8,7
645,0,5,12,19,20,19
646,0,0,0,0,0,0
647,0,0,0,0,0,0
648,0,0,0,0,0,0
649,0,0,0,0,0,0
650,0,0,0,0,0,0
651,0,0,0,0,0,0
652,0,0,0,0,0,0
653,0,0,0,0,0,0
654,86,2375,4875,12145,12190,12665
655,543,1260,2021,5117,3699,4292
656,90,1161,2300,10537,7349,8415
657,2,6,0,0,0,0
658,0,0,0,0,0,0
659,0,0,0,0,0,0
660,0,0,0,0,0,0
661,0,0,0,0,0,0
662,0,0,0,0,0,0
663,176,9,68,45,68,75
664,0,0,3,3,3,2
665,32,14,4,7,14,14
666,0,36,15,85,40,82
667,0,0,9,6,17,14
668,4,2,8,10,6,8
669,2,0,0,14,5,9
670,0,3,0,73,4,2
671,0,0,0,4,0,0
672,1,6,1,13,10,9
673,0,0,0,0,0,0
674,0,6,0,2,1,2
675,0,0,0,0,0,0
676,0,0,0,0,0,0
677,0,0,25,0,0,0
678,0,0,0,0,0,0
679,14,0,3,1,2,2
680,0,0,0,0,0,0
681,79,0,0,0,0,0
682,0,0,0,0,0,0
683,0,0,0,0,0,0
684,0,0,0,0,0,0
685,0,0,0,0,0,0
686,0,1,4,3,4,4
687,80,24,49,7,2,3
688,0,8,4,4,2,5
689,282,29,1,4,1,1
690,0,0,0,0,0,0
691,0,0,0,0,0,0
692,0,0,0,0,0,0
693,0,0,0,0,0,0
694,5,0,3,21,17,1
695,0,0,0,1,1,1
696,0,0,0,0,0,0
697,0,0,0,0,0,0
698,0,0,0,0,0,0
699,0,0,0,0,0,0
700,0,0,0,0,0,0
701,0,0,0,1,1,1
702,0,0,0,0,0,0
703,0,0,0,0,0,0
704,0,1,1,0,1,0
705,0,0,0,0,0,0
706,0,0,1,0,0,0
707,0,0,0,0,0,0
708,0,0,0,0,0,0
709,0,0,0,0,0,0
710,0,0,0,0,0,0
711,0,0,0,2,2,2
712,0,0,0,0,0,0
713,0,4,0,0,1,0
714,0,1,0,4,2,4
715,0,0,0,0,0,0
716,0,0,0,0,0,0
717,27,37,12,11,9,10
718,0,0,1,0,0,0
719,0,0,0,0,0,0
720,0,0,0,0,0,0
721,0,0,0,0,0,0
722,0,0,0,0,0,0
723,8,6,11,6,9,4
724,0,0,1,0,1,1
725,0,1,1,2,1,1
726,565,0,177,354,232,230
727,0,0,0,0,0,0
728,0,0,0,0,0,0
729,0,0,1,0,0,0
730,0,0,0,0,0,0
731,2,0,1,1,1,1
732,0,0,0,0,0,0
733,0,0,3,3,5,4
734,0,0,0,0,0,0
735,11,1,3,12,24,19
736,0,0,3,8,11,10
737,0,0,1,0,1,1
738,13,3,5,1,1,1
739,0,0,2,1,1,1
740,0,0,0,0,0,0
741,0,0,0,0,0,0
742,0,1,0,0,0,0
743,0,0,0,0,0,0
744,0,0,0,0,0,0
745,0,0,0,0,0,0
746,0,2,0,0,0,0
747,0,0,0,0,0,0
748,0,0,0,0,0,0
749,13,1,48,119,86,84
750,0,4,2,2,1,1
751,0,0,0,0,0,0
752,0,0,0,0,0,0
753,0,0,0,0,0,0
754,0,0,0,0,0,0
755,0,0,0,0,0,0
756,1,2,1,1,1,1
757,1,1,0,0,0,0
758,0,6,3,20,32,28
759,0,0,0,0,0,0
760,0,0,0,0,0,0
761,0,0,0,0,0,0
762,0,0,0,0,0,0
763,0,0,0,0,0,0
764,1,10,5,5,1,1
765,0,0,0,18,16,17
766,0,0,0,0,0,0
767,0,0,0,0,0,0
768,0,0,0,0,0,0
769,0,0,0,0,0,0
770,0,2,0,1,1,1
771,0,35,0,0,0,0
772,4,5,85,75,143,158
773,0,0,0,0,0,0
774,0,0,0,0,0,0
775,0,0,0,0,0,0
776,0,0,0,0,0,0
777,0,0,0,0,0,0
778,10,4,1,2,1,1
779,2,1,14,8,5,8
780,1,10,2,1,1,1
781,40,7,110,92,95,127
782,5,6,13,19,13,14
783,0,1,0,0,0,0
784,0,0,0,0,0,0
785,3,0,0,0,0,0
786,3,0,2,0,0,0
787,2,1,6,4,3,4
788,2,0,1,1,1,1
789,0,0,16,30,41,40
790,0,0,0,0,0,0
791,0,0,0,0,0,0
792,0,0,0,0,0,0
793,0,0,0,0,0,0
794,6,0,6,3,0,0
795,0,0,0,0,0,0
796,0,0,1,0,0,0
797,4,1,10,13,15,17
798,0,0,0,0,0,0
799,0,0,0,0,0,0
800,0,0,0,0,0,0
801,0,0,0,0,0,0
802,0,0,0,0,0,0
803,0,0,0,0,0,0
804,1,0,0,0,0,0
805,0,0,0,0,0,0
806,0,0,0,0,0,0
807,0,35,186,288,324,331
808,0,0,0,2,4,3
809,0,0,0,0,1,1
810,0,0,0,0,0,0
811,0,0,0,0,0,0
812,0,0,0,0,0,0
813,0,0,0,0,0,0
814,0,0,0,0,0,0
815,2,0,26,1,2,3
816,0,0,0,0,0,0
817,0,0,0,0,0,0
818,1,1,0,0,0,0
819,2,90,59,43,48,42
820,1,0,0,0,0,0
821,0,0,0,0,0,0
822,0,2,1,2,1,1
823,0,1,0,1,1,1
824,0,0,0,0,0,0
825,0,2,2,2,2,2
826,0,0,0,0,0,0
827,15,106,38,49,58,34
828,3,0,3,9,8,5
829,56,5,27,1,0,1
830,0,0,0,0,0,0
831,9,25,7,1,2,2
832,0,0,0,0,0,0
833,0,1,3,5,5,5
834,0,41,156,161,181,177
835,2,1,11,4,4,3
836,0,28,13,6,1,4
837,0,0,0,0,0,0
838,0,0,0,0,0,0
839,0,0,0,0,0,0
840,0,0,0,0,0,0
841,0,0,1,2,2,1
842,0,8,42,53,42,45
843,0,0,0,0,0,0
844,0,0,0,0,0,0
845,0,0,9,2,0,1
846,0,0,0,0,0,0
847,0,0,0,0,0,0
848,0,0,0,0,0,0
849,0,0,0,0,0,0
850,0,1,0,0,0,0
851,0,0,0,0,0,0
852,0,0,0,0,0,0
853,0,0,0,0,0,0
854,0,0,0,0,0,0
855,0,1,0,0,0,0
856,0,0,0,0,0,0
857,0,0,0,0,0,1
858,0,0,0,0,0,0
859,0,0,0,0,0,0
860,0,0,0,0,0,0
861,0,0,0,0,0,0
862,0,0,0,0,0,0
863,7,0,0,1,1,1
864,0,0,0,1,1,1
865,0,0,0,0,0,0
866,0,1,1,1,1,1
867,0,0,0,2,2,2
868,0,11,0,0,0,0
869,0,0,0,3,2,3
870,0,0,0,0,0,0
871,0,0,0,0,0,0
872,0,0,0,0,0,0
873,0,0,0,0,0,0
874,1,6,2,6,4,4
875,2,0,8,0,1,1
876,1,5,38,11,7,10
877,3,0,49,10,13,19
878,0,0,1,2,2,2
879,0,0,0,0,0,0
880,0,0,0,1,1,1
881,1,0,2,2,2,3
882,0,0,0,0,0,0
883,0,0,0,0,0,0
884,0,0,0,0,0,0
885,592,244,188,267,209,219
886,425,340,240,224,185,206
887,537,491,223,308,323,353
888,0,0,0,0,0,0
889,0,1,2,2,3,2
890,0,0,1,0,0,0
891,0,24,8,5,11,5
892,0,0,0,0,0,0
893,0,0,0,0,0,0
894,0,0,0,0,0,0
895,0,0,0,0,0,0
896,0,0,0,0,0,0
897,0,3,1,0,0,0
898,0,1,1,0,0,0
899,0,0,0,0,0,0
900,0,0,0,0,0,0
901,0,0,0,0,0,0
902,0,0,0,0,0,0
903,0,0,3,3,3,3
904,0,1,0,1,0,0
905,0,0,4,1,4,4
906,0,0,0,0,0,0
907,0,0,0,0,0,0
908,0,0,0,0,0,0
909,0,0,0,0,0,0
910,1,7,0,1,3,7
911,4,33,14,13,21,23
912,0,0,0,0,0,0
913,1,0,3,0,0,0
914,0,0,0,0,0,0
915,0,0,1,1,1,1
916,0,0,0,21,40,41
917,1,2,0,0,0,0
918,4,5,11,8,4,4
919,0,2,13,4,6,5
920,0,0,0,0,0,0
921,1,0,0,0,0,0
922,0,0,0,0,0,0
923,0,0,0,0,0,0
924,0,0,0,0,0,0
925,0,0,0,3,1,1
926,0,1,0,0,0,0
927,0,0,0,0,0,0
928,533,738,816,1126,710,745
929,0,0,0,0,0,0
930,0,0,0,0,0,0
931,0,0,0,0,0,0
932,2,0,3,31,15,20
933,0,0,0,0,0,0
934,0,0,0,0,0,0
935,15,10,29,24,24,31
936,27,1,0,0,0,0
937,0,2,2,2,2,2
938,0,0,0,0,1,1
939,0,0,0,0,0,0
940,13,133,66,21,10,23
941,0,0,0,0,0,0
942,0,1,0,0,0,0
943,0,0,0,0,0,0
944,0,0,3,0,0,0
945,6,4,3,1,2,1
946,0,0,0,0,0,0
947,0,0,0,0,0,0
948,0,0,2,2,3,3
949,1,4,4,1,1,2
950,15,67,81,44,67,66
951,0,0,0,1,2,2
952,0,0,0,1,1,0
953,0,0,0,0,0,0
954,0,0,0,0,0,0
955,0,7,2,5,4,6
956,0,0,0,0,0,0
957,0,0,0,0,0,0
958,0,0,0,0,0,0
959,0,0,0,0,0,0
960,3,45,1,1,2,1
961,0,45,348,438,387,397
962,33,74,155,80,80,80
963,0,0,0,0,0,0
964,0,1,8,6,7,7
965,0,0,0,1,0,0
966,3,2,0,0,0,0
967,0,0,0,0,0,0
968,61,5,52,7,6,4
969,5,0,2,2,1,1
970,0,0,0,0,0,0
971,4,0,0,0,0,0
972,0,0,0,0,0,0
973,0,0,0,0,0,0
974,0,0,0,0,0,0
975,0,0,0,0,0,0
976,0,0,0,0,0,0
977,0,8,21,57,48,60
978,3,0,1,1,2,1
979,0,0,0,0,0,0
980,0,0,0,0,0,0
981,0,3,0,1,1,1
982,0,0,0,0,1,0
983,0,0,0,0,0,0
984,0,0,0,0,0,0
985,0,0,0,0,0,0
986,0,2,5,2,3,3
987,1,0,0,0,0,0
988,0,0,0,0,1,0
989,0,0,1,0,1,0
990,0,1,0,0,0,0
991,1,6,4,2,4,6
992,0,0,0,0,0,0
993,155,118,220,116,46,57
994,0,0,0,0,0,0
995,1,1,1,0,0,0
996,0,0,0,0,0,0
997,0,18,53,115,89,126
998,0,0,0,0,0,0
999,4840,13015,14899,14760,14801,14809
1000,0,1,5,14,13,15
1001,0,0,1,6,6,6
1002,8,0,3,3,4,2
1003,1,1531,119,2080,2813,2098
1004,49,62,235,95,99,129
1005,1,6,118,196,243,297
1006,3087,11907,7845,7948,9412,9578
1007,14,0,17,8,11,15
1008,0,0,0,0,0,0
1009,0,0,0,0,0,0
1010,0,0,0,0,0,0
1011,18,128,193,133,82,78
1012,18,3,14,16,22,21
1013,0,1,11,21,16,14
1014,0,0,0,0,0,0
1015,0,0,0,0,0,0
1016,0,0,0,0,0,0
1017,1,1,0,0,0,0
1018,67,19,4,25,8,24
1019,7,1,0,0,0,0
1020,0,0,0,1,1,1
1021,0,0,0,0,0,0
1022,0,0,0,0,0,0
1023,0,0,0,2,1,1
1024,0,0,0,0,0,0
1025,0,0,4,10,8,14
1026,0,0,0,0,0,0
1027,1,104,175,178,198,227
1028,0,0,2,2,0,1
1029,0,0,1,0,0,0
1030,0,0,0,0,0,0
1031,0,0,0,0,0,0
1032,0,0,0,0,0,0
1033,0,0,0,0,0,0
1034,0,0,0,0,0,0
1035,0,0,0,0,0,0
1036,0,0,0,0,2,1
1037,0,0,0,0,0,0
1038,0,0,0,0,0,0
1039,0,0,0,0,0,1
1040,0,0,0,0,0,0
1041,12,18,9,9,9,9
1042,0,0,0,1,1,1
1043,2,0,0,0,0,0
1044,4,2,2,19,19,23
1045,0,0,0,0,0,0
1046,0,0,0,0,0,0
1047,2,1,2,3,8,5
1048,101,23,3,5,5,4
1049,0,24,92,76,175,172
1050,0,0,0,0,0,0
1051,0,0,0,0,0,0
1052,0,0,0,0,0,0
1053,224,147,88,204,234,229
1054,0,0,0,0,0,0
1055,0,0,0,0,0,0
1056,0,0,0,0,0,0
1057,0,0,0,0,0,0
1058,0,0,0,0,0,0
1059,0,0,0,0,0,0
1060,58,142,90,74,47,51
1061,0,0,0,0,0,0
1062,0,0,0,0,0,0
1063,0,0,0,0,0,0
1064,0,0,0,0,0,0
1065,10748,5583,2784,6135,7508,8000
1066,0,3,1,0,0,0
1067,1482,289,578,325,278,241
1068,0,0,0,0,0,0
1069,0,0,1,0,1,1
1070,0,0,0,0,0,0
1071,0,0,0,0,0,0
1072,0,0,0,1,1,1
1073,0,0,0,0,0,0
1074,0,0,0,0,0,0
1075,0,2,1,0,0,0
1076,0,0,9,13,17,14
1077,0,1,0,1,3,2
1078,5,2,7,0,0,0
1079,0,7,1,4,12,8
1080,0,1,0,0,0,0
1081,0,0,0,0,0,0
1082,0,1,0,0,0,0
1083,0,1,0,1,0,0
1084,0,0,0,0,0,0
1085,6,2,0,1,1,1
1086,1,0,0,0,0,0
1087,0,0,0,0,0,0
1088,0,0,0,0,0,0
1089,0,0,0,0,0,0
1090,0,0,0,0,0,0
1091,0,0,0,0,0,0
1092,0,0,0,0,0,0
1093,0,0,0,0,0,0
1094,0,0,0,0,0,0
1095,0,0,0,0,0,0
1096,0,0,0,0,0,0
1097,0,0,1,5,3,3
1098,0,0,0,0,0,0
1099,0,0,0,0,0,0
1100,4,8,4,30,40,39
1101,4,3,0,0,0,0
1102,0,17,61,32,28,30
1103,0,7,67,54,103,72
1104,0,0,0,0,0,0
1105,0,0,0,0,0,0
1106,0,0,0,0,0,0
1107,18,0,0,0,0,0
1108,0,0,0,0,0,0
1109,0,0,0,0,0,0
1110,233,118,168,209,224,224
1111,0,1,0,4,5,4
1112,179,373,126,282,267,282
1113,0,0,0,0,0,0
1114,18,22,39,96,55,53
1115,4,0,0,0,0,0
1116,0,0,0,0,0,0
1117,0,0,0,0,0,0
1118,0,0,0,0,0,0
1119,0,0,0,0,0,0
1120,0,0,0,0,0,0
1121,0,0,0,0,0,0
1122,0,0,0,0,0,0
1123,0,0,0,0,1,1
1124,0,0,0,0,0,0
1125,0,0,0,0,0,0
1126,0,0,0,0,0,0
1127,0,18,1,4,1,1
1128,29,1,22,5,5,7
1129,73,27,54,10,15,17
1130,0,0,0,0,0,0
1131,0,0,0,0,0,0
1132,0,0,0,4,11,5
1133,0,0,2,0,0,0
1134,0,0,0,0,0,0
1135,0,0,0,0,0,0
1136,0,0,0,0,0,0
1137,0,0,0,0,0,0
1138,0,0,0,0,0,0
1139,0,0,0,0,0,0
1140,0,0,0,0,0,0
1141,0,0,0,0,0,0
1142,0,0,0,0,0,0
1143,0,0,0,0,0,0
1144,0,0,0,0,0,0
1145,0,0,0,0,0,0
1146,14,41,151,90,60,58
1147,1,107,273,183,167,184
1148,1,79,234,112,65,82
1149,578,546,357,528,543,498
1150,1,7,0,0,0,0
1151,0,0,0,0,0,0
1152,0,0,0,0,0,0
1153,0,0,0,0,0,0
1154,0,0,0,0,0,0
1155,0,3,23,26,23,33
1156,2327,3238,7429,6894,7580,6449
1157,0,0,11,16,15,24
1158,8,5,9,8,6,9
1159,6,1,18,8,6,6
1160,0,0,0,0,0,0
1161,3,4,4,16,9,11
1162,0,0,0,0,0,0
1163,0,0,0,0,0,0
1164,0,0,0,0,0,0
1165,0,0,0,0,1,0
1166,0,0,0,0,0,0
1167,0,0,11,8,11,9
1168,0,0,0,0,0,0
1169,36,218,138,62,143,212
1170,0,0,0,0,0,0
1171,1,0,5,0,0,0
1172,4,14,25,7,6,6
1173,0,1,0,0,0,0
1174,0,0,0,0,0,0
1175,0,0,0,0,0,0
1176,0,0,0,0,0,1
1177,0,0,0,8,3,6
1178,0,0,0,4,4,4
1179,0,0,1,1,1,1
1180,19,0,9,13,8,9
1181,6,6,31,17,18,16
1182,0,0,0,0,0,0
1183,0,0,0,0,0,0
1184,0,0,0,0,0,0
1185,0,0,0,0,0,0
1186,2,0,2,7,1,1
1187,0,0,0,0,0,0
1188,0,1,1,29,53,48
1189,0,0,1,5,9,6
1190,0,0,0,0,0,0
1191,0,0,0,0,0,0
1192,1,2,9,17,7,8
1193,1,0,7,12,8,8
1194,0,0,0,0,0,0
1195,0,0,0,0,0,0
1196,0,0,0,0,0,0
1197,0,0,0,0,0,0
1198,0,0,0,0,0,0
1199,0,0,0,0,0,0
1200,0,1,0,0,0,0
1201,17,6,3,2,6,3
1202,44,0,15,56,41,47
1203,0,0,0,0,0,0
1204,0,0,0,0,0,0
1205,0,0,0,0,0,0
1206,0,0,0,0,0,0
1207,0,0,0,0,0,0
1208,0,0,0,0,0,0
1209,0,0,0,0,0,0
1210,0,0,0,0,0,0
1211,0,0,0,0,0,0
1212,0,0,0,0,0,0
1213,0,0,0,0,0,0
1214,0,0,0,0,0,0
1215,0,0,0,0,0,0
1216,0,0,0,0,0,0
1217,0,0,0,0,0,0
1218,0,0,0,0,0,0
1219,0,0,0,0,0,0
1220,0,0,0,0,0,0
1221,0,0,0,0,0,0
1222,0,1,0,0,0,0
1223,0,0,0,1,0,0
1224,0,0,0,0,0,0
1225,0,0,0,0,0,0
1226,0,2,21,13,16,20
1227,0,0,0,0,0,0
1228,0,0,0,0,0,0
1229,0,0,0,0,0,0
1230,0,0,0,0,0,0
1231,0,0,0,0,0,0
1232,0,0,0,0,0,0
1233,0,0,0,0,0,0
1234,0,0,0,0,0,0
1235,0,0,0,0,0,0
1236,0,0,0,0,0,0
1237,0,0,0,0,0,0
1238,0,0,0,0,0,0
1239,0,0,0,0,0,0
1240,1429,4478,4652,6438,7429,7453
1241,0,0,0,0,0,0
1242,0,0,0,0,0,0
1243,2,2,0,0,0,0
1244,309,67,50,63,72,84
1245,4156,6353,3220,3471,3898,3539
1246,107,329,67,184,122,127
1247,93,37,38,25,19,23
1248,0,0,0,0,0,2
1249,1,0,8,12,11,11
1250,2,8,4,14,9,14
1251,1,0,10,1,3,3
1252,64,93,176,141,156,149
1253,0,0,0,0,0,0
1254,69,191,303,521,612,633
1255,578,94,606,980,885,829
1256,96,108,300,506,579,624
1257,2,8,21,5,8,8
1258,1,2,0,0,0,0
1259,16,46,105,305,316,350
1260,0,0,0,0,0,0
1261,0,0,5,2,5,4
1262,0,0,1,6,9,8
1263,0,0,0,0,0,0
1264,0,0,3,4,4,3
1265,0,0,0,0,0,0
1266,0,107,87,116,77,89
1267,1,0,0,0,0,0
1268,6,0,0,0,0,0
1269,0,0,0,0,0,0
1270,4,1,18,38,31,29
1271,0,50,28,60,42,34
1272,25,33,294,336,45,58
1273,1,2,2,6,6,4
1274,11,3,3,79,64,39
1275,0,0,0,0,0,0
1276,0,0,4,0,0,0
1277,0,0,0,0,0,0
1278,0,1,0,0,0,0
1279,1,0,0,0,0,0
1280,0,0,1,15,30,24
1281,29,57,93,32,70,85
1282,68,20,5,7,5,5
1283,9,25,5,3,1,1
1284,0,1,6,4,4,3
1285,0,0,2,2,0,0
1286,0,2,0,0,1,1
1287,1,0,0,1,0,0
1288,296,416,265,301,254,241
1289,0,0,0,2,0,0
1290,0,0,0,0,0,0
1291,0,0,0,0,0,0
1292,0,0,0,0,0,0
1293,0,1,0,1,1,1
1294,0,0,0,0,0,0
1295,0,1,0,2,0,0
1296,0,0,0,0,0,0
1297,0,0,0,0,0,0
1298,0,0,0,0,0,0
1299,18,1,0,0,0,0
1300,0,0,0,0,0,0
1301,0,0,0,0,1,1
1302,0,1,5,14,6,7
1303,0,0,0,0,0,0
1304,0,0,7,11,12,12
1305,0,0,0,0,0,0
1306,8,0,1,0,0,0
1307,0,0,0,0,0,0
1308,0,0,0,0,0,0
1309,0,3,1,1,1,2
1310,0,0,0,0,0,0
1311,0,0,0,0,0,0
1312,0,0,0,0,0,0
1313,0,0,0,0,0,0
1314,0,0,0,0,0,0
1315,0,0,0,0,0,0
1316,0,0,0,0,0,0
1317,0,0,0,0,0,0
1318,0,0,0,0,0,0
1319,0,0,0,0,0,0
1320,2,11,12,9,7,6
1321,0,0,0,0,0,0
1322,0,0,0,0,0,0
1323,0,0,0,0,0,0
1324,0,0,0,0,0,0
1325,0,0,0,0,0,0
1326,0,0,0,0,0,0
1327,0,0,0,0,0,0
1328,0,0,0,0,0,0
1329,2,42,12,5,2,2
1330,0,3,1,0,0,0
1331,0,0,0,0,0,0
1332,0,0,0,0,0,0
1333,0,1,1,3,8,8
1334,4,1,11,7,6,6
1335,37,76,269,90,66,95
1336,0,0,0,0,0,0
1337,0,0,0,0,0,0
1338,630,573,277,522,366,523
1339,0,0,0,0,0,0
1340,0,5,7,13,11,16
1341,0,0,0,0,0,0
1342,0,0,0,0,0,0
1343,49,17,25,75,75,72
1344,0,0,0,0,0,0
1345,0,0,0,0,0,0
1346,0,0,0,0,0,0
1347,11,71,100,147,92,163
1348,0,1,17,30,23,22
1349,0,0,0,0,0,0
1350,0,0,0,0,0,0
1351,13,0,5,0,0,0
1352,0,0,0,0,0,0
1353,0,1,1,1,2,2
1354,0,0,0,0,0,0
1355,0,9,17,14,17,20
1356,0,0,0,1,1,1
1357,0,0,0,0,0,0
1358,0,0,0,0,0,0
1359,0,0,0,0,0,0
1360,0,0,0,0,0,0
1361,0,3,1,0,0,0
1362,0,0,0,0,0,0
1363,0,0,0,0,0,0
1364,0,0,0,0,1,0
1365,0,0,0,0,0,0
1366,0,0,0,0,0,0
1367,17,7,3,11,12,12
1368,0,0,0,0,0,0
1369,0,0,0,0,0,0
1370,109,31,21,71,35,87
1371,0,0,0,0,0,0
1372,0,0,0,0,0,0
1373,0,0,0,0,0,0
1374,2,0,1,1,2,1
1375,0,0,0,0,0,0
1376,0,0,0,0,0,0
1377,0,0,0,0,0,0
1378,0,0,0,0,0,0
1379,0,0,0,0,0,0
1380,0,1,0,0,0,0
1381,62,0,3,12,14,14
1382,0,0,0,0,0,0
1383,0,0,0,0,0,0
1384,0,0,0,0,0,0
1385,0,0,0,0,0,0
1386,0,0,0,0,0,0
1387,0,0,0,0,0,0
1388,0,0,0,0,0,0
1389,3856,3206,2481,2456,2487,2441
1390,0,0,0,0,0,0
1391,0,0,0,0,0,1
1392,0,0,0,0,0,0
1393,0,0,0,0,0,0
1394,25,8,2,2,1,1
1395,0,0,0,0,0,0
1396,1,2,1,0,0,1
1397,2,0,0,1,0,1
1398,0,0,0,0,0,0
1399,0,0,0,0,0,0
1400,0,0,1,0,0,0
1401,0,0,0,1,1,1
1402,0,0,0,0,0,0
1403,0,0,2,2,2,2
1404,0,0,0,0,0,0
1405,0,0,0,0,0,0
1406,0,0,0,0,0,0
1407,0,0,0,0,0,0
1408,0,0,0,0,0,0
1409,0,0,0,0,0,0
1410,0,0,0,0,0,0
1411,1,0,0,0,0,0
1412,6,2,22,1,3,2
1413,11,2,7,3,4,4
1414,0,0,0,0,0,0
1415,0,0,0,0,0,0
1416,0,1,1,0,0,0
1417,0,0,0,0,0,0
1418,0,0,0,0,0,0
1419,0,0,0,0,0,0
1420,0,0,0,0,0,0
1421,0,0,0,0,0,0
1422,0,0,0,0,0,0
1423,0,0,0,0,0,0
1424,0,3,0,1,0,0
1425,0,0,0,0,0,0
1426,0,0,0,0,0,0
1427,7,0,1,6,4,5
1428,0,0,0,0,0,0
1429,0,0,0,0,0,3
1430,0,0,1,1,2,1
1431,0,0,0,2,0,1
1432,0,0,0,0,0,0
1433,0,0,0,0,0,0
1434,0,0,1,1,1,1
1435,0,0,0,0,0,0
1436,0,0,0,0,0,0
1437,0,0,0,0,0,0
1438,0,0,0,1,1,1
1439,0,0,0,0,0,0
1440,0,0,0,0,0,0
1441,0,0,0,0,0,0
1442,0,0,0,0,0,0
1443,0,0,0,0,0,0
1444,0,0,0,0,0,0
1445,0,0,0,0,0,0
1446,0,0,0,1,0,0
1447,0,0,0,0,0,0
1448,0,0,0,0,0,0
1449,18,19,30,119,88,79
1450,0,0,0,0,0,0
1451,10,77,125,369,170,212
1452,2,1,5,0,2,0
1453,0,0,0,0,0,0
1454,0,0,2,11,5,6
1455,4,5,6,58,20,15
1456,4,2,3,0,1,1
1457,0,0,0,0,0,0
1458,0,2,0,0,0,0
1459,0,0,0,1,1,1
1460,0,0,0,0,0,0
1461,0,0,0,0,0,0
1462,1,2,3,6,5,5
1463,0,0,36,0,0,0
1464,0,0,0,0,0,0
1465,0,0,2,0,0,0
1466,0,2,3,2,1,2
1467,0,0,0,0,0,0
1468,0,0,0,0,0,0
1469,5,1,7,11,34,27
1470,0,0,0,0,0,0
1471,0,0,0,0,0,0
1472,10,0,16,4,2,2
1473,0,0,0,0,0,0
1474,108,130,40,224,144,211
1475,0,0,0,1,0,0
1476,0,0,0,0,0,0
1477,0,3,2,18,8,9
1478,0,1,1,1,1,1
1479,26,253,26,59,21,30
1480,0,0,0,0,0,0
1481,0,0,0,0,0,0
1482,0,0,0,0,0,0
1483,150,1,0,0,0,0
1484,0,0,0,0,0,0
1485,0,0,0,0,0,0
1486,0,0,0,0,0,0
1487,0,0,0,0,0,0
1488,0,0,0,0,0,0
1489,0,0,0,0,0,0
1490,0,0,1,0,0,0
1491,7,1,10,16,38,34
1492,0,1,1,3,1,1
1493,0,0,0,0,0,0
1494,4,0,2,4,5,6
1495,3,5,5,9,6,10
1496,0,0,0,0,0,0
1497,0,0,0,0,0,0
1498,0,0,0,0,0,0
1499,0,0,0,0,0,0
1500,0,0,0,0,0,0
1501,1,0,0,0,0,0
1502,0,0,0,0,0,0
1503,0,0,0,0,0,0
1504,6,0,1,0,1,9
1505,0,10,2,5,9,9
1506,0,0,2,0,0,0
1507,0,1,0,0,0,0
1508,0,0,0,0,0,0
1509,0,0,0,0,0,0
1510,1,0,0,0,0,0
1511,0,0,0,0,0,0
1512,1,0,0,1,0,0
1513,1,2,1,6,2,1
1514,0,0,0,0,0,0
1515,0,0,0,0,0,0
1516,0,0,1,0,0,0
1517,0,0,0,0,0,0
1518,0,0,1,0,0,0
1519,0,0,0,0,0,0
1520,0,0,0,0,0,0
1521,0,0,0,0,0,0
1522,0,0,0,0,0,0
1523,0,0,0,0,0,0
1524,0,0,0,0,0,0
1525,0,0,0,0,0,0
1526,0,0,0,0,0,0
1527,0,0,0,0,0,0
1528,0,0,0,0,17,12
1529,0,0,0,0,0,0
1530,0,0,0,0,0,0
1531,0,0,0,0,0,0
1532,0,0,0,0,0,0
1533,475,379,228,137,133,127
1534,0,0,0,0,0,0
1535,0,0,0,1,12,8
1536,0,0,0,0,0,0
1537,0,0,0,0,0,0
1538,0,4,3,12,29,23
1539,9,23,5,4,3,3
1540,0,0,1,7,3,2
1541,0,0,0,0,0,0
1542,1,6,0,1,1,1
1543,0,0,0,0,1,0
1544,0,0,0,0,0,0
1545,0,0,0,0,0,0
1546,0,1,5,1,1,1
1547,551,155,120,49,66,73
1548,0,0,0,0,0,0
1549,0,0,0,0,0,0
1550,0,0,0,0,0,0
1551,0,0,0,0,0,0
1552,0,0,0,0,0,0
1553,0,0,0,0,0,0
1554,0,0,0,0,0,0
1555,0,0,0,0,0,0
1556,0,0,0,0,0,0
1557,0,0,0,0,0,0
1558,0,0,0,0,0,0
1559,0,0,0,0,0,0
1560,0,0,0,0,0,0
1561,0,0,0,0,0,0
1562,0,0,0,0,0,0
1563,0,0,1,0,0,0
1564,0,0,0,0,0,0
1565,0,5,0,2,2,0
1566,0,0,0,0,0,0
1567,0,0,0,0,0,0
1568,0,0,0,0,0,0
1569,0,0,0,0,0,0
1570,0,0,0,0,0,0
1571,0,0,0,0,0,0
1572,0,0,2,6,7,6
1573,0,0,0,0,0,0
1574,0,0,0,0,0,0
1575,0,0,0,0,0,0
1576,0,0,0,0,0,0
1577,14,17,5,17,18,20
1578,0,0,0,0,0,0
1579,0,18,41,20,26,27
1580,9,9,4,7,9,9
1581,11,1,9,8,8,7
1582,0,0,0,0,0,0
1583,0,0,0,0,0,0
1584,4,3,3,1,1,1
1585,0,0,0,0,0,0
1586,12,14,30,9,8,6
1587,0,0,0,0,0,0
1588,0,1,0,7,1,1
1589,2,0,0,30,25,14
1590,11,5,9,10,9,9
1591,0,1,7,0,0,0
1592,0,0,0,0,0,0
1593,0,0,0,0,0,0
1594,0,0,0,0,0,0
1595,0,0,0,0,0,0
1596,0,0,0,0,0,0
1597,0,0,0,0,0,0
1598,0,0,0,0,0,0
1599,0,0,0,0,0,0
1600,0,0,0,0,0,0
1601,0,0,0,0,0,0
1602,0,0,0,0,0,0
1603,0,0,0,0,0,0
1604,25,89,116,23,24,28
1605,0,0,0,0,0,0
1606,0,0,0,0,0,0
1607,0,0,0,0,0,0
1608,0,0,0,0,0,0
1609,0,4,0,9,1,0
1610,0,0,0,0,0,0
1611,0,0,0,0,0,0
1612,0,1,0,0,0,0
1613,0,0,0,0,0,0
1614,0,0,0,1,1,2
1615,0,0,0,0,0,0
1616,0,0,0,0,0,0
1617,0,0,0,0,0,0
1618,0,0,0,0,0,0
1619,0,1,0,0,0,0
1620,3,0,0,0,0,1
1621,0,0,0,0,0,0
1622,0,0,1,0,0,0
1623,0,0,0,0,0,0
1624,0,0,0,0,0,0
1625,18,3,9,4,4,4
1626,0,0,0,0,0,0
1627,0,0,0,0,0,0
1628,0,0,0,0,0,0
1629,0,0,0,0,0,0
1630,7,15,4,3,2,2
1631,0,0,0,0,0,0
1632,0,0,0,0,0,0
1633,0,0,0,0,0,0
1634,0,0,0,0,0,0
1635,0,3,8,30,10,10
1636,0,0,4,1,2,3
1637,0,0,0,0,0,0
1638,0,0,0,0,0,0
1639,99,81,45,60,94,98
1640,0,0,0,0,0,0
1641,0,0,1,2,3,1
1642,0,0,0,0,0,0
1643,0,0,1,0,0,0
1644,1,5,1,2,3,3
1645,0,0,0,0,0,0
1646,0,0,0,0,0,0
1647,0,1,3,1,0,0
1648,0,0,0,0,0,0
1649,0,0,0,0,0,0
1650,0,9,1,0,0,0
1651,0,0,0,0,0,0
1652,24,140,157,121,124,144
1653,0,0,0,0,0,0
1654,0,0,0,0,0,0
1655,0,0,0,0,0,0
1656,0,0,0,0,0,0
1657,0,0,0,0,0,0
1658,0,0,0,1,0,0
1659,7,3,0,0,0,0
1660,0,0,0,0,0,0
1661,0,0,0,0,0,0
1662,35,1,3,0,1,1
1663,0,0,0,0,0,0
1664,0,0,0,0,0,0
1665,0,2,12,20,22,25
1666,0,0,0,0,0,0
1667,0,0,0,0,0,0
1668,0,0,0,0,0,0
1669,0,0,0,0,0,0
1670,0,0,0,0,0,0
1671,0,0,0,0,0,0
1672,0,0,0,0,0,0
1673,0,0,5,1,11,10
1674,0,0,0,0,0,0
1675,0,0,0,0,0,0
1676,0,0,0,0,0,0
1677,0,1,0,0,0,0
1678,2,9,2,7,4,5
1679,1,167,99,109,136,86
1680,0,0,0,0,0,0
1681,0,0,0,0,0,0
1682,0,0,2,0,0,0
1683,0,0,0,0,0,0
1684,0,2,0,0,0,0
1685,0,0,0,0,0,0
1686,0,0,0,0,0,0
1687,0,0,0,0,0,0
1688,0,0,0,0,0,0
1689,3,0,0,0,0,0
1690,0,0,0,0,0,0
1691,0,0,0,0,0,0
1692,0,0,0,0,0,0
1693,0,0,0,0,0,0
1694,0,0,0,0,0,0
1695,0,0,0,1,0,0
1696,1,0,0,2,2,2
1697,0,0,0,0,0,0
1698,0,0,0,0,0,0
1699,2,0,0,0,0,0
1700,0,0,0,0,0,0
1701,1,8,0,3,0,0
1702,2,0,4,7,6,4
1703,0,0,0,0,0,0
1704,0,1,6,0,0,0
1705,0,0,0,0,0,0
1706,0,0,0,0,0,0
1707,0,0,0,0,0,0
1708,0,0,0,0,0,0
1709,0,0,1,0,0,0
1710,0,0,0,0,0,0
1711,0,0,0,0,0,0
1712,1,0,5,1,1,1
1713,0,0,0,0,0,0
1714,2,8,118,105,209,170
1715,0,0,0,0,0,0
1716,0,3,2,3,7,6
1717,0,2,0,1,1,0
1718,0,0,0,0,0,0
1719,2,1,0,1,1,1
1720,0,0,0,0,0,0
1721,1,0,0,0,0,0
1722,0,0,0,0,0,0
1723,0,0,4,5,4,4
1724,0,0,0,0,0,0
1725,1,24,37,67,81,72
1726,0,0,0,0,0,0
1727,0,6,2,19,18,18
1728,0,0,0,0,0,0
1729,0,1,0,0,0,0
1730,0,0,20,0,0,0
1731,0,0,0,0,0,0
1732,0,0,0,0,0,0
1733,0,0,0,0,0,0
1734,0,0,0,0,0,0
1735,0,0,0,0,0,0
1736,33,16,7,5,2,2
1737,0,0,0,0,0,0
1738,0,0,2,1,4,4
1739,0,0,2,0,1,1
1740,0,0,0,0,0,0
1741,0,0,0,0,0,0
1742,0,5,1,5,6,7
1743,0,0,0,0,0,0
1744,0,0,0,0,0,0
1745,4,53,36,66,54,56
1746,0,0,0,0,0,0
1747,0,1,0,0,0,0
1748,0,0,0,0,0,0
1749,0,2,3,9,8,9
1750,0,0,0,0,0,0
1751,1,0,3,13,16,16
1752,0,0,0,0,0,0
1753,0,1,4,3,2,0
1754,0,0,0,0,0,0
1755,0,0,1,2,5,4
1756,0,0,0,0,0,0
1757,26,14,274,115,251,234
1758,0,0,0,0,0,0
1759,0,0,0,0,0,0
1760,0,0,0,0,0,0
1761,0,0,0,6,15,16
1762,6,16,22,31,43,39
1763,0,1,1,3,0,0
1764,0,0,0,0,0,0
1765,0,0,0,0,0,0
1766,0,0,0,10,2,3
1767,7,30,9,2,4,4
1768,107,650,191,215,182,209
1769,0,0,0,13,13,14
1770,0,0,0,0,0,0
1771,0,0,0,0,0,0
1772,0,0,0,0,0,0
1773,37,41,103,34,21,17
1774,0,0,0,1,1,0
1775,0,0,0,0,0,0
1776,0,0,0,0,0,0
1777,0,0,0,0,0,0
1778,7,36,4,9,13,17
1779,0,0,1,3,2,2
1780,0,0,0,0,0,0
1781,0,0,0,0,0,0
1782,0,1,0,0,0,0
1783,0,0,0,0,0,0
1784,24,135,84,49,14,29
1785,0,0,0,0,0,0
1786,0,0,0,0,0,0
1787,0,0,0,0,0,0
1788,1,1,0,1,2,2
1789,0,0,0,0,0,0
1790,0,0,0,0,0,0
1791,1,0,0,0,0,0
1792,0,0,0,0,0,0
1793,14,0,18,12,18,20
1794,0,0,3,1,1,1
1795,2,2,3,14,3,1
1796,0,0,0,0,0,0
1797,0,9,60,18,18,15
1798,0,0,0,0,0,0
1799,0,0,0,0,0,0
1800,2,7,0,3,0,0
1801,4,6,1,1,0,0
1802,0,0,0,0,0,0
1803,3,5,7,1,2,3
1804,0,0,0,0,0,0
1805,2,0,0,2,2,1
1806,18,73,2,0,0,0
1807,1,1,0,0,0,0
1808,14,6,38,61,49,40
1809,0,1,0,2,0,0
1810,0,2,5,6,13,13
1811,0,0,0,0,0,0
1812,0,0,2,3,0,0
1813,0,8,4,12,13,13
1814,0,0,0,0,0,0
1815,9,0,1,0,0,0
1816,0,0,0,0,0,0
1817,0,0,0,0,0,0
1818,0,0,0,0,0,0
1819,0,0,0,0,0,0
1820,0,1,2,2,3,2
1821,0,1,2,0,0,0
1822,0,0,0,1,0,0
1823,0,0,1,4,3,2
1824,92,5,1,0,0,0
1825,0,0,0,0,0,0
1826,0,0,0,0,0,0
1827,0,0,0,0,0,0
1828,0,0,0,0,0,0
1829,0,0,0,0,0,0
1830,0,0,0,0,0,0
1831,0,3,1,0,0,0
1832,0,1,5,6,7,5
1833,0,0,0,0,0,0
1834,0,0,0,0,0,0
1835,2,4,3,1,0,4
1836,1,0,0,0,0,0
1837,0,0,0,0,0,0
1838,0,0,0,0,0,0
1839,0,0,0,8,3,1
1840,4,27,23,3,3,12
1841,0,0,0,0,0,0
1842,9,5,1,3,1,2
1843,0,0,1,0,0,0
1844,2,2,0,19,15,24
1845,3,0,0,0,0,0
1846,0,0,0,0,0,0
1847,201,159,152,111,201,232
1848,0,0,0,0,0,0
1849,0,0,0,0,0,0
1850,49,105,94,7,6,6
1851,0,2,11,24,26,25
1852,0,0,0,0,0,0
1853,15,1,0,1,1,0
1854,0,0,0,0,0,0
1855,0,0,0,0,0,0
1856,0,0,0,0,0,0
1857,0,0,0,0,0,0
1858,3,3,2,1,1,1
1859,0,1,0,0,0,0
1860,0,0,0,0,0,0
1861,1,0,0,0,0,0
1862,0,0,0,0,0,0
1863,0,0,0,0,0,0
1864,3,0,0,0,0,0
1865,0,0,0,0,0,0
1866,0,0,0,0,0,0
1867,0,2,1,10,13,17
1868,0,0,0,0,0,0
1869,0,0,0,0,0,0
1870,0,0,0,0,0,0
1871,0,0,0,0,0,0
1872,0,0,0,2,0,0
1873,0,7,7,3,4,4
1874,1,1,4,11,9,9
1875,0,0,0,0,0,0
1876,0,0,0,0,0,0
1877,0,0,0,0,0,0
1878,0,0,0,0,0,0
1879,0,0,0,0,0,0
1880,0,0,0,0,0,0
1881,0,0,0,0,0,0
1882,0,0,0,0,0,0
1883,0,0,0,0,0,0
1884,0,0,0,0,0,1
1885,0,0,0,2,3,2
1886,0,0,0,0,0,0
1887,0,0,0,0,0,0
1888,0,0,0,0,0,0
1889,2,1,1,0,0,0
1890,0,0,0,0,0,0
1891,0,0,0,0,0,0
1892,0,0,0,0,0,0
1893,0,0,0,0,0,0
1894,12,3,7,7,3,4
1895,0,0,0,0,0,0
1896,0,0,0,0,0,0
1897,0,0,0,0,0,0
1898,0,0,0,0,0,0
1899,0,0,1,0,0,0
1900,0,0,0,0,0,0
1901,0,0,0,0,0,0
1902,0,0,0,0,0,0
1903,0,0,0,0,0,0
1904,3,1,1,17,5,4
1905,5,37,22,22,19,16
1906,0,0,0,0,0,0
1907,0,0,0,0,0,0
1908,0,0,0,0,0,0
1909,0,1,0,0,0,0
1910,0,6,3,0,1,1
1911,0,0,0,0,0,0
1912,0,0,0,0,0,0
1913,0,0,0,0,0,0
1914,0,1,3,1,1,1
1915,2,0,0,0,0,0
1916,0,0,3,12,14,12
1917,0,0,2,0,0,0
1918,2,17,59,6,11,6
1919,0,0,0,0,0,0
1920,0,0,0,0,0,0
1921,0,0,0,0,0,0
1922,0,0,0,0,0,0
1923,0,0,0,0,0,0
1924,0,0,1,2,0,2
1925,0,0,0,0,0,0
1926,0,0,0,0,0,0
1927,0,0,0,0,0,0
1928,0,0,0,0,0,0
1929,0,0,3,1,0,0
1930,17,96,20,30,12,19
1931,0,0,0,0,0,0
1932,0,0,0,0,0,0
1933,15,35,135,7,24,32
1934,0,0,0,0,0,0
1935,0,0,0,0,0,0
1936,0,0,0,0,0,0
1937,0,54,216,113,128,146
1938,0,0,0,0,0,0
1939,0,0,0,0,0,0
1940,0,0,0,0,0,0
1941,0,0,0,0,0,0
1942,0,0,0,0,0,0
1943,0,0,0,0,0,0
1944,3,0,15,29,9,6
1945,0,4,1,0,3,4
1946,0,0,0,0,0,0
1947,0,0,0,0,0,0
1948,0,0,0,0,0,0
1949,0,0,0,0,0,0
1950,0,0,0,0,0,0
1951,0,0,0,0,0,0
1952,2,0,6,2,1,2
1953,0,0,0,0,0,0
1954,0,0,1,1,2,2
1955,6,5,13,26,13,16
1956,24,8,15,26,14,14
1957,0,17,4,0,0,0
1958,0,0,0,0,0,0
1959,0,0,0,0,0,0
1960,0,0,0,0,0,0
1961,0,1,4,0,2,2
1962,0,0,0,0,0,0
1963,0,0,0,0,0,0
1964,0,0,0,0,0,0
1965,0,0,0,0,0,0
1966,0,0,0,0,0,0
1967,1,1,26,25,28,25
1968,0,0,3,2,2,1
1969,0,7,9,6,6,6
1970,0,0,0,0,0,0
1971,0,0,0,0,0,0
1972,81,71,16,84,186,54
1973,0,0,0,0,0,0
1974,0,0,0,0,0,0
1975,0,0,0,0,0,0
1976,0,0,0,0,0,0
1977,0,0,0,0,0,0
1978,0,0,0,0,0,0
1979,1,5,1,8,8,9
1980,0,0,0,0,0,0
1981,0,13,3,9,10,8
1982,0,0,0,0,0,0
1983,0,0,0,0,0,0
1984,3,2,18,4,6,4
1985,0,0,0,0,0,0
1986,0,1,6,9,40,0
1987,0,1,5,13,10,10
1988,0,0,0,0,0,0
1989,0,0,0,0,0,0
1990,0,0,0,0,0,0
1991,0,2,0,2,2,2
1992,0,0,1,0,0,0
1993,0,0,0,0,0,0
1994,0,0,0,0,0,0
1995,0,0,0,0,0,0
1996,0,0,0,0,0,0
1997,0,0,0,0,0,0
1998,0,0,0,0,0,0
1999,0,0,0,0,0,0
2000,1,5,0,1,3,2
2001,0,1,0,0,0,0
2002,0,1,3,4,1,1
2003,0,0,0,0,0,0
2004,0,0,0,0,0,0
2005,0,0,0,0,0,0
2006,0,0,0,0,0,0
2007,0,0,0,0,0,0
2008,0,0,0,0,0,0
2009,0,0,0,0,0,0
2010,0,0,0,0,0,0
2011,0,0,0,0,0,0
2012,0,12,0,5,4,2
2013,0,0,0,0,0,0
2014,0,0,0,0,0,0
2015,1,4,0,0,0,0
2016,3,10,39,52,108,91
2017,0,0,0,0,0,0
2018,0,0,1,1,1,1
2019,0,0,0,0,0,0
2020,0,0,0,0,0,0
2021,0,0,0,0,0,0
2022,0,0,0,0,0,0
2023,0,0,0,0,0,0
2024,0,0,0,0,0,0
2025,0,0,1,1,10,4
2026,0,0,0,0,0,0
2027,1,1,0,0,0,0
2028,13,172,4,1,4,4
2029,3,33,4,7,6,7
2030,0,0,0,0,0,0
2031,0,0,0,0,0,0
2032,0,0,1,1,1,1
2033,1,0,2,5,4,6
2034,0,1,2,3,2,2
2035,0,0,0,0,0,0
2036,0,0,0,0,0,0
2037,0,0,0,0,0,0
2038,0,0,0,0,0,0
2039,0,0,0,0,0,0
2040,53,10,17,16,24,22
2041,0,0,0,0,0,0
2042,0,0,0,0,0,0
2043,0,0,0,0,0,1
2044,0,0,0,1,1,1
2045,0,0,0,0,0,0
2046,0,0,0,0,0,0
2047,69,4,3,11,9,6
2048,0,0,0,0,0,0
2049,0,0,0,0,0,0
2050,8,18,96,126,75,72
2051,0,0,0,0,0,0
2052,0,0,1,2,1,0
2053,0,0,0,0,0,0
2054,12,39,22,63,83,94
2055,0,0,0,0,0,0
2056,0,0,1,10,18,26
2057,0,0,0,0,0,0
2058,0,6,1,0,0,0
2059,0,0,0,0,0,0
2060,0,0,0,0,0,0
2061,0,0,0,0,0,0
2062,26,17,19,16,18,17
2063,0,0,0,0,0,0
2064,1,0,0,0,0,0
2065,0,0,0,0,0,0
2066,0,0,0,0,0,0
2067,0,0,0,0,0,0
2068,0,0,0,0,0,0
2069,0,0,0,0,0,0
2070,0,0,0,0,0,0
2071,0,0,1,0,0,0
2072,0,2,0,7,7,5
2073,0,0,0,0,0,0
2074,0,0,0,0,0,0
2075,1,0,1,0,0,0
2076,0,0,0,0,0,0
2077,0,0,1,0,2,3
2078,0,0,0,0,0,0
2079,0,0,0,0,0,0
2080,0,0,1,0,0,1
2081,0,0,0,0,0,0
2082,2,0,0,2,0,1
2083,0,0,0,0,0,0
2084,0,0,0,0,0,0
2085,0,0,1,2,2,2
2086,0,0,0,0,0,0
2087,2,2,6,9,11,10
2088,0,0,2,0,0,0
2089,5,0,3,4,4,4
2090,0,0,0,0,0,0
2091,0,0,0,2,0,0
2092,0,0,0,0,0,0
2093,0,0,0,0,0,0
2094,0,0,0,0,0,0
2095,0,0,0,0,0,0
2096,0,0,0,3,2,1
2097,1,3,0,1,0,0
2098,0,0,0,1,3,1
2099,0,0,0,0,0,0
2100,0,0,0,0,0,0
2101,0,0,0,0,0,0
2102,0,0,0,0,0,0
2103,0,0,1,0,0,0
2104,0,0,0,0,0,0
2105,0,0,5,0,0,0
2106,0,0,0,0,0,0
2107,0,0,0,0,0,0
2108,0,0,0,0,0,0
2109,2,19,28,32,25,38
2110,0,0,0,0,0,0
2111,0,0,0,0,0,0
2112,4,0,0,1,5,6
2113,0,0,0,0,0,0
2114,0,0,0,0,0,0
2115,0,0,0,0,0,0
2116,3,2,1,6,3,3
2117,0,0,0,0,0,0
2118,0,0,0,0,0,0
2119,0,0,0,0,0,0
2120,1,10,2,2,4,4
2121,0,0,0,0,0,0
2122,1,0,0,0,0,0
2123,0,0,0,0,0,0
2124,0,0,0,0,0,0
2125,0,0,0,2,2,2
2126,0,0,0,0,0,0
2127,1,0,1,0,0,0
2128,0,0,5,2,1,1
2129,0,0,0,0,0,0
2130,0,0,0,0,0,0
2131,0,0,0,0,0,0
2132,0,0,0,0,0,0
2133,0,0,0,0,0,0
2134,0,0,0,0,0,0
2135,0,0,0,0,0,0
2136,0,0,0,0,0,0
2137,0,0,0,0,0,0
2138,0,0,0,0,0,0
2139,0,0,0,0,0,0
2140,0,0,0,0,0,0
2141,0,0,0,0,0,0
2142,0,0,0,0,0,0
2143,0,0,0,0,0,0
2144,0,0,0,0,0,0
2145,4,142,18,20,38,40
2146,0,0,0,0,0,0
2147,0,0,0,0,1,3
2148,0,0,0,0,0,0
2149,1,5,8,1,1,1
2150,0,0,0,0,0,0
2151,0,0,0,0,0,0
2152,0,0,0,0,0,0
2153,0,0,0,0,0,0
2154,0,0,0,0,0,0
2155,40,187,39,64,61,59
2156,0,0,0,0,0,0
2157,0,0,2,5,2,8
2158,0,0,0,1,1,1
2159,0,15,5,2,5,7
2160,0,0,0,0,0,0
2161,0,2,5,2,4,5
2162,0,0,12,18,24,29
2163,0,0,0,0,0,0
2164,0,0,0,0,0,0
2165,1,0,0,0,1,1
2166,20,3,0,0,0,0
2167,0,0,2,1,0,0
2168,1,0,3,0,0,0
2169,1,0,0,0,0,0
2170,0,0,0,0,0,0
2171,0,0,0,0,0,0
2172,2,0,0,0,0,0
2173,1,16,0,0,0,0
2174,0,0,5,4,4,6
2175,345,482,441,598,438,474
2176,0,4,1,1,0,1
2177,1,0,0,0,2,1
2178,0,0,0,0,0,0
2179,0,0,0,0,0,0
2180,0,0,0,0,0,0
2181,0,0,1,3,3,3
2182,0,0,0,1,0,0
2183,0,0,0,0,0,0
2184,1,0,0,0,0,0
2185,0,11,3,1,1,1
2186,1,1,0,0,0,0
2187,0,0,0,0,0,0
2188,467,418,409,1284,1116,1379
2189,0,0,0,0,0,0
2190,0,0,0,0,0,0
2191,0,0,0,0,0,0
2192,0,0,0,0,0,0
2193,0,0,0,0,0,0
2194,0,0,0,0,0,0
2195,0,0,0,0,0,0
2196,1,72,49,171,42,42
2197,0,0,0,0,0,0
2198,0,21,4,2,4,8
2199,0,0,0,0,0,0
2200,0,0,0,0,0,0
2201,6,5,55,62,19,17
2202,0,0,0,0,0,0
2203,0,0,0,0,0,0
2204,0,6,50,20,26,28
2205,0,0,0,0,0,0
2206,215,6,116,147,98,97
2207,0,0,0,0,0,0
2208,0,0,0,0,0,0
2209,0,0,0,0,0,0
2210,0,0,0,0,0,0
2211,0,0,0,0,0,0
2212,0,0,0,0,0,0
2213,0,0,5,2,1,2
2214,0,0,0,0,0,0
2215,0,0,0,0,0,0
2216,0,0,0,0,0,0
2217,14,9,2,6,3,4
2218,0,0,0,0,0,0
2219,0,0,0,0,0,0
2220,0,0,0,0,0,0
2221,0,0,3,1,3,0
2222,0,0,0,0,0,0
2223,0,0,0,0,0,0
2224,0,0,0,0,0,0
2225,0,0,9,1,1,1
2226,0,20,0,0,0,0
2227,0,0,0,0,0,0
2228,0,0,0,0,0,0
2229,0,0,0,0,0,0
2230,0,0,1,1,1,1
2231,0,0,1,0,1,1
2232,0,0,0,0,0,0
2233,0,0,0,0,0,0
2234,0,0,0,0,0,0
2235,0,0,0,0,0,0
2236,0,0,0,0,0,0
2237,0,0,0,0,0,0
2238,0,0,0,0,0,0
2239,0,0,4,5,8,7
2240,50,121,88,107,80,62
2241,0,0,0,0,0,0
2242,0,0,0,0,0,0
2243,0,0,0,0,0,0
2244,0,0,0,0,0,0
2245,0,0,0,0,0,0
2246,0,0,0,0,0,0
2247,0,0,0,0,0,0
2248,0,0,0,0,0,0
2249,0,0,0,0,0,0
2250,0,0,0,0,0,0
2251,0,0,0,0,0,0
2252,0,2,10,4,11,6
2253,0,4,6,9,8,8
2254,4,1,0,0,1,1
2255,0,0,0,0,0,0
2256,0,0,7,1,1,1
2257,0,0,0,0,0,0
2258,0,0,0,0,0,0
2259,0,1,0,0,0,0
2260,0,0,0,1,1,1
2261,0,0,0,0,0,0
2262,0,0,0,0,0,0
2263,0,0,0,0,0,0
2264,0,0,1,0,0,0
2265,1,13,6,5,10,11
2266,1,19,6,7,6,7
2267,0,6,0,0,0,0
2268,0,0,0,0,0,0
2269,0,1,0,0,0,0
2270,1,2,7,7,11,8
2271,0,0,0,0,0,0
2272,0,0,0,1,1,1
2273,0,0,0,0,0,0
2274,0,0,0,0,0,0
2275,0,0,0,0,0,0
2276,0,0,0,2,2,2
2277,0,0,4,0,0,0
2278,0,0,0,0,0,0
2279,0,0,0,1,1,3
2280,0,0,0,0,0,0
2281,0,1,0,1,0,0
2282,1,1,0,1,1,0
2283,0,0,0,0,0,0
2284,0,0,0,0,0,0
2285,0,0,11,2,4,3
2286,0,0,0,0,0,0
2287,94,190,150,298,251,191
2288,0,0,0,5,3,9
2289,0,0,0,0,0,0
2290,0,0,0,1,1,1
2291,0,0,0,0,0,0
2292,0,0,0,0,0,0
2293,0,0,0,0,0,0
2294,0,0,0,0,0,0
2295,1,0,0,0,0,0
2296,0,0,0,0,0,0
2297,0,0,0,0,0,0
2298,0,0,0,3,2,3
2299,0,0,0,0,0,0
2300,0,0,1,1,4,6
2301,0,0,0,0,0,0
2302,0,0,0,0,0,0
2303,2,8,1,1,0,2
2304,0,0,3,3,5,5
2305,0,0,0,0,0,0
2306,0,0,0,0,0,0
2307,0,0,0,0,0,0
2308,0,0,0,0,0,0
2309,0,0,8,12,18,19
2310,0,0,0,0,0,0
2311,0,0,0,0,0,0
2312,0,0,0,0,0,0
2313,0,0,2,5,2,3
2314,0,0,0,0,0,0
2315,0,0,0,0,0,0
2316,0,0,0,0,0,0
2317,0,0,5,2,0,0
2318,3,2,0,0,0,0
2319,0,0,0,0,0,0
2320,0,0,0,0,0,0
2321,0,0,1,0,0,0
2322,0,5,0,1,1,1
2323,0,0,0,0,0,0
2324,0,0,0,0,0,0
2325,1,2,4,2,7,4
2326,0,0,0,0,0,0
2327,0,0,0,0,0,0
2328,3,56,2,0,3,1
2329,0,0,0,0,0,0
2330,0,0,0,0,0,0
2331,0,0,0,0,0,0
2332,0,0,0,0,0,0
2333,0,1,0,9,4,5
2334,0,0,0,0,0,0
2335,0,0,1,3,3,5
2336,0,0,0,0,0,0
2337,0,0,0,0,0,0
2338,0,0,0,0,0,0
2339,0,0,0,0,0,0
2340,0,0,0,0,0,0
2341,0,0,0,0,0,0
2342,43,8,9,7,13,12
2343,0,0,0,0,0,0
2344,0,0,0,0,0,0
2345,0,1,0,2,1,1
2346,0,0,0,0,0,0
2347,0,0,0,0,0,0
2348,5,1,1,0,0,0
2349,0,0,0,0,0,0
2350,0,0,0,0,0,0
2351,33,33,18,42,73,62
2352,3,19,10,70,46,29
2353,7,1,1,1,1,1
2354,0,0,0,0,0,0
2355,0,0,0,0,0,0
2356,0,0,0,0,0,0
2357,0,1,2,13,7,7
2358,0,1,0,0,0,0
2359,2,2,3,1,2,3
2360,659,746,1185,730,751,736
2361,0,0,0,0,0,0
2362,0,0,0,6,4,2
2363,0,0,0,0,0,0
2364,0,0,0,0,0,0
2365,0,0,3,1,6,5
2366,0,0,0,0,0,0
2367,0,0,0,0,0,1
2368,1,0,0,0,0,0
2369,0,1,5,2,1,1
2370,0,0,3,9,6,5
2371,0,0,0,0,0,0
2372,0,0,0,0,0,0
2373,1047,482,595,516,696,677
2374,0,0,0,0,0,0
2375,1,0,0,0,0,0
2376,0,0,0,0,0,0
2377,0,0,8,97,80,93
2378,0,0,0,0,0,0
2379,0,0,1,0,1,1
2380,0,4,7,10,3,4
2381,0,0,0,0,0,0
2382,0,0,2,0,0,0
2383,0,0,0,0,0,0
2384,0,0,0,0,0,0
2385,0,0,0,0,0,0
2386,0,0,0,0,0,0
2387,1,17,2,1,1,1
2388,0,0,0,2,5,6
2389,355,0,2,25,19,23
2390,0,0,0,0,0,0
2391,0,0,0,0,0,0
2392,0,0,0,0,0,0
2393,0,0,0,0,0,0
2394,0,0,0,0,0,0
2395,0,0,0,0,0,0
2396,0,0,0,0,0,0
2397,0,0,0,0,0,0
2398,0,0,0,0,0,0
2399,0,2,5,4,8,9
2400,7,2,14,9,6,8
2401,0,0,0,0,0,0
2402,0,0,0,0,0,0
2403,0,0,0,0,1,1
2404,0,0,0,1,0,0
2405,0,0,1,2,4,3
2406,0,0,0,0,0,0
2407,0,0,0,0,0,0
2408,0,0,0,0,0,0
2409,0,0,0,0,0,0
2410,0,0,0,0,0,0
2411,0,0,0,0,0,0
2412,0,0,7,1,1,1
2413,3,2,1,4,5,6
2414,0,2,3,0,0,0
2415,19,25,51,65,36,28
2416,0,0,0,0,0,0
2417,0,0,0,1,0,0
2418,0,0,0,0,0,0
2419,0,0,0,0,0,0
2420,0,0,0,0,0,0
2421,0,0,0,0,0,0
2422,97,28,51,38,24,15
2423,0,0,0,0,0,0
2424,0,0,0,0,0,0
2425,0,0,0,0,0,0
2426,0,0,0,0,0,0
2427,0,0,0,0,0,0
2428,64,64,153,102,191,138
2429,0,0,0,0,0,0
2430,0,0,0,0,0,0
2431,0,0,0,0,0,0
2432,0,0,0,0,0,0
2433,0,0,0,0,0,0
2434,0,0,0,0,0,0
2435,0,0,9,2,2,2
2436,0,0,0,0,0,0
2437,0,4,0,0,0,0
2438,0,0,0,0,0,0
2439,106,12,7,9,23,21
2440,0,0,0,0,0,0
2441,0,0,0,0,0,0
2442,0,0,0,0,0,0
2443,0,1,3,2,2,3
2444,0,0,0,0,0,0
2445,0,0,0,0,0,0
2446,0,1,1,1,1,0
2447,0,0,0,0,0,0
2448,9,0,0,36,16,10
2449,0,0,0,0,0,0
2450,4,2,7,1,6,2
2451,0,0,0,0,0,0
2452,0,0,0,0,0,0
2453,0,0,0,0,0,0
2454,0,0,2,9,9,8
2455,0,0,0,0,0,0
2456,0,0,0,0,0,0
2457,4,0,0,0,0,0
2458,0,0,0,0,0,0
2459,0,0,0,0,0,0
2460,0,0,0,0,0,0
2461,0,0,0,0,0,0
2462,0,0,0,0,0,0
2463,0,0,0,0,0,0
2464,0,0,0,0,0,0
2465,0,0,0,0,0,0
2466,0,0,0,0,0,0
2467,0,0,0,0,0,0
2468,0,0,0,0,0,0
2469,0,0,0,0,0,0
2470,0,0,0,0,0,0
2471,0,1,1,0,0,0
2472,0,0,0,0,0,0
2473,3,1,0,1,2,4
2474,0,0,0,0,0,0
2475,0,0,0,0,0,0
2476,0,0,0,0,0,0
2477,0,0,0,0,0,0
2478,0,0,21,26,22,23
2479,0,0,1,0,2,0
2480,0,8,14,20,9,6
2481,0,0,0,0,0,0
2482,0,0,0,0,0,0
2483,0,0,0,0,0,0
2484,0,0,0,0,0,0
2485,0,0,0,0,0,0
2486,0,0,0,0,0,0
2487,6,33,25,53,72,58
2488,1,0,0,0,0,0
2489,0,0,0,0,0,0
2490,0,10,1,6,6,3
2491,0,0,0,0,0,0
2492,0,0,0,0,0,0
2493,2,1,3,1,2,1
2494,0,1,14,4,13,8
2495,0,0,0,0,0,0
2496,0,0,0,0,0,0
2497,0,0,0,0,0,0
2498,0,0,0,0,0,0
2499,0,0,0,0,0,0
2500,0,4,15,19,28,31
2501,0,1,4,3,2,2
2502,0,0,0,0,0,0
2503,0,0,0,0,0,0
2504,0,0,0,0,0,0
2505,1,0,0,1,0,0
2506,0,0,0,0,1,1
2507,0,0,0,0,0,0
2508,0,0,0,0,0,0
2509,0,0,0,0,0,0
2510,0,0,0,0,0,0
2511,0,0,0,0,0,0
2512,1,0,0,0,0,0
2513,0,0,0,0,0,0
2514,0,0,0,0,0,0
2515,35,124,65,103,101,107
2516,13,0,2,45,38,34
2517,0,7,24,9,2,3
2518,0,0,0,0,0,0
2519,0,0,0,0,0,0
2520,0,0,0,0,0,0
2521,0,0,0,0,0,0
2522,0,0,0,0,1,0
2523,0,0,0,0,0,0
2524,0,0,0,0,0,0
2525,0,0,0,0,0,0
2526,0,0,0,0,0,0
2527,0,0,0,0,0,0
2528,0,0,0,0,0,0
2529,0,0,0,0,0,0
2530,0,0,0,0,0,0
2531,0,0,0,0,0,0
2532,0,0,0,0,0,0
2533,0,0,0,1,0,0
2534,7,1,14,17,14,15
2535,0,0,0,0,0,0
2536,0,0,0,0,0,0
2537,0,0,2,0,0,0
2538,0,0,0,0,0,0
2539,0,0,0,0,0,0
2540,0,0,0,0,0,0
2541,0,1,0,0,0,0
2542,1,0,0,0,0,0
2543,0,0,0,0,0,0
2544,0,0,0,0,0,0
2545,0,0,0,0,0,0
2546,0,0,6,2,1,1
2547,1,0,1,1,1,1
2548,0,0,0,0,0,0
2549,0,0,0,0,0,0
2550,0,0,0,0,0,0
2551,0,0,0,1,0,0
2552,0,0,0,1,1,0
2553,0,0,0,0,0,0
2554,0,0,0,0,0,0
2555,0,0,0,0,0,0
2556,0,0,0,0,0,0
2557,0,0,0,0,0,0
2558,1,0,0,0,0,0
2559,0,0,0,0,0,0
2560,0,0,0,0,0,0
2561,0,0,0,1,0,0
2562,0,0,0,0,2,1
2563,0,0,0,0,0,0
2564,0,0,0,0,0,0
2565,0,0,5,3,2,1
2566,0,0,0,0,0,0
2567,0,0,0,0,0,0
2568,0,0,0,0,0,0
2569,0,0,0,0,0,0
2570,0,0,0,5,9,9
2571,0,0,0,0,0,0
2572,0,3,0,3,1,3
2573,0,0,0,0,0,0
2574,0,0,0,0,0,0
2575,0,0,0,0,0,0
2576,0,0,0,0,0,0
2577,0,0,0,0,0,0
2578,0,0,0,0,0,0
2579,0,0,0,0,0,0
2580,0,0,0,0,0,0
2581,0,0,0,0,0,0
2582,1,2,0,0,1,0
2583,0,1,3,0,2,1
2584,0,0,0,0,0,0
2585,0,0,20,9,17,15
2586,0,0,0,0,0,0
2587,0,0,0,0,0,0
2588,0,2,1,0,0,0
2589,0,0,0,0,0,0
2590,0,0,0,0,0,0
2591,0,0,0,0,0,0
2592,5,1,0,0,0,0
2593,0,0,1,0,0,0
2594,0,0,0,0,0,0
2595,3,0,1,0,0,0
2596,0,0,0,0,1,0
2597,0,0,0,0,0,0
2598,0,0,0,0,0,0
2599,0,0,0,0,0,0
2600,0,0,0,0,0,0
2601,0,0,0,0,0,0
2602,0,0,0,0,0,0
2603,46,425,158,491,341,396
2604,0,1,1,12,11,8
2605,0,0,0,0,0,0
2606,0,1,1,1,1,1
2607,0,0,0,0,0,0
2608,0,0,0,0,0,0
2609,0,0,0,0,0,0
2610,64,29,76,14,11,14
2611,0,0,0,0,0,0
2612,0,0,0,0,0,0
2613,0,0,0,0,0,0
2614,0,0,0,0,0,0
2615,0,57,62,125,106,115
2616,30,26,16,35,46,50
2617,0,0,0,0,0,0
2618,0,0,0,0,0,0
2619,0,0,0,0,0,0
2620,0,0,20,1,1,5
2621,0,0,0,1,0,0
2622,0,0,0,0,0,0
2623,0,0,0,0,0,0
2624,0,0,0,0,0,0
2625,0,0,0,0,0,0
2626,0,0,0,0,0,0
2627,0,0,0,0,0,0
2628,0,0,0,1,1,1
2629,0,0,0,0,0,0
2630,2,13,0,3,5,2
2631,0,0,0,0,0,0
2632,41,81,825,882,1035,1137
2633,0,0,0,0,0,0
2634,0,0,0,0,0,0
2635,4,0,0,1,0,0
2636,0,0,0,0,0,0
2637,2,0,2,1,1,1
2638,2,5,5,14,16,18
2639,0,0,0,0,0,0
2640,0,2,22,110,117,146
2641,0,0,0,0,0,0
2642,117,57,44,49,24,21
2643,0,1,0,0,0,0
2644,7,184,89,107,98,102
2645,0,17,14,7,17,16
2646,0,0,0,0,0,0
2647,0,0,0,0,0,0
2648,0,0,0,0,0,0
2649,0,0,0,1,1,1
2650,0,5,1,1,1,1
2651,0,0,0,0,0,0
2652,0,0,0,0,0,0
2653,1,0,1,5,7,6
2654,4,0,0,0,0,0
2655,0,0,0,0,0,1
2656,0,0,0,0,0,0
2657,0,0,9,12,6,6
2658,0,0,0,0,0,0
2659,0,0,0,0,0,0
2660,0,0,0,0,0,0
2661,0,0,0,0,0,0
2662,0,6,1,0,0,0
2663,3,0,4,2,0,0
2664,1,0,0,10,10,10
2665,0,6,40,22,36,38
2666,0,0,0,0,0,0
2667,0,0,0,0,0,0
2668,0,0,0,0,0,0
2669,0,0,0,0,0,0
2670,0,0,0,0,0,0
2671,0,0,0,0,0,0
2672,0,0,0,0,0,0
2673,0,6,19,9,7,13
2674,0,1,0,1,1,1
2675,0,0,0,0,0,0
2676,0,0,0,0,0,0
2677,0,0,0,0,0,0
2678,0,0,0,0,0,0
2679,0,0,0,0,0,0
2680,0,0,0,0,0,0
2681,0,0,0,0,0,0
2682,0,0,0,0,0,0
2683,0,0,0,0,0,0
2684,247,645,850,1249,1286,1493
2685,0,0,0,0,0,0
2686,0,0,0,0,0,0
2687,0,0,0,0,0,0
2688,0,0,0,0,0,0
2689,0,0,0,0,0,0
2690,0,0,1,0,0,0
2691,0,0,0,0,0,0
2692,0,0,0,0,0,0
2693,0,0,0,0,0,0
2694,0,0,0,0,0,0
2695,0,0,4,3,2,1
2696,0,0,0,0,0,0
2697,0,0,0,0,0,0
2698,0,0,0,1,1,1
2699,0,0,0,0,0,0
2700,0,0,0,1,1,1
2701,0,0,0,0,0,0
2702,72,136,159,261,211,241
2703,0,0,0,0,0,0
2704,0,0,0,0,0,0
2705,6,1,2,5,4,2
2706,0,0,1,0,0,1
2707,0,0,0,0,0,0
2708,0,0,0,2,1,1
2709,0,0,0,0,0,0
2710,0,0,0,0,0,0
2711,1,0,2,3,3,2
2712,0,0,1,1,1,1
2713,0,0,0,0,0,0
2714,0,4,43,19,17,13
2715,0,0,0,0,0,0
2716,0,9,2,35,26,19
2717,0,0,0,0,0,0
2718,0,0,4,0,0,0
2719,0,0,0,0,0,0
2720,6,22,1,5,2,3
2721,0,1,1,1,1,1
2722,0,0,1,1,1,1
2723,0,0,0,0,0,0
2724,15,0,0,1,0,0
2725,2,0,1,0,0,0
2726,0,0,0,0,0,0
2727,0,0,0,1,1,1
2728,102,0,0,0,0,0
2729,0,0,0,0,0,0
2730,0,0,0,0,0,0
2731,0,0,0,0,0,0
2732,0,0,2,0,1,1
2733,22,0,2,2,4,2
2734,0,0,0,0,0,0
2735,0,0,0,0,0,0
2736,8,5,8,30,19,18
2737,1,2,0,0,0,0
2738,0,0,1,0,0,1
2739,7,0,2,0,0,0
2740,0,0,0,0,0,0
2741,0,0,0,0,0,0
2742,0,0,0,0,0,0
2743,0,0,0,0,0,0
2744,4,0,0,0,0,0
2745,0,0,0,0,0,0
2746,0,0,0,0,0,0
2747,0,0,0,0,0,0
2748,0,0,0,0,0,0
2749,0,0,0,0,0,0
2750,0,0,0,2,1,1
2751,2,0,0,0,0,0
2752,0,0,0,0,0,0
2753,0,0,0,0,0,0
2754,0,0,0,0,0,0
2755,0,0,0,0,0,0
2756,0,0,0,8,10,9
2757,0,0,0,0,0,0
2758,0,0,0,0,0,0
2759,0,10,9,27,25,21
2760,0,0,0,0,0,0
2761,0,0,0,0,0,0
2762,0,0,0,0,0,0
2763,0,1,0,0,0,0
2764,0,0,0,0,0,0
2765,2,0,0,0,0,0
2766,0,0,0,0,0,0
2767,0,0,0,0,0,0
2768,41,585,502,622,551,542
2769,0,0,0,0,0,0
2770,0,0,0,0,0,0
2771,39,16,108,79,66,43
2772,0,0,0,0,1,0
2773,0,0,0,0,0,0
2774,0,0,0,0,0,0
2775,0,0,0,0,0,0
2776,0,0,0,0,0,0
2777,0,0,0,0,0,0
2778,0,0,0,0,0,0
2779,0,0,0,0,0,0
2780,0,0,0,0,0,0
2781,0,0,2,2,3,2
2782,0,0,0,0,0,0
2783,0,0,0,0,0,0
2784,0,1,1,1,0,1
2785,0,0,0,0,0,0
2786,0,0,0,0,0,0
2787,0,0,0,0,0,0
2788,0,0,0,0,0,0
2789,0,0,0,0,0,0
2790,1,7,13,34,37,32
2791,0,5,13,8,9,7
2792,0,0,0,0,0,0
2793,0,0,0,0,0,0
2794,0,0,1,2,3,3
2795,0,0,0,0,0,0
2796,0,0,0,0,0,0
2797,0,0,0,0,0,0
2798,0,0,0,0,0,0
2799,0,0,0,0,0,0
2800,0,0,0,0,0,0
2801,15,19,5,0,3,4
2802,0,19,15,27,34,38
2803,0,0,0,0,0,0
2804,0,0,0,0,0,0
2805,0,0,0,0,0,0
2806,59,0,2,8,7,7
2807,0,0,0,0,0,0
2808,0,0,0,0,0,0
2809,1,0,0,0,0,0
2810,0,0,0,0,0,0
2811,0,3,1,1,0,0
2812,0,0,1,0,0,0
2813,0,0,0,0,0,0
2814,1,0,0,0,2,3
2815,0,0,0,0,0,0
2816,0,0,0,14,3,3
2817,0,0,0,0,0,0
2818,0,0,0,0,0,0
2819,0,0,0,0,0,0
2820,0,0,2,13,6,9
2821,0,0,0,0,0,0
2822,5,2,0,0,0,0
2823,0,0,0,0,0,0
2824,5,0,0,5,7,5
2825,0,0,0,0,0,0
2826,0,0,0,0,0,0
2827,0,0,0,0,0,0
2828,0,0,0,0,0,0
2829,0,0,0,0,0,0
2830,0,0,0,0,0,0
2831,0,0,0,5,0,0
2832,0,0,0,0,0,0
2833,0,0,0,0,0,0
2834,0,0,0,0,0,0
2835,0,0,0,0,0,0
2836,0,0,0,0,0,0
2837,0,0,1,0,0,0
2838,0,1,0,0,0,0
2839,0,0,0,0,0,0
2840,0,0,0,1,0,0
2841,2,0,0,0,0,0
2842,0,0,0,0,0,0
2843,0,2,0,5,3,2
2844,0,0,0,0,0,0
2845,0,0,0,0,1,0
2846,0,0,0,0,0,0
2847,0,0,0,0,2,1
2848,0,0,0,0,0,0
2849,0,1,0,0,0,0
2850,0,0,4,0,0,0
2851,0,0,0,0,0,0
2852,0,2,2,1,1,1
2853,0,0,0,0,0,0
2854,2,0,1,1,0,1
2855,0,2,1,2,1,1
2856,0,0,0,0,0,0
2857,0,0,0,0,0,0
2858,0,0,0,0,0,0
2859,0,0,0,0,0,0
2860,0,0,0,0,0,0
2861,0,0,0,0,0,0
2862,0,1,0,0,0,0
2863,0,0,0,0,0,0
2864,1,8,51,17,6,7
2865,0,1,1,0,1,1
2866,0,0,0,0,0,0
2867,0,0,0,0,0,0
2868,0,1,83,55,27,18
2869,0,0,1,18,14,13
2870,0,0,0,0,0,0
2871,0,0,0,0,0,0
2872,0,0,19,23,14,14
2873,0,0,0,0,0,0
2874,0,0,0,0,0,0
2875,0,0,0,0,2,1
2876,0,0,0,0,0,0
2877,0,0,0,0,0,0
2878,0,0,0,0,0,0
2879,0,0,0,0,0,0
2880,0,1,1,0,0,0
2881,0,0,0,0,0,0
2882,0,0,0,0,0,0
2883,0,13,9,8,21,8
2884,0,1,5,1,0,0
2885,0,0,0,0,0,0
2886,0,0,0,0,0,0
2887,0,2,0,0,0,0
2888,1,0,1,2,0,1
2889,0,0,0,0,0,0
2890,0,0,0,0,0,0
2891,3,0,3,4,2,1
2892,0,0,0,0,0,0
2893,25,74,858,930,780,640
2894,0,0,0,0,0,0
2895,0,0,0,0,0,0
2896,0,1,0,0,0,0
2897,0,0,0,0,0,0
2898,0,0,0,0,0,0
2899,1,0,0,0,0,0
2900,0,0,0,0,0,0
2901,0,0,0,0,0,0
2902,0,0,0,0,0,0
2903,0,0,0,0,0,0
2904,0,0,0,0,0,0
2905,1,4,1,2,9,5
2906,38,228,34,74,88,86
2907,0,0,0,0,0,0
2908,0,0,0,0,0,0
2909,8,5,41,31,17,26
2910,0,0,0,0,0,0
2911,0,0,0,1,2,2
2912,0,0,0,0,0,0
2913,0,0,0,0,0,0
2914,0,0,0,0,0,0
2915,0,0,0,0,0,0
2916,0,0,0,0,0,0
2917,0,0,0,0,0,0
2918,0,0,0,0,0,0
2919,0,0,0,0,0,0
2920,0,0,0,0,0,0
2921,1,0,0,0,0,0
2922,0,0,0,0,0,0
2923,0,0,0,0,0,0
2924,17,10,17,24,27,27
2925,0,1,0,1,0,1
2926,0,0,0,0,0,0
2927,0,0,0,0,0,0
2928,0,0,0,0,0,0
2929,0,0,0,0,0,0
2930,0,0,0,0,0,0
2931,0,0,0,0,0,0
2932,0,5,17,22,47,53
2933,0,0,1,0,0,0
2934,7,49,15,190,179,134
2935,82,90,217,243,181,182
2936,0,0,0,0,0,0
2937,0,0,0,0,0,0
2938,0,0,0,0,0,0
2939,0,0,0,0,0,0
2940,0,1,6,2,2,5
2941,0,0,0,0,0,0
2942,0,1,0,0,0,0
2943,0,0,0,0,0,0
2944,0,0,2,6,7,8
2945,0,0,0,0,0,0
2946,0,0,0,0,0,0
2947,0,0,0,0,0,0
2948,0,0,0,0,0,0
2949,0,0,0,0,0,0
2950,0,0,0,0,0,0
2951,0,0,0,0,0,0
2952,1,0,0,1,3,2
2953,0,0,0,0,0,0
2954,0,0,0,0,0,0
2955,0,0,0,0,0,0
2956,0,0,0,0,0,0
2957,2,25,16,41,31,23
2958,0,1,0,0,1,0
2959,2,0,2,3,3,2
2960,0,0,6,0,0,0
2961,2,0,0,0,0,0
2962,1,12,14,11,18,15
2963,0,0,0,0,0,0
2964,0,0,8,1,1,1
2965,0,0,0,0,0,0
2966,0,0,0,0,0,0
2967,0,5,1,3,1,2
2968,0,0,0,0,0,0
2969,0,0,0,0,0,0
2970,0,0,0,0,0,0
2971,0,0,0,0,0,0
2972,0,0,0,0,0,0
2973,0,24,3,20,36,52
2974,0,0,0,0,0,0
2975,0,1,0,0,0,0
2976,0,0,0,0,0,0
2977,0,2,4,8,10,8
2978,0,0,0,0,0,0
2979,0,1,0,0,0,0
2980,0,0,3,0,1,4
2981,0,0,0,0,0,0
2982,0,0,0,0,0,0
2983,646,456,230,249,169,223
2984,0,0,0,0,0,0
2985,0,0,0,2,1,1
2986,0,0,0,0,0,0
2987,0,0,0,0,0,0
2988,31,142,94,145,135,136
2989,0,1,1,0,0,0
2990,0,0,0,0,0,0
2991,0,0,0,0,0,0
2992,0,0,0,0,0,0
2993,0,0,0,0,0,0
2994,2,0,0,0,0,0
2995,3,2,4,1,1,1
2996,0,0,0,0,0,0
2997,0,0,2,5,2,2
2998,0,0,0,3,2,2
2999,0,0,0,0,0,0
3000,0,0,0,0,0,0
3001,0,0,0,0,0,0
3002,0,0,0,0,0,0
3003,10,0,0,1,1,1
3004,0,0,0,0,0,0
3005,0,0,0,1,1,2
3006,0,0,0,0,0,0
3007,0,0,0,0,0,0
3008,0,0,0,3,1,1
3009,0,0,0,0,0,0
3010,0,7,1,8,3,0
3011,0,1,7,1,9,7
3012,0,0,0,0,0,0
3013,0,0,0,0,0,0
3014,0,0,0,0,0,0
3015,0,0,0,0,0,0
3016,0,0,0,0,0,0
3017,0,7,10,10,0,0
3018,0,0,1,2,3,3
3019,0,0,0,0,0,0
3020,0,1,1,1,3,3
3021,0,0,0,0,0,0
3022,0,0,0,0,0,0
3023,0,0,0,0,0,0
3024,0,0,0,0,0,0
3025,0,0,0,0,0,0
3026,0,0,2,0,0,0
3027,0,2,7,5,3,5
3028,0,0,0,0,0,0
3029,0,0,0,0,0,0
3030,4,1,14,5,4,4
3031,0,0,0,0,0,0
3032,0,0,0,0,2,2
3033,0,0,0,0,0,0
3034,0,0,0,0,0,0
3035,0,0,0,0,0,0
3036,0,0,0,0,0,0
3037,1,0,0,2,2,3
3038,1,2,8,7,10,7
3039,0,0,0,0,0,0
3040,0,0,0,0,0,0
3041,10,19,7,13,15,13
3042,7,0,2,17,8,7
3043,0,0,0,0,0,0
3044,0,0,2,10,12,12
3045,0,0,0,0,0,0
3046,0,0,0,0,0,0
3047,0,0,0,0,0,0
3048,0,0,0,0,0,0
3049,0,0,0,0,0,0
3050,0,0,0,0,0,0
3051,0,0,0,0,0,0
3052,68,58,143,166,175,164
3053,0,0,0,0,0,0
3054,0,0,0,0,0,0
3055,0,0,0,0,0,0
3056,0,0,0,0,0,0
3057,0,0,3,2,2,2
3058,0,0,0,0,0,0
3059,0,0,0,0,0,0
3060,0,0,0,0,0,0
3061,0,0,0,0,0,0
3062,0,1,1,16,1,1
3063,0,0,0,0,0,0
3064,0,0,0,0,0,0
3065,0,0,0,0,0,0
3066,0,0,0,1,1,1
3067,14,13,27,44,43,27
3068,4,1,0,0,0,0
3069,0,0,0,0,0,0
3070,0,1,5,2,4,9
3071,0,0,0,0,0,0
3072,0,0,0,0,0,0
3073,17,44,40,52,61,65
3074,0,0,8,15,14,15
3075,0,0,0,0,0,0
3076,0,0,0,0,0,0
3077,0,0,2,2,9,10
3078,0,0,0,0,0,0
3079,0,0,0,0,0,0
3080,316,262,226,117,141,146
3081,0,0,0,0,0,0
3082,0,0,0,0,0,0
3083,0,0,1,0,0,0
3084,0,0,0,0,0,0
3085,0,0,0,0,0,0
3086,0,0,0,0,0,0
3087,0,0,0,0,0,0
3088,0,0,0,0,0,0
3089,0,0,0,0,0,0
3090,0,0,2,0,0,0
3091,0,1,0,0,0,0
3092,0,0,0,0,0,0
3093,0,0,0,0,0,0
3094,0,0,0,0,0,0
3095,0,0,0,0,0,0
3096,0,0,0,0,0,0
3097,0,2,0,0,0,0
3098,0,0,1,1,1,1
3099,0,0,0,0,0,0
3100,0,0,0,0,0,0
3101,0,4,8,6,9,9
3102,0,1,0,0,0,0
3103,0,0,0,0,0,0
3104,0,0,1,0,0,1
3105,0,0,0,0,0,0
3106,0,0,0,0,0,0
3107,0,0,0,0,0,0
3108,0,0,0,0,0,0
3109,0,0,0,0,0,0
3110,0,0,0,0,0,0
3111,3,1,0,0,0,0
3112,0,1,0,1,0,0
3113,0,0,0,0,0,0
3114,60,90,375,670,888,966
3115,0,0,0,0,0,0
3116,0,0,2,0,0,0
3117,0,0,0,0,0,0
3118,499,1998,4313,1725,1806,2014
3119,2,40,238,146,132,161
3120,0,5,13,11,26,22
3121,0,0,0,0,0,0
3122,0,0,2,1,2,2
3123,0,0,0,0,0,0
3124,0,0,0,0,0,0
3125,1,8,0,1,0,0
3126,0,0,0,0,0,0
3127,0,0,0,0,0,0
3128,0,0,0,0,0,0
3129,4,11,39,105,62,49
3130,3,0,1,0,0,0
3131,0,0,0,0,0,0
3132,0,0,0,0,0,0
3133,0,0,0,0,0,0
3134,0,0,0,1,2,2
3135,0,0,2,1,0,0
3136,0,0,0,0,0,0
3137,0,0,0,0,0,0
3138,0,0,0,0,0,0
3139,3,1,10,7,6,6
3140,0,0,0,0,0,0
3141,0,0,0,0,0,0
3142,0,0,0,0,0,0
3143,0,0,0,0,0,0
3144,0,0,0,0,0,0
3145,0,0,0,0,0,0
3146,0,1,0,1,1,1
3147,0,0,0,0,0,0
3148,0,0,0,0,0,0
3149,0,0,0,1,1,1
3150,0,0,0,0,0,0
3151,0,0,0,0,0,0
3152,0,0,0,0,0,0
3153,0,0,0,0,0,0
3154,0,0,0,0,0,0
3155,0,0,0,0,0,0
3156,0,0,0,0,0,0
3157,0,0,0,0,0,0
3158,0,0,0,0,0,0
3159,4,6,2,9,6,9
3160,0,0,1,1,1,1
3161,0,0,0,0,0,0
3162,0,0,0,0,0,0
3163,0,2,0,0,0,0
3164,0,0,0,0,0,0
3165,0,0,0,0,0,0
3166,0,0,0,0,0,0
3167,0,0,0,0,0,0
3168,0,1,67,92,107,80
3169,0,0,0,0,0,0
3170,4,1,0,1,0,0
3171,0,0,0,1,0,0
3172,0,3,0,0,0,0
3173,2,0,0,0,0,0
3174,0,0,0,0,0,0
3175,68,3,92,63,56,65
3176,0,0,0,0,0,0
3177,0,0,0,0,0,0
3178,0,0,0,0,0,0
3179,0,3,9,6,6,6
3180,0,0,0,1,3,0
3181,0,0,0,0,0,0
3182,0,0,0,0,0,0
3183,1,0,0,0,0,0
3184,0,2,0,0,0,0
3185,0,0,0,0,0,0
3186,0,0,0,0,0,0
3187,0,0,0,0,0,0
3188,0,0,0,0,0,0
3189,0,0,6,6,4,7
3190,0,0,1,1,1,1
3191,0,0,0,0,0,0
3192,15,94,21,24,26,24
3193,0,0,0,0,0,0
3194,52,178,349,203,232,266
3195,0,0,0,1,0,2
3196,3,0,1,1,1,0
3197,0,0,0,0,0,1
3198,0,0,0,0,0,0
3199,0,0,0,0,0,0
3200,0,0,0,0,0,0
3201,0,1,1,0,0,0
3202,2,0,3,3,2,3
3203,0,0,0,0,0,0
3204,0,0,2,1,0,0
3205,0,0,0,0,0,0
3206,0,0,0,0,0,0
3207,0,0,0,0,0,0
3208,0,0,0,0,0,0
3209,0,0,0,0,0,0
3210,0,3,6,15,19,11
3211,0,0,0,0,0,0
3212,176,0,0,1,0,0
3213,0,2,0,0,0,0
3214,0,2,0,0,0,0
3215,3,3,8,3,2,0
3216,0,0,0,0,0,0
3217,0,0,0,0,0,0
3218,0,0,0,0,0,0
3219,0,0,0,0,0,0
3220,0,0,0,0,0,0
3221,0,0,0,0,0,0
3222,1,0,0,0,1,0
3223,0,0,0,0,0,0
3224,0,0,0,0,0,0
3225,0,0,2,0,0,0
3226,0,7,0,0,0,0
3227,0,0,0,3,0,1
3228,38,100,201,380,375,334
3229,0,0,0,0,0,0
3230,0,0,0,0,0,0
3231,0,0,0,0,0,0
3232,0,0,0,0,0,0
3233,0,0,0,0,1,0
3234,0,0,0,0,0,0
3235,0,0,0,0,0,0
3236,1,18,36,63,63,70
3237,0,0,1,0,0,0
3238,0,0,0,0,0,0
3239,0,0,0,0,0,0
3240,0,0,1,3,4,4
3241,5,0,10,0,4,4
3242,0,0,0,0,0,0
3243,0,0,5,1,1,1
3244,0,0,0,0,0,0
3245,1,4,53,73,116,84
3246,0,0,0,0,0,0
3247,0,0,1,1,1,0
3248,0,0,0,0,0,0
3249,0,0,0,0,0,0
3250,0,0,0,0,0,0
3251,0,0,0,0,0,0
3252,0,0,0,0,0,0
3253,0,0,0,0,0,0
3254,2,18,38,37,73,69
3255,0,0,0,0,0,0
3256,0,0,0,0,0,0
3257,94,126,66,52,52,53
3258,0,1,1,1,1,1
3259,0,0,0,0,0,0
3260,0,0,0,0,0,0
3261,11,3,1,5,3,4
3262,0,0,0,0,1,0
3263,0,0,0,0,0,0
3264,0,0,0,0,0,0
3265,0,0,0,0,0,0
3266,0,2,6,1,3,4
3267,0,0,0,0,0,0
3268,0,0,0,0,0,0
3269,0,0,0,0,0,0
3270,0,29,18,40,40,40
3271,0,0,0,0,0,0
3272,0,0,0,0,0,0
3273,0,0,0,0,0,0
3274,0,0,0,0,0,0
3275,0,0,0,0,0,0
3276,0,0,0,0,0,0
3277,0,0,0,0,0,0
3278,0,0,0,0,0,0
3279,0,1,1,1,1,1
3280,0,0,0,0,0,0
3281,0,0,0,0,0,0
3282,0,0,0,0,0,0
3283,0,0,0,0,0,0
3284,0,0,0,0,0,0
3285,440,1089,264,151,308,227
3286,0,0,0,0,0,0
3287,0,0,0,0,0,0
3288,6,7,39,45,45,44
3289,0,0,0,4,3,3
3290,0,0,0,0,0,0
3291,0,0,0,0,0,0
3292,0,0,0,1,1,1
3293,128,62,124,93,69,93
3294,0,0,0,0,0,0
3295,0,0,0,0,0,0
3296,1,2,0,0,0,0
3297,0,1,1,12,19,12
3298,0,0,0,0,0,0
3299,0,0,0,0,0,0
3300,0,0,0,0,1,1
3301,0,0,0,0,0,0
3302,0,1,18,26,16,18
3303,0,0,0,0,0,0
3304,3,0,22,8,14,13
3305,0,0,0,1,1,1
3306,0,1,0,4,2,2
3307,0,0,0,0,0,0
3308,0,0,1,0,2,1
3309,0,0,0,0,0,0
3310,0,0,1,16,11,12
3311,0,0,0,0,0,0
3312,466,63,131,210,206,197
3313,0,0,0,0,0,0
3314,0,0,0,0,0,0
3315,1,0,1,1,2,2
3316,0,1,13,12,17,17
3317,0,0,0,0,0,0
3318,0,0,0,0,0,0
3319,0,0,0,0,0,0
3320,2,0,0,3,2,2
3321,23,14,85,108,112,93
3322,0,0,0,0,0,0
3323,0,0,1,1,1,1
3324,0,0,0,0,0,0
3325,0,0,0,0,0,0
3326,1,0,0,0,0,0
3327,0,0,0,0,0,0
3328,0,0,0,0,0,0
3329,0,0,0,0,0,0
3330,0,0,0,0,0,0
3331,0,0,0,0,0,0
3332,0,1,0,2,2,3
3333,0,1,0,0,0,0
3334,0,0,0,0,0,0
3335,0,2,4,0,0,0
3336,0,0,0,0,0,0
3337,11,8,5,5,7,9
3338,0,0,0,0,0,0
3339,0,21,15,64,52,41
3340,0,0,0,0,0,0
3341,0,0,0,0,0,0
3342,0,0,0,0,0,0
3343,0,0,0,0,0,0
3344,0,0,0,0,0,0
3345,0,0,0,0,0,0
3346,0,0,0,0,1,1
3347,0,0,0,0,0,0
3348,0,0,0,0,0,0
3349,0,0,0,0,0,0
3350,0,0,0,1,1,1
3351,0,0,0,0,0,0
3352,0,0,0,0,0,0
3353,1,0,0,0,0,0
3354,0,0,0,0,0,0
3355,0,0,0,0,0,0
3356,80,72,40,82,54,54
3357,0,0,0,0,1,2
3358,0,0,0,0,0,0
3359,0,0,0,0,0,0
3360,0,0,0,0,2,1
3361,0,0,0,2,1,2
3362,0,0,0,0,0,0
3363,0,0,0,0,0,0
3364,0,0,0,0,0,0
3365,0,0,0,0,0,0
3366,0,0,0,0,0,0
3367,26,23,0,1,1,1
3368,0,0,0,0,0,0
3369,62,62,94,93,56,51
3370,2,5,0,0,0,0
3371,0,0,0,1,0,1
3372,9,0,6,0,4,3
3373,0,3,4,0,0,0
3374,0,0,0,0,0,0
3375,0,15,18,29,40,42
3376,0,0,0,0,0,0
3377,0,0,0,0,0,0
3378,0,0,0,0,0,0
3379,0,0,0,0,0,0
3380,0,0,0,0,0,0
3381,24,9,13,3,4,5
3382,0,0,0,0,0,0
3383,0,0,1,1,1,1
3384,132,2,14,16,15,15
3385,0,0,0,0,0,0
3386,0,0,0,0,0,0
3387,0,0,0,0,0,0
3388,0,23,10,6,25,25
3389,0,0,0,0,0,0
3390,1,2,0,1,1,1
3391,0,0,1,0,0,0
3392,0,0,0,0,0,0
3393,0,0,0,0,0,0
3394,29,3,2,7,4,6
3395,0,0,0,0,0,0
3396,0,0,1,0,0,1
3397,0,0,0,0,0,0
3398,9,9,1,2,2,2
3399,0,0,0,1,2,3
3400,0,0,0,0,0,0
3401,0,0,0,0,0,0
3402,0,0,0,0,0,2
3403,17,52,171,80,101,85
3404,0,0,0,0,0,0
3405,4,1,7,0,0,0
3406,0,0,0,0,0,0
3407,0,0,0,0,0,0
3408,0,0,0,0,0,0
3409,0,0,0,0,0,0
3410,0,0,0,0,0,0
3411,0,7,24,31,29,34
3412,0,0,0,0,0,0
3413,58,86,67,124,96,96
3414,5,8,11,9,6,6
3415,0,0,0,0,0,0
3416,0,0,0,0,0,0
3417,7,255,128,183,213,226
3418,0,0,0,0,0,0
3419,0,1,0,1,1,1
3420,0,0,0,0,0,0
3421,15,137,0,1,0,0
3422,0,0,0,0,0,0
3423,0,0,0,0,0,0
3424,0,1,4,3,2,2
3425,0,0,0,0,0,0
3426,17,0,0,0,0,0
3427,0,0,1,1,0,0
3428,1,6,1,24,17,17
3429,15,15,57,20,40,45
3430,0,0,2,12,12,14
3431,0,0,0,0,0,0
3432,0,0,0,30,8,6
3433,16,12,9,17,17,12
3434,0,0,0,0,0,0
3435,0,0,0,0,0,0
3436,0,0,0,17,1,2
3437,0,0,0,0,0,0
3438,0,0,0,0,0,0
3439,0,0,0,0,0,0
3440,0,0,0,3,1,1
3441,0,0,0,0,0,0
3442,0,0,0,0,0,0
3443,0,0,0,0,0,0
3444,1,0,2,4,4,7
3445,0,0,0,0,0,0
3446,1,0,0,0,1,1
3447,0,0,0,0,0,0
3448,0,0,0,0,0,0
3449,1,1,0,2,1,1
3450,0,0,0,0,0,0
3451,0,0,0,0,0,0
3452,0,0,0,0,0,0
3453,0,0,0,0,0,0
3454,0,0,0,0,0,0
3455,0,0,0,0,0,0
3456,0,6,1,6,0,1
3457,0,0,0,0,0,0
3458,0,0,0,0,0,0
3459,0,0,21,1,4,4
3460,0,0,0,0,0,0
3461,0,0,0,0,0,0
3462,0,0,0,0,0,0
3463,0,0,0,0,0,0
3464,0,0,12,5,4,4
3465,0,0,0,0,0,0
3466,0,0,0,0,0,0
3467,1,0,0,1,0,0
3468,0,0,0,0,0,0
3469,0,0,0,0,0,0
3470,0,0,0,0,0,0
3471,0,0,0,0,0,0
3472,0,0,0,0,0,0
3473,0,0,0,0,0,0
3474,0,1,0,3,2,2
3475,1,0,0,0,0,0
3476,0,0,0,0,0,0
3477,0,0,0,0,0,0
3478,0,0,0,0,0,0
3479,0,0,0,0,0,0
3480,0,0,0,0,0,0
3481,0,8,22,2,1,7
3482,0,0,0,0,0,0
3483,0,0,0,0,0,0
3484,0,0,0,0,0,0
3485,0,0,0,0,0,0
3486,0,0,0,0,0,0
3487,7,0,0,0,0,0
3488,1,0,0,0,0,0
3489,0,0,0,0,0,0
3490,0,0,0,0,0,0
3491,0,0,0,1,3,3
3492,0,0,0,0,0,0
3493,0,2,0,0,0,0
3494,4,43,235,178,164,154
3495,0,0,0,7,10,9
3496,0,0,0,0,0,0
3497,0,0,2,1,5,4
3498,0,0,1,1,1,1
3499,0,0,0,0,0,0
3500,0,0,0,0,0,0
3501,0,0,0,0,0,0
3502,0,0,0,0,0,0
3503,0,0,0,0,0,0
3504,0,0,0,0,0,0
3505,0,0,0,0,0,0
3506,0,0,0,0,0,0
3507,3,8,1,2,2,2
3508,0,0,0,0,0,0
3509,0,0,0,0,0,0
3510,0,0,0,0,0,0
3511,0,0,0,2,0,0
3512,0,0,0,0,1,1
3513,63,8,6,69,20,30
3514,502,501,387,510,446,461
3515,0,0,0,0,0,0
3516,0,0,0,0,0,0
3517,2,4,4,4,7,7
3518,0,0,0,0,0,0
3519,0,0,0,0,0,0
3520,0,0,0,0,0,0
3521,199,84,128,196,170,115
3522,0,0,0,1,2,2
3523,0,0,0,0,0,0
3524,0,0,0,0,0,0
3525,0,0,0,0,0,0
3526,0,0,0,0,0,0
3527,0,1,2,5,7,7
3528,0,0,1,0,0,0
3529,0,0,0,0,0,0
3530,0,0,0,2,5,4
3531,0,0,0,0,0,0
3532,0,0,0,0,0,0
3533,0,0,0,0,0,0
3534,0,0,0,0,0,0
3535,0,0,0,0,0,0
3536,0,0,1,3,7,4
3537,0,0,0,0,0,0
3538,0,0,0,0,0,0
3539,0,0,0,0,0,0
3540,0,0,0,0,0,0
3541,0,0,0,1,1,0
3542,0,1,0,0,0,0
3543,0,0,0,0,0,0
3544,0,0,0,0,0,0
3545,0,0,0,0,0,0
3546,0,0,0,0,0,0
3547,0,0,0,2,2,2
3548,0,0,0,0,0,0
3549,0,1,2,0,1,2
3550,0,0,0,0,0,0
3551,0,0,0,0,0,0
3552,0,0,19,1,2,2
3553,17,161,144,186,242,237
3554,0,1,6,6,2,3
3555,0,0,0,0,0,0
3556,0,0,0,0,0,0
3557,0,0,0,0,0,0
3558,4,10,16,2,2,4
3559,1,21,15,3,9,5
3560,0,0,0,0,0,0
3561,1,0,3,7,5,5
3562,0,0,0,0,0,0
3563,0,0,0,0,0,0
3564,0,4,2,4,5,5
3565,0,0,0,0,0,0
3566,4,0,0,2,0,1
3567,0,0,0,0,0,0
3568,0,0,0,0,0,0
3569,0,0,0,0,0,0
3570,0,0,0,0,0,0
3571,3,0,1,1,2,1
3572,0,0,0,0,0,0
3573,0,5,6,14,12,10
3574,0,0,4,3,4,3
3575,0,0,0,0,0,0
3576,0,0,0,0,0,0
3577,0,0,0,1,0,0
3578,0,0,0,0,0,0
3579,172,135,43,39,35,40
3580,0,6,1,1,1,1
3581,0,0,0,0,0,0
3582,0,0,0,0,0,0
3583,0,0,0,1,0,0
3584,0,0,0,0,0,0
3585,0,0,0,0,0,0
3586,0,0,0,0,0,0
3587,0,0,0,0,0,0
3588,0,0,0,0,0,0
3589,0,0,0,0,0,0
3590,2,2,7,0,0,0
3591,0,0,0,0,0,0
3592,0,0,0,0,0,0
3593,0,0,0,0,0,0
3594,25,19,0,11,7,7
3595,0,21,35,55,83,74
3596,0,0,0,0,0,0
3597,0,0,0,0,0,0
3598,0,0,0,0,0,0
3599,3,5,1,21,24,30
3600,0,0,0,0,0,0
3601,0,0,0,0,0,0
3602,1,29,254,168,211,213
3603,0,1,0,0,0,0
3604,0,0,0,0,0,0
3605,2,0,1,0,0,0
3606,0,0,0,0,0,0
3607,0,0,0,0,1,1
3608,0,0,2,17,4,3
3609,15,92,67,36,20,38
3610,0,0,0,0,0,0
3611,0,0,1,0,0,0
3612,0,0,0,0,0,0
3613,0,0,0,0,0,0
3614,0,0,0,0,0,0
3615,0,0,0,0,0,0
3616,0,0,0,0,0,0
3617,0,0,0,0,0,0
3618,1255,452,1209,929,1066,1076
3619,9,0,0,0,0,0
3620,0,0,1,0,0,0
3621,0,0,0,0,0,0
3622,0,0,0,0,0,0
3623,0,0,0,0,0,0
3624,2,68,68,4,26,15
3625,0,0,0,0,0,0
3626,0,13,308,7,4,5
3627,0,0,2,10,3,3
3628,106,5,0,1,0,0
3629,0,0,0,0,0,0
3630,0,0,0,0,0,0
3631,2577,3678,5859,6521,5242,5534
3632,0,0,0,0,0,0
3633,0,0,0,0,0,0
3634,0,0,0,0,0,0
3635,0,7,2,1,1,1
3636,1,0,4,2,1,1
3637,0,0,0,0,0,0
3638,0,0,0,0,0,0
3639,0,0,0,0,0,0
3640,0,0,0,0,0,0
3641,0,0,1,1,1,2
3642,0,0,0,0,0,0
3643,0,0,0,0,0,0
3644,0,0,0,0,0,0
3645,0,0,0,0,0,0
3646,0,7,4,0,1,0
3647,0,0,0,0,0,0
3648,0,0,0,0,0,0
3649,0,0,0,0,0,0
3650,0,0,0,0,0,0
3651,0,0,0,0,0,0
3652,19,80,39,98,112,117
3653,0,0,0,0,0,0
3654,0,0,0,0,0,0
3655,0,0,0,0,0,0
3656,0,0,0,0,0,0
3657,0,0,0,0,0,0
3658,0,0,0,0,0,0
3659,0,0,0,0,0,0
3660,0,0,0,0,0,0
3661,0,0,0,2,0,0
3662,0,0,0,0,0,0
3663,0,0,0,0,0,0
3664,0,0,0,0,0,0
3665,0,0,0,0,0,0
3666,0,0,0,0,0,0
3667,2,0,0,1,0,0
3668,0,0,1,0,0,0
3669,0,0,1,2,2,2
3670,0,0,0,0,0,0
3671,0,0,0,0,0,0
3672,0,5,12,12,11,11
3673,0,0,0,0,0,0
3674,1,0,2,3,2,2
3675,0,0,0,0,0,0
3676,0,0,0,0,0,0
3677,0,0,0,0,0,0
3678,0,0,0,0,0,0
3679,0,0,0,0,0,0
3680,0,0,0,0,0,0
3681,0,0,1,0,0,0
3682,4,0,0,0,0,0
3683,0,0,32,44,48,53
3684,0,0,0,0,0,0
3685,763,548,181,392,429,365
3686,0,0,0,0,0,0
3687,0,0,0,0,0,0
3688,1,0,0,0,0,0
3689,0,0,0,0,0,0
3690,0,0,0,0,0,0
3691,0,1,0,4,1,1
3692,405,227,320,312,303,285
3693,0,0,0,0,0,0
3694,0,0,0,0,0,0
3695,0,0,0,0,0,0
3696,0,0,0,0,0,0
3697,0,0,0,0,0,0
3698,0,0,0,0,0,0
3699,0,0,0,0,0,0
3700,30,587,362,727,653,646
3701,0,0,0,0,0,0
3702,0,0,3,3,2,1
3703,0,0,0,0,0,0
3704,0,0,0,0,0,0
3705,0,0,0,0,0,0
3706,0,0,0,0,0,0
3707,0,0,0,0,0,0
3708,0,0,0,0,0,0
3709,0,0,0,0,0,0
3710,0,0,0,0,0,0
3711,0,8,5,0,3,2
3712,0,0,0,1,1,1
3713,0,0,0,0,0,0
3714,0,0,0,0,0,0
3715,25,13,18,19,22,23
3716,2,0,0,10,4,4
3717,0,0,0,0,0,0
3718,0,0,1,1,1,1
3719,0,2,4,2,5,5
3720,0,0,0,0,0,0
3721,0,0,0,0,0,0
3722,0,0,0,0,0,0
3723,0,0,0,0,0,0
3724,0,0,0,0,0,0
3725,0,0,0,0,0,0
3726,532,0,0,0,0,0
3727,0,0,0,1,1,1
3728,0,0,0,0,0,0
3729,0,0,0,0,0,0
3730,20,14,12,8,7,9
3731,0,0,0,0,0,0
3732,0,0,3,3,2,2
3733,0,0,0,0,0,0
3734,0,0,0,0,0,0
3735,0,0,0,0,0,0
3736,0,0,0,1,0,1
3737,0,4,1,1,1,2
3738,0,0,0,1,1,1
3739,2,4,0,0,0,0
3740,0,0,0,0,0,0
3741,0,0,0,0,0,0
3742,0,0,0,0,0,0
3743,8,0,2,5,7,7
3744,0,0,0,0,0,0
3745,3,0,1,1,0,0
3746,0,0,0,0,0,0
3747,0,1,5,12,11,10
3748,0,0,0,0,0,0
3749,1012,12,120,73,40,39
3750,0,0,0,0,0,0
3751,8,3,11,5,2,3
3752,0,0,0,0,0,0
3753,0,0,0,0,0,0
3754,1,0,0,0,0,0
3755,0,0,0,0,0,0
3756,0,0,0,0,0,0
3757,0,0,0,0,0,0
3758,0,0,0,0,0,0
3759,0,0,0,1,0,0
3760,0,0,0,0,0,0
3761,23,56,7,14,23,22
3762,0,0,0,0,0,0
3763,0,0,0,0,0,0
3764,0,0,0,0,0,0
3765,0,0,0,0,0,0
3766,0,0,0,0,0,0
3767,0,8,29,86,92,91
3768,0,0,0,0,0,0
3769,0,0,0,0,0,0
3770,14,22,1,5,4,3
3771,0,0,0,0,0,0
3772,16,280,229,131,65,76
3773,0,0,0,0,0,0
3774,932,280,200,287,320,297
3775,0,0,0,0,0,0
3776,0,0,1,0,2,2
3777,0,0,1,2,3,3
3778,0,0,0,1,2,2
3779,0,0,0,0,0,0
3780,0,0,0,0,1,0
3781,0,0,0,0,0,0
3782,0,1,10,9,8,8
3783,3,4,1,1,1,1
3784,0,0,0,0,0,0
3785,0,0,0,1,1,1
3786,0,0,0,0,0,0
3787,1,0,0,0,0,1
3788,0,0,0,0,0,0
3789,0,0,0,0,0,0
3790,0,0,0,0,0,0
3791,1,0,0,4,1,1
3792,0,0,0,0,0,0
3793,0,0,0,0,0,0
3794,0,1,0,0,0,0
3795,0,0,0,0,0,0
3796,0,0,0,0,0,0
3797,0,0,0,0,0,0
3798,0,0,0,0,0,0
3799,0,0,0,0,0,0
3800,0,0,0,0,0,0
3801,0,0,0,0,0,0
3802,0,0,0,0,0,0
3803,0,0,0,0,0,0
3804,0,3,3,4,9,8
3805,0,0,1,1,1,1
3806,0,0,0,0,0,0
3807,0,0,0,0,0,0
3808,0,0,0,0,0,0
3809,1,0,0,0,0,0
3810,0,0,0,0,0,0
3811,0,2,26,38,33,22
3812,0,0,0,0,0,0
3813,0,0,0,0,0,0
3814,0,0,0,0,0,0
3815,0,0,0,0,0,0
3816,0,0,0,0,0,0
3817,0,0,4,0,7,7
3818,0,0,0,0,0,0
3819,0,3,24,9,12,8
3820,0,0,0,0,0,0
3821,0,0,0,0,0,0
3822,2,7,9,122,77,58
3823,0,0,0,0,0,0
3824,0,0,0,0,0,0
3825,0,0,0,0,0,0
3826,10935,8150,8142,6252,6534,5129
3827,0,0,0,0,0,0
3828,4,2,0,1,0,1
3829,0,0,0,1,1,1
3830,0,0,0,0,0,0
3831,11,60,35,65,116,86
3832,0,0,0,0,0,0
3833,0,0,0,0,0,0
3834,0,0,0,0,0,0
3835,0,0,0,0,0,0
3836,44,28,34,14,24,25
3837,0,0,0,0,0,0
3838,0,0,0,0,0,0
3839,0,0,0,0,0,0
3840,0,0,0,0,0,0
3841,41,21,7,9,6,5
3842,0,0,13,4,2,5
3843,0,0,0,0,0,0
3844,1,0,0,1,0,0
3845,0,0,0,2,1,1
3846,0,0,0,0,0,0
3847,0,0,0,0,0,0
3848,0,2,4,0,0,0
3849,0,0,0,0,0,0
3850,333,143,274,152,156,192
3851,0,0,0,0,0,0
3852,0,0,0,0,0,0
3853,0,0,1,1,1,1
3854,0,0,0,2,2,2
3855,0,35,35,56,40,42
3856,1,22,44,17,16,22
3857,0,0,0,0,0,0
3858,101,22,14,52,57,44
3859,0,0,1,0,1,1
3860,0,0,0,0,0,0
3861,455,99,57,90,112,119
3862,0,26,9,28,32,32
3863,0,0,0,0,0,0
3864,0,0,0,1,1,1
3865,0,0,0,0,0,0
3866,0,0,0,0,0,0
3867,0,0,0,0,0,0
3868,0,0,0,0,0,0
3869,0,0,0,0,0,0
3870,0,1,0,0,1,1
3871,0,0,0,0,0,0
3872,0,0,0,0,0,0
3873,0,0,0,0,0,0
3874,0,0,1,0,0,0
3875,0,0,0,0,0,0
3876,0,0,0,0,0,0
3877,0,0,0,0,0,0
3878,0,0,8,27,14,7
3879,0,0,0,0,0,0
3880,0,0,0,0,0,0
3881,0,0,0,0,0,1
3882,0,0,0,0,0,0
3883,1,0,6,4,2,2
3884,1,1,3,3,0,0
3885,0,0,0,0,0,0
3886,0,0,0,0,0,0
3887,0,0,0,0,0,0
3888,0,0,1,4,0,5
3889,4,0,5,1,1,1
3890,0,0,0,0,0,0
3891,0,0,0,0,0,0
3892,8,19,12,6,1,3
3893,0,0,0,0,0,0
3894,0,1,1,1,2,3
3895,0,0,7,0,0,1
3896,0,0,0,0,0,0
3897,0,0,2,0,1,2
3898,0,0,0,0,0,0
3899,0,0,0,0,0,0
3900,0,0,0,0,0,0
3901,0,0,0,0,0,0
3902,0,0,0,0,2,0
3903,0,0,0,1,1,1
3904,0,0,0,0,2,2
3905,0,0,0,0,0,0
3906,0,1,1,5,4,4
3907,34,2,2,0,0,0
3908,0,0,3,1,1,1
3909,0,0,0,0,0,0
3910,0,0,0,1,1,2
3911,0,0,0,0,0,0
3912,0,0,0,0,0,0
3913,0,0,0,0,0,0
3914,0,0,12,0,0,0
3915,16,30,8,38,38,48
3916,2,0,0,0,0,0
3917,0,0,7,5,5,6
3918,0,0,0,0,0,0
3919,0,1,0,1,4,4
3920,0,0,0,0,0,0
3921,0,0,0,0,0,0
3922,0,0,0,0,0,0
3923,0,0,0,0,0,0
3924,0,0,0,0,0,0
3925,0,0,0,0,0,0
3926,0,0,0,1,1,0
3927,0,0,0,0,0,0
3928,0,0,0,0,0,0
3929,0,0,0,0,0,0
3930,55,32,279,180,196,239
3931,0,0,0,0,0,0
3932,0,0,0,0,0,0
3933,0,0,0,0,0,0
3934,0,0,0,0,0,0
3935,0,0,0,1,1,1
3936,0,0,0,0,0,0
3937,0,0,0,0,0,0
3938,0,0,0,0,0,0
3939,0,0,0,0,0,0
3940,0,0,1,0,0,0
3941,102,32,46,67,75,53
3942,0,0,0,0,0,0
3943,13,4,2,2,2,2
3944,0,0,0,0,0,0
3945,0,0,1,3,2,2
3946,0,0,0,0,0,0
3947,8,0,1,1,1,1
3948,0,0,0,0,0,0
3949,0,0,0,0,0,0
3950,1,3,2,12,8,11
3951,0,0,0,0,0,0
3952,0,0,0,0,1,1
3953,0,0,1,0,1,1
3954,42,55,57,33,39,43
3955,0,0,0,0,0,0
3956,0,0,0,0,0,0
3957,0,0,0,0,0,0
3958,2,16,1,26,19,17
3959,0,0,0,0,0,0
3960,0,0,1,0,0,1
3961,14,32,12,24,24,19
3962,0,0,0,0,0,0
3963,0,0,0,0,0,0
3964,106,48,90,184,244,249
3965,4,9,11,10,17,24
3966,0,0,1,2,2,2
3967,0,0,0,0,0,0
3968,0,0,0,0,1,0
3969,1,2,6,5,3,4
3970,0,0,0,0,0,0
3971,0,0,0,0,0,0
3972,0,0,0,0,0,0
3973,0,0,13,26,24,18
3974,0,0,0,0,0,0
3975,0,0,0,0,0,0
3976,0,0,1,7,2,1
3977,0,0,0,0,0,0
3978,0,0,0,0,0,0
3979,0,0,0,0,0,0
3980,0,1,0,0,0,0
3981,3,0,0,0,0,0
3982,0,0,1,5,4,7
3983,0,0,0,0,0,0
3984,0,0,2,2,2,2
3985,0,0,2,2,4,5
3986,0,0,0,0,0,0
3987,0,0,0,1,1,1
3988,0,0,0,0,0,0
3989,0,0,0,0,0,0
3990,0,0,0,0,0,0
3991,2,13,14,3,5,8
3992,0,0,0,0,0,0
3993,0,0,0,0,0,0
3994,0,0,0,0,0,0
3995,0,0,0,0,0,0
3996,0,0,3,9,35,36
3997,0,0,0,0,0,0
3998,0,0,0,0,0,0
3999,2,4,24,78,71,62
4000,0,0,1,0,0,0
4001,0,0,1,0,0,0
4002,0,0,0,0,0,0
4003,2,0,0,0,0,0
4004,0,0,0,0,0,0
4005,0,0,0,0,0,0
4006,1,2,0,8,1,0
4007,12,52,109,75,104,108
4008,0,0,0,0,0,0
4009,0,0,1,2,2,3
4010,0,0,0,0,0,0
4011,0,0,0,0,0,0
4012,61,130,209,167,153,166
4013,0,0,0,0,0,0
4014,0,1,0,1,1,1
4015,0,0,0,0,0,0
4016,0,13,3,21,24,19
4017,0,0,0,0,0,0
4018,0,1,1,1,2,2
4019,0,0,0,0,0,0
4020,0,0,0,0,0,0
4021,0,0,0,0,0,0
4022,0,0,0,0,0,0
4023,0,0,0,0,0,0
4024,0,4,3,1,1,1
4025,2,18,112,51,58,60
4026,0,0,0,0,0,0
4027,0,0,0,0,0,0
4028,0,0,0,0,0,0
4029,0,0,0,0,0,0
4030,0,0,0,0,0,0
4031,1,0,1,0,0,0
4032,0,12,21,25,21,23
4033,0,0,0,0,0,0
4034,0,0,0,0,0,0
4035,0,0,2,10,12,10
4036,0,0,0,0,0,0
4037,0,0,0,0,0,0
4038,0,0,0,0,0,0
4039,0,0,0,0,0,0
4040,0,1,1,1,2,0
4041,0,0,0,0,0,0
4042,0,0,0,0,0,0
4043,0,0,0,0,0,0
4044,0,0,0,0,0,0
4045,0,14,4,6,5,5
4046,0,0,0,0,0,0
4047,446,202,204,276,191,206
4048,0,0,0,0,0,0
4049,0,0,0,0,0,0
4050,0,0,0,0,0,0
4051,69,2,2,34,16,27
4052,0,2,0,0,0,0
4053,0,0,0,0,0,0
4054,2,2,2,16,8,7
4055,0,0,0,0,0,0
4056,3,1,0,0,0,0
4057,0,0,0,0,0,0
4058,0,0,0,0,0,0
4059,0,1,2,6,4,4
4060,2,0,0,41,39,6
4061,0,0,0,0,0,0
4062,0,0,0,0,0,0
4063,0,12,0,2,0,0
4064,0,0,0,0,0,0
4065,0,0,0,0,1,0
4066,10,37,35,16,24,19
4067,2,0,6,1,1,0
4068,1,188,33,62,103,82
4069,0,0,0,0,0,0
4070,0,0,0,0,0,0
4071,0,4,15,30,25,19
4072,0,0,0,1,0,0
4073,0,0,0,0,0,1
4074,0,0,0,0,0,0
4075,0,0,0,0,0,0
4076,0,0,0,0,0,0
4077,0,0,0,0,0,0
4078,0,0,0,0,0,0
4079,0,0,0,0,0,0
4080,5,0,0,0,0,0
4081,1,1,0,0,0,0
4082,0,0,0,0,2,1
4083,0,0,0,0,0,0
4084,0,0,0,0,0,0
4085,0,0,2,2,3,2
4086,0,0,0,0,0,0
4087,0,0,0,0,0,0
4088,0,0,0,0,0,0
4089,0,0,0,0,0,0
4090,0,2,2,5,3,4
4091,0,0,0,0,0,0
4092,0,0,0,0,0,0
4093,0,0,0,0,0,0
4094,0,0,0,0,0,0
4095,0,0,0,0,0,0
4096,0,0,0,0,0,0
4097,0,0,0,2,4,5
4098,0,0,0,0,0,0
4099,0,0,1,1,1,1
4100,0,0,0,0,0,1
4101,24,17,45,54,54,40
4102,0,0,0,0,0,0
4103,0,0,0,0,0,0
4104,0,0,0,0,0,0
4105,0,0,1,2,2,2
4106,0,0,0,0,0,0
4107,0,0,0,0,0,0
4108,0,0,0,0,0,0
4109,0,0,0,0,0,0
4110,0,0,0,0,0,0
4111,0,0,3,2,2,2
4112,0,0,2,1,1,1
4113,0,0,0,0,0,0
4114,0,0,0,0,0,0
4115,0,0,0,0,0,0
4116,1,1,22,24,20,24
4117,0,0,0,2,2,3
4118,0,1,1,1,1,1
4119,1,7,44,40,28,27
4120,0,0,0,0,0,0
4121,0,0,0,0,0,0
4122,3,0,0,0,0,0
4123,0,0,0,0,0,0
4124,0,0,0,0,0,0
4125,0,0,0,0,0,0
4126,0,0,1,3,3,3
4127,0,0,0,0,0,0
4128,0,0,1,2,2,2
4129,0,0,0,0,0,0
4130,0,0,0,0,0,0
4131,0,0,2,3,1,1
4132,0,0,0,1,1,1
4133,0,0,0,0,0,0
4134,0,0,0,0,0,0
4135,0,0,0,0,0,0
4136,0,0,0,0,0,0
4137,0,0,0,0,0,0
4138,0,5,7,0,0,0
4139,0,6,6,7,14,13
4140,0,0,1,3,0,1
4141,1,0,0,1,0,0
4142,0,0,0,0,0,0
4143,0,0,0,0,0,0
4144,0,0,0,0,0,0
4145,17,2,0,0,0,0
4146,0,0,6,14,18,21
4147,0,0,0,0,0,0
4148,0,3,0,0,0,0
4149,0,0,0,0,0,0
4150,0,0,0,0,0,0
4151,1,0,1,1,0,0
4152,0,0,0,2,1,1
4153,0,0,0,0,0,0
4154,0,24,18,39,37,40
4155,0,0,0,0,0,0
4156,0,0,0,0,0,0
4157,0,0,0,0,0,0
4158,0,0,0,0,0,0
4159,0,0,0,0,0,0
4160,13,6,9,14,9,10
4161,0,0,0,0,0,0
4162,0,0,0,0,0,0
4163,0,0,0,0,0,0
4164,0,0,2,1,0,0
4165,0,0,0,0,0,0
4166,0,0,0,0,0,0
4167,0,0,0,0,0,0
4168,0,0,0,0,0,0
4169,0,0,0,0,0,0
4170,0,0,0,0,0,0
4171,0,0,0,0,0,0
4172,0,0,0,0,0,0
4173,0,0,0,0,0,0
4174,1,0,0,0,0,0
4175,0,0,0,0,0,0
4176,0,0,0,0,0,0
4177,0,0,0,0,0,0
4178,0,0,0,0,0,0
4179,0,0,0,0,0,0
4180,2,11,39,16,3,15
4181,0,0,0,0,0,0
4182,0,0,0,1,1,1
4183,0,0,0,0,0,0
4184,0,0,0,0,0,0
4185,5,1,0,0,0,0
4186,0,0,0,0,0,0
4187,0,0,0,1,0,0
4188,6,74,36,16,80,66
4189,0,0,0,0,0,0
4190,0,0,0,0,0,0
4191,0,0,0,0,0,0
4192,0,1,0,0,0,0
4193,0,0,0,1,0,1
4194,0,2,0,1,2,2
4195,0,0,0,0,0,0
4196,0,0,0,0,0,0
4197,0,0,0,0,0,0
4198,0,0,0,0,0,0
4199,0,0,0,0,0,0
4200,0,0,2,2,0,0
4201,0,0,0,0,0,0
4202,0,0,1,0,1,1
4203,0,0,0,0,0,0
4204,0,0,0,0,0,0
4205,0,0,0,0,0,0
4206,2,0,0,0,0,0
4207,0,0,0,0,0,0
4208,0,0,0,0,0,0
4209,0,0,0,0,0,0
4210,0,0,0,0,0,0
4211,0,0,0,0,0,0
4212,0,0,0,0,0,0
4213,0,0,0,0,0,0
4214,0,0,0,0,0,0
4215,1,5,0,1,1,1
4216,0,0,0,0,0,0
4217,0,0,0,0,0,0
4218,0,0,0,0,0,0
4219,2,2,2,17,20,19
4220,0,0,0,0,0,0
4221,3,0,0,0,0,0
4222,0,0,0,0,0,0
4223,2,0,1,0,0,0
4224,0,1,4,12,8,9
4225,42,36,41,49,73,73
4226,0,0,0,0,0,0
4227,0,0,1,1,1,1
4228,0,0,0,0,0,0
4229,0,0,0,0,0,0
4230,0,0,0,0,0,0
4231,0,0,0,0,0,0
4232,0,0,0,0,0,0
4233,2,0,0,1,1,1
4234,26,30,5,3,6,8
4235,0,0,0,0,0,0
4236,0,0,0,0,0,0
4237,10,704,9,599,647,729
4238,0,0,13,7,17,8
4239,0,0,0,0,0,0
4240,0,0,0,0,0,0
4241,0,0,1,1,1,0
4242,0,0,0,0,0,0
4243,0,0,0,0,0,0
4244,6,0,0,0,0,0
4245,18,4,1,5,3,3
4246,0,0,0,0,0,0
4247,0,0,0,0,0,0
4248,0,0,0,0,0,0
4249,0,0,0,0,0,0
4250,0,4,0,6,11,11
4251,0,0,0,0,0,0
4252,0,0,0,0,0,0
4253,0,0,0,0,0,0
4254,0,0,0,0,0,0
4255,0,0,1,1,1,1
4256,0,0,0,0,0,0
4257,0,0,0,0,0,0
4258,0,1,0,0,3,1
4259,0,0,0,0,0,0
4260,0,0,0,0,0,0
4261,0,0,0,0,0,0
4262,0,19,1,32,54,40
4263,0,0,0,0,0,0
4264,0,0,0,0,0,0
4265,0,0,9,6,11,11
4266,0,0,0,0,0,0
4267,0,0,0,0,0,0
4268,0,0,0,0,0,0
4269,0,0,0,0,0,0
4270,0,0,0,0,0,0
4271,0,0,0,0,0,0
4272,0,0,0,0,0,0
4273,1,0,0,0,0,0
4274,0,0,6,4,8,8
4275,0,0,0,0,0,0
4276,0,0,0,1,0,1
4277,0,0,1,3,1,1
4278,0,0,0,0,0,0
4279,0,0,1,2,3,4
4280,0,0,0,0,0,0
4281,0,0,0,0,0,0
4282,0,0,0,0,0,0
4283,0,0,2,3,2,1
4284,0,0,0,0,0,0
4285,0,0,0,0,0,0
4286,0,0,0,0,0,0
4287,0,0,0,0,0,0
4288,0,0,0,0,0,0
4289,0,0,0,0,0,0
4290,0,0,0,0,0,0
4291,40,29,34,217,197,82
4292,0,0,0,0,0,0
4293,3,1,0,0,0,0
4294,0,0,0,0,0,0
4295,0,0,0,0,0,0
4296,0,0,0,0,0,0
4297,0,0,0,1,0,0
4298,0,0,0,0,0,0
4299,0,0,0,0,0,0
4300,0,0,0,0,0,0
4301,0,0,0,0,0,0
4302,0,0,0,0,0,0
4303,0,0,0,0,0,0
4304,0,0,0,0,0,0
4305,0,0,0,0,0,0
4306,0,0,0,0,0,0
4307,0,0,0,0,0,0
4308,0,0,0,0,0,0
4309,2,1,0,0,0,2
4310,11,173,193,161,168,182
4311,0,0,0,0,0,0
4312,1,18,21,16,43,47
4313,0,0,0,0,0,0
4314,0,0,0,0,0,0
4315,13,2,2,2,13,15
4316,0,0,0,0,0,0
4317,0,0,0,0,0,0
4318,0,2,1,3,3,3
4319,0,0,0,0,0,0
4320,0,0,0,0,0,0
4321,0,0,0,0,0,0
4322,0,0,3,2,3,3
4323,0,0,0,0,0,0
4324,0,0,0,0,0,0
4325,0,0,0,1,4,1
4326,0,0,0,0,0,0
4327,0,0,0,0,0,0
4328,0,0,0,0,0,0
4329,1,1,2,3,5,3
4330,0,0,0,0,0,0
4331,0,0,0,0,0,0
4332,0,0,0,0,0,0
4333,0,0,0,0,0,0
4334,0,0,0,0,0,0
4335,0,0,4,0,0,0
4336,0,0,0,0,0,0
4337,0,0,0,0,0,0
4338,0,0,1,0,2,1
4339,1,0,0,1,0,0
4340,0,0,0,0,0,0
4341,1,0,5,16,10,17
4342,0,0,0,0,0,0
4343,0,0,0,0,0,0
4344,0,0,0,2,1,1
4345,0,0,1,0,0,0
4346,0,0,0,0,0,0
4347,0,0,0,0,0,0
4348,0,0,0,0,0,0
4349,0,0,0,0,0,0
4350,0,0,0,1,0,0
4351,1,0,1,1,1,1
4352,0,0,0,0,0,0
4353,0,0,0,0,0,0
4354,0,0,0,0,0,0
4355,34,0,0,19,21,30
4356,0,0,0,0,0,0
4357,0,0,0,0,0,0
4358,0,0,0,0,0,0
4359,0,0,0,0,0,0
4360,0,0,0,3,2,6
4361,0,0,1,0,0,0
4362,0,3,8,7,7,10
4363,3,0,2,1,2,2
4364,0,0,0,0,0,0
4365,0,6,3,1,2,4
4366,7,3,3,3,4,3
4367,0,0,0,0,0,0
4368,44,174,56,48,61,57
4369,0,0,0,0,0,0
4370,0,0,0,0,0,0
4371,0,0,0,0,0,0
4372,15,6,26,91,79,70
4373,0,0,0,0,0,0
4374,0,7,6,42,13,17
4375,0,0,0,0,0,0
4376,0,0,0,0,0,0
4377,0,3,2,1,0,0
4378,0,0,0,0,0,0
4379,1,0,1,1,1,0
4380,38,48,47,2,24,37
4381,0,0,0,0,0,0
4382,0,0,3,9,8,12
4383,0,0,0,0,0,0
4384,0,0,0,0,0,0
4385,0,0,0,0,0,0
4386,0,0,0,0,0,0
4387,0,0,0,0,0,0
4388,0,0,0,0,0,0
4389,0,0,0,0,0,0
4390,0,0,0,11,8,10
4391,0,0,0,5,7,20
4392,0,0,0,0,0,0
4393,0,0,0,0,0,0
4394,0,0,1,1,2,2
4395,0,0,0,0,0,0
4396,8,1,1,0,0,0
4397,0,0,0,0,0,0
4398,0,29,3,0,0,1
4399,0,0,0,0,0,0
4400,0,0,0,0,0,0
4401,1,7,9,3,0,3
4402,0,0,0,0,0,0
4403,0,0,0,0,0,0
4404,0,0,0,0,0,0
4405,0,184,1,0,0,0
4406,4,1,0,0,0,0
4407,0,0,2,0,0,0
4408,0,0,0,0,0,0
4409,0,0,0,0,0,0
4410,3,55,0,1,1,0
4411,3,98,44,24,28,29
4412,7,0,1,0,0,0
4413,0,0,0,0,0,0
4414,9,0,6,1,1,1
4415,0,0,0,0,0,0
4416,0,0,0,0,0,0
4417,11,5,4,3,4,4
4418,0,0,0,0,0,0
4419,0,0,0,2,5,5
4420,0,0,0,0,0,0
4421,0,0,0,0,0,0
4422,0,0,0,0,0,0
4423,0,0,0,0,0,0
4424,0,8,0,2,1,1
4425,0,0,0,0,0,0
4426,0,0,0,0,0,0
4427,0,0,6,0,1,1
4428,0,0,0,0,0,0
4429,0,0,0,0,0,0
4430,0,0,0,0,0,0
4431,0,0,0,0,0,0
4432,0,0,1,0,0,0
4433,0,0,0,0,0,0
4434,32,0,5,1,0,0
4435,0,0,0,0,0,0
4436,0,0,0,1,0,0
4437,0,0,0,0,0,0
4438,0,0,7,3,1,1
4439,0,0,0,0,0,0
4440,0,0,0,0,0,0
4441,0,0,0,0,0,0
4442,3,6,17,25,34,27
4443,0,0,0,0,0,0
4444,0,0,0,0,0,0
4445,3,5,32,25,30,29
4446,0,0,0,0,0,0
4447,0,0,0,0,0,0
4448,0,0,0,2,9,8
4449,0,0,0,0,0,0
4450,0,2,0,0,1,3
4451,0,0,0,0,0,0
4452,0,0,0,0,0,0
4453,0,0,0,0,0,0
4454,0,0,0,0,0,0
4455,0,10,2,10,10,12
4456,0,0,0,0,0,0
4457,0,0,0,0,0,0
4458,0,0,0,0,0,0
4459,1,0,0,0,0,0
4460,0,0,0,0,0,0
4461,1,3,1,2,3,3
4462,0,2,0,9,9,9
4463,0,5,3,6,3,6
4464,0,3,3,0,0,0
4465,1,3,0,0,0,0
4466,0,0,0,0,0,0
4467,2,3,2,0,2,2
4468,0,2,2,0,0,0
4469,0,0,0,0,0,0
4470,0,0,0,0,0,0
4471,3,90,208,245,205,194
4472,0,0,0,0,0,0
4473,0,0,0,6,3,6
4474,0,0,0,0,0,0
4475,0,0,0,0,0,0
4476,48,10,1,5,7,5
4477,0,0,0,0,0,0
4478,0,0,0,0,0,0
4479,0,0,0,0,0,0
4480,6,10,2,4,2,2
4481,0,0,0,0,0,0
4482,0,6,3,23,28,40
4483,0,0,0,0,0,0
4484,14,248,241,242,254,223
4485,50,42,23,31,24,26
4486,0,0,0,0,0,0
4487,0,0,0,0,0,0
4488,0,0,0,0,0,1
4489,2,1,1,1,1,0
4490,0,0,0,0,0,0
4491,0,0,0,0,0,0
4492,0,0,0,0,0,0
4493,0,0,1,1,1,2
4494,0,0,0,0,0,0
4495,0,0,0,0,0,0
4496,0,0,0,0,0,0
4497,0,0,0,0,0,0
4498,0,0,0,0,0,0
4499,12,11,33,202,115,124
4500,0,0,0,0,0,0
4501,13,0,3,3,1,1
4502,0,0,2,0,0,0
4503,0,0,0,0,0,0
4504,4,69,54,64,66,66
4505,1,0,0,0,0,0
4506,0,0,0,0,0,0
4507,0,0,0,0,0,0
4508,0,9,1,2,3,3
4509,0,0,0,2,3,1
4510,0,0,0,0,0,0
4511,0,0,0,0,0,0
4512,0,0,0,0,0,0
4513,0,0,0,0,0,0
4514,0,0,0,0,0,0
4515,0,0,0,0,0,0
4516,0,3,4,5,2,2
4517,0,0,0,0,0,0
4518,0,0,0,0,0,0
4519,0,0,0,0,0,0
4520,0,0,0,0,0,0
4521,0,0,0,0,0,0
4522,0,0,1,1,1,1
4523,3,4,15,121,140,136
4524,0,0,0,0,0,0
4525,0,0,0,0,1,1
4526,13,3,0,0,0,0
4527,0,0,0,0,0,0
4528,0,0,0,0,0,0
4529,0,0,0,0,0,0
4530,0,0,0,0,0,0
4531,0,0,0,0,0,0
4532,0,0,0,0,0,0
4533,9,68,8,19,14,9
4534,0,0,0,0,0,0
4535,0,0,0,0,0,0
4536,0,0,0,0,0,0
4537,0,0,0,0,0,0
4538,0,0,0,0,0,0
4539,0,0,0,0,0,0
4540,0,2,2,3,1,1
4541,1,0,2,1,0,1
4542,0,0,1,1,0,0
4543,267,82,39,25,30,31
4544,0,0,0,0,0,0
4545,0,0,0,0,0,0
4546,0,1,0,0,0,0
4547,12,3,41,24,21,20
4548,26,16,289,71,33,9
4549,0,0,0,0,0,0
4550,0,0,0,0,0,0
4551,0,0,0,0,0,0
4552,0,0,1,0,0,0
4553,0,0,0,0,0,0
4554,0,0,2,0,1,1
4555,0,0,0,0,0,0
4556,0,0,0,0,0,0
4557,0,0,0,0,0,0
4558,0,0,0,1,1,1
4559,726,505,315,407,464,476
4560,39,57,123,73,64,61
4561,0,0,0,0,0,0
4562,0,0,0,4,0,0
4563,0,0,0,0,0,0
4564,0,0,0,0,0,0
4565,0,0,0,0,0,0
4566,0,0,0,0,0,0
4567,0,0,4,1,1,1
4568,0,0,0,1,6,10
4569,0,0,0,0,0,0
4570,0,0,0,0,0,0
4571,0,0,9,13,16,14
4572,0,0,0,0,0,0
4573,0,0,0,0,0,0
4574,0,0,0,0,0,0
4575,0,0,0,0,0,1
4576,0,0,0,0,0,0
4577,0,0,0,0,0,0
4578,0,0,0,0,0,0
4579,0,0,0,0,0,0
4580,0,0,0,0,0,0
4581,0,0,0,0,0,0
4582,0,0,7,2,7,8
4583,0,0,0,0,0,0
4584,0,0,0,0,0,0
4585,0,0,0,0,0,0
4586,0,0,2,0,0,0
4587,0,0,0,0,0,0
4588,0,0,0,0,0,0
4589,0,0,0,0,0,0
4590,1,0,0,0,0,0
4591,0,8,5,9,16,13
4592,0,0,0,0,0,0
4593,0,0,0,1,1,1
4594,0,0,0,0,0,0
4595,0,0,0,0,0,0
4596,4,13,53,49,36,32
4597,3,0,1,0,4,4
4598,0,0,0,0,0,0
4599,0,1,1,1,1,1
4600,0,0,0,0,0,0
4601,0,0,0,0,0,0
4602,0,0,0,1,0,1
4603,8,11,14,11,9,14
4604,0,0,0,0,0,0
4605,0,0,0,0,0,0
4606,0,0,0,0,0,0
4607,0,0,0,0,0,0
4608,26,8,1,3,3,3
4609,0,13,0,0,0,0
4610,0,0,0,0,0,0
4611,0,0,0,0,0,0
4612,0,0,0,0,0,0
4613,0,0,0,0,0,0
4614,0,0,2,0,0,0
4615,0,0,0,0,0,0
4616,0,0,0,0,0,0
4617,0,0,0,0,0,0
4618,0,0,0,3,4,3
4619,0,0,0,0,0,0
4620,0,0,0,0,0,0
4621,1,1,0,0,0,0
4622,0,0,0,0,0,0
4623,0,0,0,1,0,0
4624,0,0,0,0,0,0
4625,0,0,0,0,0,0
4626,0,0,0,0,0,0
4627,0,0,0,0,0,0
4628,0,1,0,0,0,0
4629,0,0,0,1,0,1
4630,0,0,0,0,0,0
4631,12,56,77,64,58,53
4632,0,0,3,3,3,4
4633,0,0,0,0,0,0
4634,0,0,0,0,0,0
4635,0,0,0,0,0,0
4636,0,0,0,0,0,0
4637,0,0,0,0,0,0
4638,0,0,0,0,0,0
4639,0,0,0,0,0,0
4640,0,0,0,0,0,0
4641,0,0,0,0,0,0
4642,1,1,3,4,4,4
4643,0,0,0,0,0,0
4644,0,0,0,0,0,0
4645,0,0,0,0,0,0
4646,0,0,0,0,0,0
4647,30,144,316,280,294,344
4648,1,3,1,1,1,1
4649,0,0,0,0,0,0
4650,0,0,0,0,0,0
4651,0,0,0,0,0,0
4652,0,0,0,0,0,0
4653,0,0,4,8,5,5
4654,0,0,0,0,0,0
4655,0,0,0,0,0,0
4656,0,0,0,0,0,0
4657,0,0,7,0,1,0
4658,1,2,3,7,14,7
4659,0,0,0,0,0,0
4660,0,0,0,0,0,0
4661,0,0,0,0,0,0
4662,0,0,0,0,0,0
4663,0,2,3,16,15,14
4664,0,0,0,0,0,0
4665,0,0,0,0,0,0
4666,0,0,0,0,0,0
4667,1,1,0,0,1,1
4668,0,0,0,0,0,0
4669,0,0,0,0,0,0
4670,0,0,0,0,0,0
4671,0,0,0,0,0,0
4672,0,0,0,0,0,0
4673,0,0,0,0,0,0
4674,0,0,0,0,0,0
4675,0,0,0,0,0,0
4676,0,18,5,3,3,7
4677,0,0,5,16,17,12
4678,0,0,0,0,0,0
4679,0,0,0,1,1,1
4680,0,0,0,0,0,0
4681,0,0,4,2,5,4
4682,7,6,9,0,0,0
4683,0,0,0,0,0,0
4684,0,4,1,0,0,0
4685,0,0,0,0,0,0
4686,0,0,0,0,0,0
4687,0,1,0,1,2,1
4688,0,0,0,0,0,0
4689,0,1,14,11,21,20
4690,1,6,0,1,1,1
4691,5,0,21,23,20,29
4692,0,0,0,0,0,0
4693,0,0,0,0,0,0
4694,1,0,0,0,0,0
4695,0,0,0,0,0,0
4696,26,53,5,4,4,4
4697,0,0,0,0,0,0
4698,0,2,5,2,2,0
4699,0,0,4,4,4,4
4700,0,0,0,0,0,0
4701,0,0,0,1,0,0
4702,0,0,0,0,0,0
4703,0,0,0,0,0,0
4704,0,0,0,0,0,0
4705,0,0,0,0,0,0
4706,0,0,0,0,0,0
4707,0,0,0,0,0,0
4708,0,0,25,12,8,11
4709,0,0,0,0,0,0
4710,0,0,0,0,0,0
4711,0,1,1,2,1,1
4712,0,0,0,0,0,0
4713,0,0,0,0,0,0
4714,0,0,0,0,0,0
4715,0,0,0,0,0,0
4716,0,0,0,0,0,0
4717,0,0,0,0,0,0
4718,0,0,0,0,0,0
4719,0,0,0,0,0,0
4720,0,0,0,0,0,0
4721,0,0,0,0,0,0
4722,0,0,0,0,0,0
4723,0,0,2,2,3,3
4724,0,0,0,0,0,0
4725,2,4,2,1,1,1
4726,0,1,5,9,7,6
4727,0,0,0,0,0,0
4728,0,0,0,0,0,0
4729,0,0,0,0,0,0
4730,0,2,1,0,2,2
4731,0,0,0,0,0,0
4732,0,0,0,1,1,1
4733,0,0,0,0,0,0
4734,0,0,0,0,0,0
4735,8,1,13,16,12,12
4736,0,0,0,0,0,0
4737,0,0,58,75,47,56
4738,0,0,0,0,1,0
4739,1112,963,592,912,1213,1170
4740,0,0,0,0,0,0
4741,13,61,472,906,600,511
4742,3,37,63,132,110,99
4743,0,0,0,0,0,0
4744,0,0,0,0,0,0
4745,0,0,0,0,0,0
4746,0,0,0,0,0,0
4747,0,0,0,0,0,0
4748,0,0,0,0,0,0
4749,0,0,0,0,0,1
4750,0,0,0,0,0,0
4751,9,14,102,9,15,10
4752,0,0,0,0,0,0
4753,0,0,0,0,0,0
4754,0,0,0,0,0,0
4755,0,0,0,0,0,0
4756,0,0,0,0,0,0
4757,0,0,0,0,0,0
4758,0,0,0,0,0,0
4759,0,0,0,0,0,0
4760,0,0,0,0,0,0
4761,3,12,8,107,110,99
4762,0,0,0,0,0,0
4763,0,0,0,0,0,0
4764,0,0,0,0,0,0
4765,2,3,3,3,3,3
4766,0,0,0,0,0,0
4767,0,0,0,0,0,0
4768,1,0,0,0,0,0
4769,0,0,0,0,0,0
4770,0,1,0,0,1,0
4771,0,0,1,0,1,1
4772,4,5,1,4,4,5
4773,2,9,2,6,6,11
4774,0,1,0,0,0,0
4775,0,0,0,0,0,0
4776,0,0,0,0,0,0
4777,0,0,0,0,0,0
4778,0,0,0,0,0,0
4779,6,0,0,0,0,0
4780,0,0,0,0,0,0
4781,0,0,0,0,0,0
4782,0,0,0,0,0,0
4783,0,0,1,0,2,2
4784,0,0,0,0,0,0
4785,18,24,17,14,4,0
4786,0,0,0,0,0,0
4787,0,0,0,0,0,0
4788,0,5,1,1,1,2
4789,0,0,0,0,0,0
4790,0,0,0,0,0,0
4791,0,0,0,0,0,0
4792,0,0,0,0,0,0
4793,0,0,0,0,0,0
4794,0,0,1,0,0,0
4795,0,0,0,0,0,0
4796,0,0,0,0,0,0
4797,0,0,0,0,0,0
4798,0,0,3,0,11,1
4799,0,0,0,0,0,0
4800,0,1,1,2,1,0
4801,7,0,0,0,0,0
4802,0,0,0,0,0,0
4803,0,0,0,0,0,0
4804,20,11,30,22,36,32
4805,8,4,0,7,7,5
4806,0,0,0,0,0,0
4807,0,2,0,1,0,0
4808,1,0,1,0,0,0
4809,0,0,0,0,0,0
4810,0,1,3,4,2,3
4811,0,0,0,0,0,0
4812,0,0,0,0,0,0
4813,0,0,0,0,0,0
4814,0,0,0,0,0,0
4815,0,0,0,0,0,0
4816,0,0,0,0,0,0
4817,0,0,0,0,0,0
4818,0,0,0,0,0,0
4819,0,0,0,0,0,0
4820,0,0,0,0,0,0
4821,0,0,0,1,1,1
4822,0,0,0,0,0,0
4823,0,0,0,0,0,0
4824,0,0,0,0,0,0
4825,0,0,0,0,0,0
4826,0,0,0,5,2,1
4827,0,0,0,0,0,0
4828,6,55,82,24,7,7
4829,0,0,0,0,0,0
4830,4,15,2,6,6,4
4831,0,0,0,0,0,0
4832,0,0,0,0,0,0
4833,0,0,1,0,0,0
4834,0,0,0,0,0,0
4835,22,7,74,52,61,62
4836,0,0,0,0,0,0
4837,0,0,1,0,3,3
4838,0,0,0,0,0,0
4839,0,0,0,0,0,0
4840,0,16,16,4,1,1
4841,48,7,1,5,1,0
4842,0,0,0,0,0,0
4843,0,0,0,0,0,0
4844,0,0,0,0,0,0
4845,0,0,2,2,2,2
4846,0,0,0,0,0,0
4847,0,0,0,0,0,0
4848,0,0,2,0,0,0
4849,0,0,0,0,0,0
4850,44,6,33,4,4,4
4851,6,29,35,63,60,57
4852,0,0,0,0,0,0
4853,0,0,0,0,0,0
4854,0,0,0,0,0,0
4855,0,0,0,0,0,0
4856,0,0,0,0,0,0
4857,0,0,0,0,0,0
4858,0,0,0,3,6,6
4859,0,3,1,9,8,8
4860,0,0,0,1,0,0
4861,0,0,0,0,0,0
4862,1,2,1,1,1,1
4863,0,0,0,0,0,0
4864,0,0,1,0,0,0
4865,0,0,0,0,0,0
4866,0,0,0,0,0,0
4867,0,0,0,0,0,0
4868,0,0,0,0,0,0
4869,11,329,275,87,76,76
4870,0,0,0,0,0,0
4871,0,0,0,0,0,0
4872,0,0,0,0,0,0
4873,0,0,0,0,0,0
4874,0,0,0,0,0,0
4875,0,0,0,0,0,0
4876,1,0,0,0,0,0
4877,0,0,0,0,0,0
4878,5,2,3,3,4,4
4879,0,0,0,0,0,0
4880,0,0,0,0,0,0
4881,0,0,0,0,0,0
4882,0,0,0,0,0,0
4883,0,0,0,0,0,0
4884,0,0,0,0,0,0
4885,0,0,0,0,0,0
4886,0,0,1,1,0,0
4887,0,0,0,0,0,0
4888,0,0,0,0,0,0
4889,0,0,0,0,0,0
4890,1,0,0,0,0,0
4891,0,6,4,0,0,0
4892,0,0,9,30,33,23
4893,0,0,0,0,0,0
4894,0,0,0,0,0,0
4895,8,0,1,5,4,3
4896,4,0,2,2,3,3
4897,0,3,0,0,0,0
4898,0,0,0,0,0,0
4899,16,4,10,5,7,9
4900,0,3,1,2,4,2
4901,0,0,0,0,0,0
4902,0,0,0,0,0,0
4903,0,0,0,0,0,0
4904,0,0,0,0,0,0
4905,0,0,0,0,0,0
4906,0,0,0,0,0,0
4907,0,0,10,16,14,7
4908,0,0,0,0,0,0
4909,0,0,0,0,0,0
4910,7,90,213,140,111,168
4911,1,0,0,0,0,0
4912,0,0,0,0,0,1
4913,0,0,0,0,0,0
4914,0,0,0,0,0,0
4915,0,0,0,0,0,0
4916,0,0,0,0,0,0
4917,0,0,0,0,0,0
4918,0,0,0,0,0,0
4919,0,1,0,0,0,0
4920,0,0,0,0,0,0
4921,15,3,1,0,1,1
4922,0,0,0,0,0,0
4923,0,0,0,0,0,0
4924,119,162,64,83,79,79
4925,0,0,0,0,0,0
4926,0,0,0,0,0,0
4927,0,0,0,0,0,0
4928,0,0,0,0,0,0
4929,0,0,0,0,0,0
4930,0,0,0,0,0,0
4931,6,5,2,1,1,1
4932,0,0,0,0,0,0
4933,0,0,2,6,4,7
4934,0,0,0,0,0,0
4935,0,1,0,0,0,0
4936,0,0,0,0,0,0
4937,0,0,0,0,0,0
4938,0,0,0,0,0,0
4939,0,0,0,0,0,0
4940,33,45,18,2,1,6
4941,0,0,0,0,0,0
4942,157,13,10,11,12,15
4943,0,0,0,0,0,0
4944,0,0,1,0,0,0
4945,0,1,0,0,0,0
4946,0,0,0,0,0,0
4947,0,0,0,0,0,0
4948,0,0,0,0,0,0
4949,0,0,0,0,0,0
4950,5,53,136,128,135,177
4951,0,0,2,4,4,6
4952,0,0,0,0,0,0
4953,0,0,0,0,0,0
4954,0,0,0,0,0,0
4955,1,0,2,0,0,0
4956,0,0,0,0,0,0
4957,0,0,3,1,1,1
4958,0,0,0,0,0,0
4959,0,0,0,0,0,0
4960,0,0,0,0,0,0
4961,0,0,0,0,0,0
4962,0,2,0,0,0,4
4963,0,0,0,0,0,0
4964,0,0,0,0,0,0
4965,0,0,0,0,0,0
4966,0,0,0,0,0,0
4967,1,0,5,1,2,2
4968,0,0,0,1,1,1
4969,0,0,0,0,0,0
4970,2,1,0,5,6,7
4971,8,21,218,213,223,208
4972,0,0,0,0,0,0
4973,0,0,0,0,0,0
4974,0,0,0,0,0,0
4975,0,0,0,0,0,0
4976,18,0,0,4,38,18
4977,0,0,0,1,0,0
4978,1,2,48,43,55,45
4979,0,0,0,0,0,0
4980,0,0,0,0,0,0
4981,943,935,746,926,825,798
4982,0,0,0,0,0,0
4983,0,0,0,0,0,0
4984,0,15,14,15,14,15
4985,0,0,0,0,0,0
4986,0,0,0,25,15,0
4987,0,0,0,0,0,0
4988,0,0,0,0,0,0
4989,0,0,0,0,0,0
4990,0,0,0,0,0,0
4991,0,0,0,0,0,0
4992,0,0,0,0,0,0
4993,0,0,0,0,0,0
4994,0,0,0,0,0,0
4995,0,0,0,0,0,0
4996,0,0,0,0,0,0
4997,0,0,1,0,0,0
4998,0,0,0,0,0,0
4999,25,17,1,2,4,4
5000,6,6,0,0,0,0
5001,0,0,0,2,0,2
5002,0,0,0,0,0,1
5003,0,0,0,0,0,0
5004,1,0,0,0,0,0
5005,0,0,0,0,0,0
5006,0,0,0,0,0,0
5007,0,10,236,180,175,199
5008,0,0,0,0,0,0
5009,0,0,0,0,0,0
5010,0,0,0,0,0,0
5011,141,20,0,1,0,1
5012,0,1,0,1,0,0
5013,0,0,0,0,0,0
5014,0,0,0,0,0,0
5015,0,0,0,0,0,0
5016,0,0,0,0,0,0
5017,0,0,0,0,0,0
5018,0,0,0,0,0,0
5019,0,0,0,0,0,0
5020,0,0,0,0,1,1
5021,0,0,0,0,0,0
5022,1,1,2,1,1,1
5023,0,0,0,0,0,0
5024,3,0,1,1,1,1
5025,0,0,0,0,0,0
5026,0,0,0,0,0,0
5027,0,0,0,0,0,0
5028,0,0,0,0,0,0
5029,0,0,0,0,0,0
5030,22,27,42,17,23,22
5031,0,16,17,31,23,23
5032,0,0,0,1,1,1
5033,0,0,0,0,0,0
5034,0,0,0,0,0,0
5035,19,0,3,1,2,3
5036,0,0,0,0,0,0
5037,0,0,0,0,0,0
5038,0,0,0,0,0,0
5039,0,0,0,0,0,0
5040,0,0,0,0,0,0
5041,0,0,0,0,0,0
5042,0,0,0,0,0,0
5043,0,0,0,0,0,0
5044,0,0,0,0,0,0
5045,0,1,0,0,0,0
5046,2,1,0,0,0,0
5047,0,0,0,0,0,0
5048,0,0,0,0,0,0
5049,11,0,0,0,0,0
5050,2171,348,243,370,385,421
5051,0,0,0,0,0,0
5052,0,0,0,0,0,0
5053,0,0,0,0,0,0
5054,0,0,1,0,1,0
5055,0,0,0,0,0,0
5056,0,0,0,0,0,0
5057,0,0,0,0,0,0
5058,0,5,0,0,0,0
5059,0,0,0,0,0,0
5060,12,12,53,157,61,51
5061,0,0,0,0,0,0
5062,0,0,0,0,0,0
5063,1,0,0,0,0,0
5064,0,0,0,0,0,0
5065,0,0,0,0,0,0
5066,0,0,0,0,0,0
5067,7,1,0,0,0,0
5068,0,0,0,0,0,0
5069,0,0,2,6,1,1
5070,1,0,0,0,0,0
5071,3,0,0,0,0,0
5072,0,0,0,0,0,0
5073,0,0,0,0,0,0
5074,0,0,0,0,0,0
5075,0,0,0,0,0,0
5076,0,0,0,0,0,0
5077,0,0,0,0,0,0
5078,0,0,0,0,0,0
5079,0,0,0,0,0,0
5080,0,0,1,1,1,1
5081,0,0,0,0,0,0
5082,0,0,0,0,0,0
5083,0,0,0,0,0,0
5084,0,0,0,0,0,0
5085,0,0,0,0,0,0
5086,0,0,0,0,0,0
5087,0,0,0,0,0,0
5088,5,0,2,10,4,7
5089,0,0,0,0,0,0
5090,0,0,0,0,0,0
5091,0,0,0,0,0,0
5092,0,0,0,0,0,0
5093,0,0,0,0,2,1
5094,0,0,0,0,0,0
5095,0,0,0,0,0,0
5096,87,39,114,79,66,63
5097,0,0,3,3,3,4
5098,0,0,0,0,0,0
5099,0,1,0,0,0,0
5100,0,1,4,4,10,11
5101,0,0,0,0,0,0
5102,0,0,0,0,0,0
5103,0,0,0,0,0,0
5104,0,0,0,0,0,0
5105,0,0,0,0,0,0
5106,31,87,88,121,122,145
5107,1,0,0,0,0,0
5108,0,0,0,0,0,0
5109,0,0,8,13,11,19
5110,0,0,0,1,1,0
5111,0,0,0,0,0,0
5112,16,0,0,0,0,0
5113,0,0,0,0,0,0
5114,11,0,0,0,0,3
5115,0,0,0,0,0,0
5116,4,203,86,329,260,210
5117,0,0,0,0,0,0
5118,0,0,0,0,0,0
5119,1,0,0,0,0,0
5120,0,0,0,0,0,0
5121,0,0,0,0,0,0
5122,0,0,0,0,0,0
5123,0,0,0,0,0,0
5124,0,0,0,0,0,0
5125,0,0,0,0,0,0
5126,0,16,88,41,181,46
5127,0,0,0,0,0,0
5128,0,0,13,11,3,6
5129,0,0,0,0,0,0
5130,0,0,0,0,0,0
5131,0,0,0,0,0,0
5132,0,0,0,0,0,0
5133,0,0,0,0,0,0
5134,0,0,0,0,0,0
5135,25,44,24,34,22,25
5136,0,0,0,0,0,0
5137,0,0,0,0,0,0
5138,0,0,0,0,0,0
5139,1,12,3,13,14,15
5140,0,0,0,0,0,0
5141,0,0,0,0,0,0
5142,0,0,0,0,0,0
5143,0,0,0,0,0,0
5144,0,0,2,12,8,7
5145,0,0,0,0,0,0
5146,0,0,0,0,0,0
5147,0,0,1,1,1,1
5148,0,0,0,0,0,0
5149,6,58,46,157,116,135
5150,2,0,0,1,1,1
5151,7,94,174,20,19,40
5152,2,0,0,1,2,1
5153,0,0,0,0,0,0
5154,0,0,0,0,0,0
5155,0,2,5,4,3,3
5156,0,0,0,0,0,0
5157,0,0,0,0,0,0
5158,0,0,0,0,0,0
5159,0,0,0,0,0,0
5160,0,0,0,0,0,0
5161,0,0,0,0,0,0
5162,0,0,0,0,0,0
5163,0,0,0,0,0,0
5164,0,0,0,0,0,0
5165,0,1,6,2,2,2
5166,0,0,0,0,0,0
5167,0,0,2,0,0,1
5168,0,0,0,0,0,0
5169,0,0,0,0,0,0
5170,0,0,0,0,0,0
5171,0,0,1,0,0,0
5172,10,0,0,0,0,0
5173,484,793,834,645,571,577
5174,1,1,5,1,1,2
5175,27,30,48,33,36,32
5176,137,62,65,180,169,155
5177,19,105,0,19,38,27
5178,0,3,9,3,1,4
5179,0,13,19,18,15,15
5180,0,0,0,0,0,0
5181,0,8,25,50,66,59
5182,17,38,92,40,35,36
5183,0,0,0,0,0,0
5184,0,0,0,0,0,0
5185,0,0,0,0,0,0
5186,0,0,0,0,0,0
5187,0,0,0,0,0,0
5188,0,0,2,0,0,0
5189,1,0,1,0,1,0
5190,0,0,0,0,0,0
5191,0,0,0,0,0,0
5192,0,0,2,7,2,3
5193,14,54,25,22,21,23
5194,0,3,0,0,0,0
5195,0,0,0,0,0,0
5196,0,0,0,0,0,0
5197,0,0,0,0,0,0
5198,0,0,0,0,0,0
5199,3,4,1,0,0,4
5200,0,0,0,0,0,0
5201,0,0,0,0,0,0
5202,6,9,2,21,28,21
5203,2,2,4,7,6,4
5204,0,0,0,0,0,0
5205,0,0,0,0,0,0
5206,0,0,0,0,0,0
5207,0,0,0,0,0,0
5208,0,0,0,0,0,0
5209,0,0,0,0,0,0
5210,97,34,27,5,3,4
5211,0,4,0,0,0,0
5212,0,0,0,0,0,0
5213,0,0,0,0,0,0
5214,0,0,0,2,5,5
5215,563,1208,437,93,171,202
5216,1,1,0,1,1,1
5217,0,0,0,0,0,0
5218,0,0,0,0,0,0
5219,4,1,0,0,0,0
5220,0,0,0,0,0,0
5221,0,0,0,0,0,0
5222,0,0,0,0,0,0
5223,7,13,16,11,1,3
5224,0,0,0,0,0,0
5225,0,0,0,0,0,0
5226,0,0,28,12,27,17
5227,0,0,0,0,0,0
5228,0,0,0,0,0,0
5229,0,0,0,0,0,0
5230,0,0,0,0,0,0
5231,0,0,0,1,0,0
5232,11,1,1,1,1,1
5233,0,0,0,0,0,0
5234,0,0,0,0,0,0
5235,0,0,0,0,0,0
5236,0,8,0,0,0,0
5237,0,0,0,0,0,0
5238,0,0,0,0,0,0
5239,0,0,0,0,0,0
5240,0,0,0,0,0,0
5241,0,0,0,7,9,10
5242,149,814,544,489,454,449
5243,0,2,15,20,17,8
5244,0,0,0,0,0,0
5245,0,0,0,0,0,0
5246,0,0,0,0,0,0
5247,0,0,0,3,0,0
5248,0,0,0,0,0,0
5249,0,0,0,0,0,0
5250,49,32,15,9,5,4
5251,0,0,0,0,0,0
5252,0,0,0,1,1,1
5253,0,0,0,0,0,0
5254,0,0,0,0,0,0
5255,0,0,0,0,0,0
5256,0,0,0,0,0,0
5257,2,4,3,0,3,3
5258,0,0,0,0,0,0
5259,0,0,0,0,0,0
5260,0,0,0,0,0,0
5261,0,0,2,9,7,8
5262,0,0,0,0,0,0
5263,0,0,0,0,0,0
5264,0,0,1,1,0,0
5265,0,9,70,186,117,42
5266,0,0,0,0,2,2
5267,0,0,5,3,15,36
5268,6,0,1,2,3,3
5269,333,146,408,335,308,310
5270,0,0,0,0,0,0
5271,0,0,1,0,0,0
5272,0,4,0,0,0,0
5273,0,0,0,0,0,0
5274,0,0,0,0,0,0
5275,0,1,0,8,5,6
5276,0,1,0,0,0,0
5277,0,0,0,0,0,0
5278,0,0,0,0,0,0
5279,0,1,11,11,4,5
5280,0,0,0,0,0,0
5281,0,0,0,0,0,0
5282,1,1,1,1,0,0
5283,3,11,9,11,10,10
5284,0,0,0,0,1,1
5285,0,0,0,0,0,0
5286,0,0,0,0,0,0
5287,0,0,1,2,2,2
5288,0,2,0,0,0,1
5289,0,0,0,0,0,0
5290,0,0,0,0,0,0
5291,0,0,1,0,0,0
5292,0,2,1,0,0,0
5293,2,6,8,4,3,6
5294,0,0,0,0,0,0
5295,0,0,0,0,0,0
5296,0,0,0,0,0,0
5297,0,0,1,0,1,1
5298,0,0,0,0,0,0
5299,0,12,0,1,3,3
5300,0,0,0,1,2,1
5301,0,0,0,0,0,0
5302,0,2,1,1,1,1
5303,0,0,0,0,0,0
5304,0,0,0,0,0,0
5305,0,0,0,0,0,0
5306,0,0,0,1,1,1
5307,0,0,0,0,0,0
5308,0,0,0,0,0,0
5309,0,0,0,0,0,0
5310,0,0,0,0,0,0
5311,2,0,0,0,0,0
5312,0,0,0,0,0,0
5313,0,0,0,0,0,0
5314,0,0,0,0,0,0
5315,12,6,14,63,44,30
5316,0,0,0,0,0,0
5317,0,1,0,0,0,0
5318,1,4,4,6,11,9
5319,0,0,0,0,0,0
5320,0,0,0,0,0,0
5321,0,0,0,0,0,0
5322,0,0,0,1,1,1
5323,0,0,0,0,0,0
5324,0,1,1,0,0,0
5325,0,0,0,0,0,0
5326,0,0,1,1,1,1
5327,0,0,0,0,0,0
5328,0,0,0,0,0,0
5329,0,0,0,0,0,0
5330,6,6,1,9,14,16
5331,0,0,0,0,0,0
5332,6,6,47,33,35,26
5333,0,0,0,2,3,2
5334,0,0,0,0,0,0
5335,0,0,0,0,0,0
5336,2,45,2,6,20,14
5337,0,0,0,0,0,0
5338,0,0,0,0,2,1
5339,0,0,0,0,0,0
5340,0,0,0,0,0,0
5341,0,0,0,0,0,0
5342,0,0,0,0,0,0
5343,0,0,0,0,0,0
5344,0,0,0,0,0,0
5345,0,0,0,0,0,0
5346,0,0,0,0,0,0
5347,0,0,0,0,0,0
5348,0,0,0,0,0,0
5349,4,44,80,59,60,62
5350,0,0,0,0,0,0
5351,0,0,0,0,0,0
5352,0,0,0,0,0,0
5353,0,0,0,0,0,0
5354,0,1,30,9,16,13
5355,0,1,16,11,10,13
5356,4,0,0,0,0,0
5357,0,0,0,0,1,1
5358,0,0,0,0,0,0
5359,0,0,0,0,0,0
5360,0,0,0,0,0,0
5361,0,0,0,2,0,0
5362,63,7,3,3,5,4
5363,26,8,9,4,4,3
5364,0,0,0,0,0,0
5365,0,0,0,0,0,0
5366,0,0,0,0,0,0
5367,0,0,3,2,2,2
5368,0,0,0,0,0,0
5369,0,0,0,0,0,0
5370,0,0,0,0,0,0
5371,0,0,0,0,0,0
5372,0,0,0,0,0,0
5373,11,26,52,15,9,7
5374,2,2,0,0,0,0
5375,0,0,0,0,0,0
5376,9,8,2,2,2,2
5377,0,0,0,0,0,0
5378,0,0,0,0,1,1
5379,3,0,1,1,1,1
5380,8,12,4,9,20,22
5381,72,55,196,163,199,188
5382,0,0,0,0,0,0
5383,0,0,0,0,0,0
5384,42,49,19,4,2,2
5385,0,3,6,5,10,7
5386,0,0,0,0,0,0
5387,0,0,0,1,1,1
5388,26,14,108,139,101,117
5389,0,0,0,0,0,0
5390,0,0,0,0,0,0
5391,2,0,0,0,0,0
5392,0,0,0,0,0,0
5393,0,0,0,0,0,0
5394,0,0,7,19,29,19
5395,0,1,0,0,0,0
5396,0,0,0,0,0,0
5397,0,0,0,0,0,0
5398,0,0,0,0,0,0
5399,0,0,0,0,0,0
5400,0,0,0,0,0,0
5401,0,0,0,0,0,0
5402,0,0,0,0,0,0
5403,0,0,0,0,0,0
5404,1,0,0,0,0,0
5405,0,0,0,0,2,3
5406,0,0,0,0,0,0
5407,1,0,0,0,0,0
5408,0,0,0,0,0,0
5409,0,0,0,0,0,0
5410,0,0,0,0,0,0
5411,0,0,0,0,0,0
5412,0,1,0,0,0,0
5413,0,0,0,0,0,0
5414,2,0,0,1,0,0
5415,1,0,0,0,1,0
5416,0,0,1,0,0,0
5417,144,10,49,40,51,50
5418,0,2,1,2,2,2
5419,0,0,0,0,0,0
5420,2,0,0,0,0,0
5421,0,0,0,0,0,0
5422,0,0,0,0,0,0
5423,0,0,0,0,0,0
5424,0,0,0,0,0,0
5425,0,0,0,0,0,0
5426,7,6,5,2,2,3
5427,0,0,0,0,0,0
5428,0,0,0,0,0,0
5429,0,0,0,0,0,0
5430,13,0,37,76,94,60
5431,0,0,0,0,0,0
5432,0,0,1,2,2,2
5433,0,0,1,1,1,1
5434,1,2,3,0,0,0
5435,0,2,1,1,1,1
5436,0,0,0,0,0,0
5437,0,0,0,0,0,0
5438,0,0,0,0,0,0
5439,17,11,1,2,2,1
5440,0,0,1,0,0,0
5441,0,0,0,0,0,0
5442,0,0,0,0,0,0
5443,0,0,0,0,0,0
5444,0,25,1,10,18,24
5445,0,0,0,0,0,0
5446,0,0,0,0,0,0
5447,0,0,0,0,0,0
5448,0,0,0,0,0,0
5449,0,0,0,0,0,0
5450,0,0,0,0,0,0
5451,1,0,5,1,1,0
5452,0,0,0,0,0,0
5453,0,0,0,0,0,0
5454,0,0,0,0,0,0
5455,0,0,1,1,0,0
5456,0,0,0,0,0,0
5457,7,3,22,2,2,2
5458,0,0,0,0,0,0
5459,0,0,0,0,0,0
5460,2,0,0,0,1,1
5461,0,0,0,0,0,0
5462,0,0,0,0,0,0
5463,0,0,0,0,0,0
5464,0,0,0,0,0,0
5465,0,0,0,0,0,0
5466,0,0,0,0,0,0
5467,0,0,1,2,3,1
5468,0,0,0,0,0,0
5469,3,9,14,9,16,9
5470,12,0,3,3,4,4
5471,0,0,0,0,0,0
5472,0,0,0,0,0,0
5473,0,0,0,0,0,0
5474,0,0,0,0,0,0
5475,0,0,0,0,0,0
5476,1,0,1,0,0,0
5477,0,0,2,5,2,0
5478,25,10,4,5,13,7
5479,0,0,0,0,0,0
5480,0,0,0,0,0,0
5481,0,0,0,0,0,0
5482,0,1,1,2,0,1
5483,0,0,0,0,0,0
5484,0,0,0,0,0,0
5485,0,0,0,0,0,0
5486,0,0,0,0,0,0
5487,2,0,0,1,2,2
5488,24,48,8,7,7,9
5489,0,0,10,53,117,72
5490,149,172,211,175,183,180
5491,0,0,0,0,0,0
5492,0,0,6,3,9,6
5493,0,0,0,0,0,0
5494,0,0,0,0,0,0
5495,102,100,27,0,0,0
5496,0,4,10,11,13,14
5497,0,0,0,0,0,0
5498,0,0,0,5,5,3
5499,0,0,0,0,0,0
5500,0,0,0,0,0,0
5501,0,0,0,0,0,0
5502,2,1,0,0,0,0
5503,222,211,316,117,106,110
5504,1,1,0,0,0,0
5505,0,0,0,0,0,0
5506,0,0,0,1,1,1
5507,0,0,0,0,0,0
5508,1,5,0,0,0,0
5509,1,0,0,0,0,0
5510,2,0,3,0,0,0
5511,1,0,0,0,0,0
5512,49,69,58,38,63,69
5513,0,0,0,0,0,0
5514,0,0,0,0,0,0
5515,0,0,0,0,0,0
5516,0,0,0,0,0,0
5517,2,17,8,9,9,7
5518,0,0,0,0,0,0
5519,0,0,0,0,0,0
5520,0,2,2,4,4,3
5521,0,1,1,1,1,1
5522,0,0,1,0,0,0
5523,0,0,0,0,0,0
5524,0,0,0,0,0,0
5525,0,0,0,0,0,0
5526,0,0,0,0,0,0
5527,0,0,0,0,0,0
5528,0,11,6,4,5,3
5529,18,11,2,0,0,0
5530,0,0,0,0,0,0
5531,1,0,0,0,0,0
5532,0,0,0,0,0,0
5533,0,0,0,0,0,0
5534,13,12,102,100,112,103
5535,0,0,0,0,0,0
5536,0,0,0,0,0,0
5537,0,0,0,0,0,0
5538,0,0,0,0,0,0
5539,0,0,0,0,0,0
5540,0,0,0,0,0,0
5541,0,0,0,0,0,0
5542,0,0,0,0,0,0
5543,2,1,6,5,6,4
5544,0,0,0,1,0,0
5545,0,7,9,7,6,6
5546,0,0,0,0,0,0
5547,0,0,0,0,0,0
5548,0,0,0,0,0,0
5549,0,0,0,0,0,0
5550,6,0,0,1,1,1
5551,0,0,0,0,0,0
5552,0,0,0,0,0,0
5553,1,7,9,20,19,20
5554,0,0,0,0,0,0
5555,5,0,1,0,0,0
5556,0,0,0,0,0,0
5557,0,1,0,0,0,0
5558,0,0,0,0,0,0
5559,0,0,0,0,0,0
5560,0,0,0,1,0,0
5561,0,0,0,0,0,0
5562,0,0,0,0,0,0
5563,1,1,0,0,0,0
5564,0,0,0,0,0,0
5565,0,1,1,10,1,1
5566,0,0,0,0,0,0
5567,0,0,1,3,2,2
5568,0,0,1,1,1,2
5569,0,0,0,0,0,0
5570,0,14,2,10,11,13
5571,0,0,0,0,0,0
5572,0,0,1,0,0,0
5573,176,450,315,440,399,378
5574,0,0,0,0,0,0
5575,0,0,0,0,0,0
5576,0,0,0,19,11,8
5577,0,0,0,0,0,0
5578,0,0,0,0,0,0
5579,0,0,0,0,0,0
5580,0,0,0,0,0,0
5581,2,3,6,28,34,47
5582,0,0,0,0,0,0
5583,3,0,0,0,0,0
5584,4,5,16,16,13,14
5585,0,0,2,1,1,1
5586,0,0,0,0,0,0
5587,0,0,0,0,0,0
5588,0,0,0,0,0,0
5589,0,0,0,0,0,0
5590,0,0,0,0,0,0
5591,0,0,0,0,0,0
5592,0,0,0,0,0,0
5593,0,0,0,12,0,2
5594,0,0,0,0,0,0
5595,0,0,0,0,0,0
5596,0,0,0,0,0,0
5597,0,0,1,0,0,0
5598,6,1,0,0,0,0
5599,0,0,0,0,0,0
5600,2,3,0,0,0,0
5601,1,14,2,12,13,9
5602,0,3,2,8,6,10
5603,0,0,7,3,2,2
5604,0,0,0,0,0,0
5605,0,0,0,0,0,0
5606,0,0,0,0,0,0
5607,0,0,1,0,0,0
5608,0,0,0,0,0,0
5609,0,0,0,0,0,0
5610,0,0,0,0,0,0
5611,15,11,27,31,30,27
5612,36,96,126,79,107,105
5613,0,0,0,0,0,0
5614,0,5,24,8,8,7
5615,0,0,1,1,2,0
5616,1,3,3,4,7,7
5617,0,0,0,0,0,0
5618,0,0,0,0,0,0
5619,0,0,0,1,2,1
5620,0,0,0,0,0,0
5621,0,0,0,0,0,0
5622,0,0,0,0,0,0
5623,0,0,0,0,0,0
5624,0,0,0,0,0,0
5625,1,0,2,1,1,1
5626,0,0,0,0,0,0
5627,0,0,0,0,0,0
5628,0,0,0,0,0,0
5629,0,0,0,0,0,0
5630,0,0,0,0,0,0
5631,0,0,0,0,0,0
5632,0,0,0,0,0,0
5633,0,0,0,0,0,0
5634,0,0,0,0,0,0
5635,0,0,0,1,1,1
5636,0,0,0,0,0,0
5637,0,0,0,0,0,0
5638,0,0,0,0,0,0
5639,0,3,0,0,0,0
5640,0,0,0,0,0,0
5641,0,0,0,0,0,0
5642,0,0,0,0,0,0
5643,0,0,2,1,1,1
5644,0,0,0,0,0,0
5645,0,0,0,1,1,1
5646,0,0,0,0,0,0
5647,0,0,0,0,0,0
5648,0,0,0,0,0,0
5649,0,0,0,0,0,0
5650,0,0,5,0,3,2
5651,0,0,0,1,0,1
5652,0,0,0,2,1,1
5653,0,0,0,0,0,0
5654,0,0,1,10,5,5
5655,1,0,5,1,1,1
5656,0,0,0,0,0,0
5657,0,0,0,0,0,0
5658,10,4,0,0,0,0
5659,0,0,5,1,0,1
5660,0,0,0,0,0,0
5661,4,2,0,1,4,3
5662,0,0,3,4,4,3
5663,0,0,0,0,0,0
5664,0,0,0,0,0,0
5665,0,0,0,0,0,0
5666,0,1,4,2,2,2
5667,0,0,0,0,0,0
5668,0,0,0,0,0,0
5669,0,0,0,0,0,0
5670,14,32,19,47,39,36
5671,1,4,7,6,10,11
5672,0,0,0,0,0,0
5673,0,0,0,0,0,0
5674,0,0,0,2,1,0
5675,13,3,1,0,0,0
5676,0,0,0,0,0,0
5677,0,0,0,0,0,0
5678,0,0,1,10,12,9
5679,0,0,0,0,0,0
5680,0,0,0,0,0,0
5681,0,0,0,0,0,0
5682,0,0,0,0,0,0
5683,0,0,0,2,2,2
5684,0,0,0,0,0,0
5685,0,0,0,0,0,0
5686,0,0,0,3,1,2
5687,0,0,0,0,0,0
5688,0,0,0,0,0,0
5689,0,0,0,0,0,0
5690,8,1,4,2,0,0
5691,9,25,1,55,88,28
5692,0,0,0,0,0,0
5693,0,0,0,1,0,0
5694,0,0,0,0,0,0
5695,0,0,0,0,0,0
5696,57,108,17,48,42,50
5697,0,0,0,0,0,0
5698,1,3,3,1,2,2
5699,0,0,0,0,0,0
5700,5,0,0,0,0,1
5701,0,0,0,0,0,0
5702,0,0,0,0,0,0
5703,0,0,0,0,0,0
5704,0,0,0,0,0,0
5705,2,0,0,0,0,0
5706,0,2,0,0,0,0
5707,0,0,0,0,0,0
5708,19,38,3,0,0,0
5709,3,2,1,3,6,6
5710,0,0,0,0,0,0
5711,0,0,0,0,0,0
5712,2,25,18,0,0,0
5713,0,1,0,0,0,0
5714,27,49,7,30,31,21
5715,0,0,0,2,1,1
5716,3,4,2,9,19,24
5717,0,0,0,0,0,0
5718,0,0,0,0,0,0
5719,0,0,0,0,0,0
5720,0,0,0,4,3,3
5721,0,0,0,0,0,0
5722,0,0,0,0,0,0
5723,0,0,0,0,0,0
5724,0,0,0,0,0,0
5725,0,1,0,0,0,0
5726,1,18,22,26,22,23
5727,0,0,0,0,0,0
5728,0,0,0,0,0,0
5729,0,0,0,0,0,0
5730,0,0,0,0,0,0
5731,1,11,41,56,130,122
5732,0,2,0,0,0,0
5733,19,183,116,69,59,60
5734,0,0,0,0,0,0
5735,0,0,0,0,1,1
5736,0,0,0,0,0,0
5737,0,0,0,0,0,0
5738,0,0,0,0,0,0
5739,11,0,0,10,0,0
5740,0,0,0,0,0,0
5741,0,0,0,0,0,0
5742,0,0,0,0,0,0
5743,0,0,0,0,0,0
5744,0,0,0,0,0,0
5745,0,0,0,0,0,0
5746,0,0,0,0,0,0
5747,60,12,24,114,155,153
5748,0,0,0,0,0,0
5749,0,0,0,0,0,0
5750,1,0,0,0,0,0
5751,0,0,0,0,0,0
5752,0,0,0,1,1,1
5753,0,0,0,0,0,0
5754,0,0,1,0,0,0
5755,0,0,0,0,0,0
5756,0,0,0,0,0,0
5757,20,8,1,1,1,1
5758,0,0,0,0,0,0
5759,3,1,10,4,3,4
5760,0,0,0,0,0,0
5761,0,0,0,0,0,0
5762,0,0,0,0,0,0
5763,0,1,2,1,6,3
5764,0,0,0,0,0,0
5765,0,0,0,0,0,0
5766,0,0,0,0,0,0
5767,0,0,0,0,0,0
5768,0,0,0,0,0,0
5769,2,0,2,2,5,4
5770,0,0,0,0,0,0
5771,1,1,1,1,1,1
5772,0,0,0,0,0,0
5773,1,0,0,0,1,0
5774,0,0,0,0,0,0
5775,0,0,0,0,0,0
5776,0,0,0,0,0,0
5777,16,15,86,80,86,108
5778,0,0,0,0,0,0
5779,0,8,28,46,36,40
5780,0,0,0,0,0,0
5781,0,1,7,7,3,3
5782,0,0,0,0,0,0
5783,0,0,1,1,1,1
5784,0,0,0,0,0,0
5785,0,0,0,0,0,0
5786,0,0,0,0,0,0
5787,0,0,0,0,0,0
5788,1,0,0,0,0,0
5789,0,0,0,0,0,0
5790,0,0,0,0,0,0
5791,0,0,0,0,0,0
5792,0,0,0,0,0,0
5793,0,0,0,0,0,0
5794,0,0,0,0,0,0
5795,0,0,0,0,0,0
5796,4,9,12,9,9,10
5797,0,0,0,0,0,0
5798,1,0,1,3,1,3
5799,3,1,1,0,0,0
5800,0,0,0,0,0,0
5801,3,0,0,0,0,0
5802,0,0,0,0,0,0
5803,0,0,0,0,0,0
5804,0,0,0,0,0,0
5805,0,0,0,0,0,0
5806,0,0,0,0,0,0
5807,0,0,0,0,0,0
5808,1,1,0,0,0,0
5809,0,0,0,0,0,0
5810,0,0,0,0,0,0
5811,0,0,1,1,0,0
5812,0,0,0,0,0,0
5813,0,0,5,1,2,3
5814,0,0,0,0,0,0
5815,0,0,0,0,0,0
5816,0,0,0,0,0,0
5817,0,0,3,0,0,1
5818,0,0,0,0,0,0
5819,2,16,2,42,16,20
5820,0,0,0,0,0,0
5821,0,0,0,0,0,0
5822,0,0,0,1,1,1
5823,0,0,0,0,0,0
5824,42,262,39,54,65,71
5825,30,93,238,177,204,261
5826,0,0,0,0,0,0
5827,0,1,4,3,4,4
5828,1,0,2,2,3,2
5829,1,0,0,2,0,0
5830,2,27,3,0,0,0
5831,0,0,0,0,0,0
5832,0,0,0,0,0,0
5833,2,0,1,1,1,1
5834,0,0,0,0,0,0
5835,6,10,9,4,4,4
5836,0,0,0,0,0,0
5837,0,0,0,0,0,0
5838,0,0,0,0,0,0
5839,0,0,0,0,0,0
5840,0,0,0,0,0,0
5841,0,0,0,1,1,1
5842,4,12,42,374,233,229
5843,0,0,0,0,0,0
5844,6,0,0,1,1,10
5845,0,0,1,1,0,0
5846,0,0,0,0,0,0
5847,0,0,0,0,0,0
5848,0,0,3,0,1,1
5849,0,0,0,0,0,0
5850,0,0,0,0,0,0
5851,0,5,4,1,3,3
5852,0,0,4,0,0,0
5853,0,0,0,0,0,0
5854,0,0,0,0,0,0
5855,0,0,0,2,2,2
5856,0,0,0,0,0,0
5857,0,3,6,4,3,3
5858,0,0,0,0,0,0
5859,1,0,0,0,0,0
5860,0,0,0,0,0,0
5861,0,5,4,4,10,10
5862,0,0,3,13,13,14
5863,0,0,0,0,0,0
5864,0,0,0,0,0,0
5865,0,0,0,0,0,0
5866,0,0,0,0,0,0
5867,0,0,0,1,1,1
5868,0,0,0,0,0,0
5869,0,0,0,0,0,0
5870,0,0,0,1,1,1
5871,0,2,2,3,5,5
5872,0,0,0,0,0,0
5873,0,1,1,2,2,3
5874,43,7,7,7,9,9
5875,1,0,0,0,0,0
5876,0,0,0,0,0,0
5877,0,0,0,0,0,0
5878,0,0,0,0,0,0
5879,0,0,0,0,0,0
5880,0,0,0,0,0,0
5881,0,0,0,2,0,0
5882,0,0,0,0,0,0
5883,0,1,1,0,0,0
5884,1,0,1,0,0,0
5885,0,0,0,0,0,0
5886,3,20,13,10,4,5
5887,0,0,0,0,0,0
5888,0,0,0,0,0,0
5889,0,1,0,1,0,0
5890,103,95,256,452,192,201
5891,1,5,1,1,1,1
5892,0,0,0,0,0,0
5893,0,0,0,1,2,2
5894,0,0,0,0,0,0
5895,0,0,0,0,0,0
5896,0,0,0,0,0,0
5897,1,0,8,33,41,44
5898,0,0,0,0,0,0
5899,0,0,0,0,0,0
5900,0,1,15,14,19,27
5901,2,26,40,77,50,59
5902,0,0,0,0,0,0
5903,0,0,0,0,0,0
5904,0,0,0,0,0,0
5905,718,821,581,3878,2106,3522
5906,1,0,0,1,0,0
5907,0,0,0,0,0,0
5908,0,0,0,0,0,0
5909,0,0,0,0,0,0
5910,0,0,0,0,0,0
5911,0,0,0,0,0,0
5912,0,0,0,0,0,0
5913,0,0,0,0,0,0
5914,0,0,0,0,0,0
5915,0,0,0,0,0,0
5916,0,0,0,0,0,0
5917,1,0,0,0,0,0
5918,40,6,22,6,7,6
5919,0,0,0,0,0,0
5920,0,0,4,2,5,4
5921,0,0,0,0,0,0
5922,0,0,4,0,0,0
5923,115,44,211,189,138,168
5924,0,0,0,0,0,0
5925,3,0,0,0,0,1
5926,10,0,1,2,2,3
5927,0,0,0,0,0,0
5928,0,0,0,0,0,1
5929,0,0,0,0,0,0
5930,0,0,0,0,0,0
5931,0,0,0,0,0,0
5932,0,0,0,0,0,0
5933,0,0,0,0,0,0
5934,7,28,20,28,20,24
5935,0,0,0,0,0,0
5936,0,0,0,0,0,0
5937,0,0,0,0,0,0
5938,9,5,1,33,26,26
5939,0,6,21,21,9,10
5940,0,0,0,0,0,0
5941,0,0,0,0,0,0
5942,0,0,0,0,0,0
5943,0,0,5,2,2,2
5944,11,2,8,7,3,4
5945,0,0,0,0,0,0
5946,0,0,0,0,0,0
5947,0,0,0,43,33,26
5948,0,0,0,0,0,0
5949,0,0,1,0,0,0
5950,0,0,0,0,0,0
5951,0,0,0,0,0,0
5952,0,0,0,0,0,0
5953,0,0,0,0,0,0
5954,0,0,0,0,0,0
5955,0,0,0,0,0,0
5956,0,0,0,0,0,0
5957,1,1,4,4,2,2
5958,0,0,0,1,0,0
5959,0,0,0,0,0,0
5960,0,0,0,0,0,0
5961,0,0,0,0,0,0
5962,0,0,0,0,0,0
5963,0,0,1,1,1,1
5964,0,0,1,0,3,4
5965,0,0,0,0,0,0
5966,0,0,0,0,0,0
5967,0,0,0,0,0,0
5968,0,0,0,0,0,0
5969,0,0,0,0,0,0
5970,161,183,42,114,116,153
5971,0,0,0,0,0,0
5972,0,0,0,1,0,1
5973,0,0,0,0,0,0
5974,0,0,0,0,0,0
5975,0,0,0,0,0,0
5976,0,0,0,0,0,0
5977,0,0,0,0,0,0
5978,0,0,1,0,2,1
5979,2,0,0,0,0,0
5980,0,0,0,1,1,1
5981,0,0,0,0,0,0
5982,0,0,0,0,0,0
5983,0,0,0,0,0,0
5984,0,0,0,0,0,0
5985,0,0,0,0,0,0
5986,0,0,0,0,0,0
5987,0,0,0,0,0,0
5988,0,0,0,0,0,0
5989,0,0,0,0,2,2
5990,0,0,0,0,0,0
5991,0,0,0,0,0,0
5992,0,0,0,0,0,0
5993,0,0,0,0,0,0
5994,17,124,118,54,105,92
5995,0,0,0,0,0,0
5996,2,0,7,9,7,8
5997,0,0,0,0,0,0
5998,0,0,0,0,0,0
5999,0,0,0,0,0,0
6000,0,0,0,0,0,0
6001,0,0,0,0,0,0
6002,0,1,5,3,6,3
6003,0,0,0,1,1,1
6004,0,0,0,0,0,0
6005,0,0,0,0,0,0
6006,26,96,76,41,39,36
6007,0,0,0,2,0,0
6008,0,0,0,0,0,0
6009,0,0,0,0,0,0
6010,0,0,0,0,0,0
6011,0,0,0,0,0,0
6012,0,0,0,0,0,0
6013,0,0,0,0,0,0
6014,0,0,0,0,0,0
6015,0,0,1,0,1,2
6016,0,0,0,0,0,0
6017,0,0,0,0,0,0
6018,8,93,193,113,129,124
6019,0,0,0,0,0,0
6020,0,0,2,18,15,14
6021,0,0,0,0,0,0
6022,441,674,2106,1077,1501,1434
6023,1,0,0,0,0,0
6024,0,0,0,0,0,0
6025,0,0,0,0,0,0
6026,0,0,0,0,0,0
6027,0,0,0,0,0,0
6028,0,0,0,0,0,0
6029,0,0,0,0,0,0
6030,3,1,0,0,0,0
6031,0,0,0,0,0,0
6032,0,0,0,0,0,0
6033,0,0,0,0,0,0
6034,0,0,0,0,0,0
6035,0,0,0,0,0,0
6036,0,0,0,0,0,0
6037,0,0,0,0,0,0
6038,0,0,0,0,0,0
6039,0,0,0,0,0,0
6040,1,5,5,18,24,24
6041,0,0,0,0,0,0
6042,0,0,0,0,0,0
6043,0,0,0,4,1,2
6044,0,0,0,0,0,0
6045,0,0,0,0,0,0
6046,0,1,1,1,1,1
6047,0,0,0,0,0,0
6048,2,44,42,44,18,13
6049,15,60,86,167,184,212
6050,1,7,36,51,47,60
6051,0,0,0,0,0,0
6052,0,0,0,0,0,0
6053,0,0,0,0,0,0
6054,0,0,0,0,0,0
6055,0,0,0,0,0,0
6056,12,116,41,24,19,14
6057,0,0,0,0,0,0
6058,0,1,4,2,3,2
6059,2,0,0,0,0,0
6060,0,0,0,0,0,0
6061,0,0,0,0,0,0
6062,0,0,0,0,0,0
6063,0,0,0,0,0,0
6064,0,0,0,0,0,0
6065,0,0,0,0,0,0
6066,15,125,299,107,115,141
6067,0,0,0,0,0,0
6068,0,0,0,0,0,0
6069,0,0,0,0,0,0
6070,0,1,0,2,2,2
6071,0,0,0,1,1,1
6072,0,0,0,0,0,0
6073,0,0,0,0,0,0
6074,1,0,0,0,0,0
6075,0,0,0,0,0,0
6076,0,7,3,5,6,6
6077,0,0,0,1,1,2
6078,0,0,0,0,0,0
6079,0,3,0,0,0,1
6080,3,2,6,3,3,1
6081,0,0,0,0,0,0
6082,0,1,5,10,9,9
6083,0,0,0,0,0,0
6084,0,0,0,0,0,0
6085,0,0,0,0,0,0
6086,0,1,6,7,2,7
6087,0,0,0,0,0,0
6088,0,2,0,1,0,0
6089,0,0,0,0,0,0
6090,0,0,0,0,0,0
6091,0,0,0,0,0,0
6092,0,0,0,0,0,0
6093,0,0,0,0,0,0
6094,0,0,0,0,0,0
6095,0,4,2,4,2,2
6096,0,1,1,0,1,2
6097,0,0,0,0,0,0
6098,1,3,133,3,6,5
6099,0,0,0,0,0,0
6100,0,0,0,0,0,0
6101,0,0,0,0,0,0
6102,0,0,1,0,0,0
6103,0,0,0,0,0,0
6104,0,0,0,0,0,0
6105,0,0,0,0,0,0
6106,0,0,0,0,0,0
6107,0,0,0,0,0,0
6108,0,0,0,0,0,0
6109,0,0,0,0,0,0
6110,1,0,0,0,0,1
6111,0,0,0,0,0,0
6112,0,0,0,0,0,0
6113,0,0,0,0,0,0
6114,0,0,3,0,3,3
6115,2,0,0,0,1,1
6116,0,0,0,0,0,0
6117,4,23,20,28,29,42
6118,0,0,0,0,0,0
6119,0,0,0,0,0,0
6120,0,0,0,0,0,0
6121,0,0,9,3,3,3
6122,0,0,0,0,0,0
6123,0,0,0,0,0,0
6124,0,0,0,0,0,0
6125,0,0,0,0,0,0
6126,0,0,0,0,0,0
6127,0,0,0,0,0,0
6128,0,0,0,0,0,0
6129,0,0,0,0,0,0
6130,0,8,17,6,6,8
6131,1,0,3,11,16,3
6132,0,0,4,3,3,3
6133,0,0,0,0,0,0
6134,0,0,0,0,0,0
6135,0,0,0,0,0,0
6136,0,0,3,4,4,4
6137,4,0,2,0,0,0
6138,0,0,0,0,0,0
6139,0,0,0,0,0,0
6140,7,0,4,0,0,0
6141,0,0,0,0,0,0
6142,0,0,0,1,0,0
6143,0,0,0,0,0,0
6144,0,0,0,0,0,0
6145,0,0,0,0,0,0
6146,0,4,2,1,2,1
6147,0,0,0,0,0,0
6148,0,0,0,0,0,0
6149,0,0,0,0,0,0
6150,0,0,0,0,0,0
6151,0,0,0,0,0,0
6152,0,0,0,0,0,0
6153,0,0,0,0,0,0
6154,0,0,0,0,0,0
6155,0,0,0,0,0,0
6156,0,0,0,0,0,0
6157,0,6,0,0,0,0
6158,0,0,0,0,0,0
6159,0,0,0,0,0,0
6160,0,1,0,0,3,2
6161,1,0,1,0,0,0
6162,0,0,0,0,1,3
6163,0,0,1,1,1,1
6164,0,0,0,0,0,0
6165,0,0,0,0,0,0
6166,0,1,13,19,15,17
6167,7,2,3,2,4,3
6168,0,0,0,0,0,0
6169,2,11,2,3,1,1
6170,0,0,0,1,0,0
6171,0,0,3,0,0,0
6172,0,0,0,0,0,0
6173,10,82,48,85,80,69
6174,0,0,0,0,0,0
6175,0,0,0,0,0,0
6176,0,0,0,0,0,0
6177,0,0,0,0,0,0
6178,0,0,0,0,0,0
6179,0,0,1,0,0,0
6180,0,0,0,2,2,2
6181,0,0,0,0,0,0
6182,0,0,0,0,0,0
6183,0,0,0,0,0,0
6184,0,0,0,0,0,0
6185,0,3,2,1,1,2
6186,0,0,0,0,0,0
6187,0,0,0,0,0,0
6188,0,0,0,0,0,0
6189,0,0,0,2,6,9
6190,0,0,0,1,1,1
6191,0,0,0,0,0,0
6192,0,0,0,0,0,0
6193,0,0,0,0,0,0
6194,1,9,0,5,1,3
6195,0,0,0,0,0,0
6196,0,18,27,11,8,7
6197,0,0,0,0,0,0
6198,1,4,0,0,2,3
6199,0,0,0,0,0,0
6200,0,0,0,0,0,0
6201,0,0,0,0,0,0
6202,0,0,0,0,0,0
6203,23,3,7,11,13,14
6204,0,19,0,1,1,1
6205,0,0,1,1,1,1
6206,0,0,0,0,0,0
6207,1,14,10,25,32,34
6208,0,0,0,0,0,0
6209,0,0,0,0,0,0
6210,0,0,0,0,0,0
6211,0,0,0,0,0,0
6212,0,0,0,0,0,0
6213,9,5,6,6,4,4
6214,0,0,0,0,0,0
6215,1,0,0,0,0,0
6216,0,0,0,0,0,0
6217,0,0,0,0,0,0
6218,0,0,1,0,1,0
6219,0,0,0,0,0,0
6220,0,0,0,0,0,0
6221,0,0,0,0,0,0
6222,0,0,0,0,0,0
6223,0,0,0,0,0,0
6224,0,0,0,0,0,0
6225,0,0,0,1,1,1
6226,0,4,9,13,23,18
6227,0,0,0,0,0,0
6228,0,0,0,0,0,0
6229,0,0,1,0,0,1
6230,0,0,0,0,0,0
6231,0,0,0,0,1,1
6232,0,0,0,0,0,0
6233,0,0,0,0,0,0
6234,13,12,30,14,13,13
6235,0,0,0,0,0,0
6236,4,1,5,4,5,5
6237,0,0,0,0,0,0
6238,0,0,0,0,0,0
6239,0,0,0,0,0,0
6240,0,0,1,0,1,1
6241,0,0,0,0,0,0
6242,11,2,8,5,12,6
6243,0,0,5,0,0,0
6244,0,0,0,0,0,0
6245,0,0,0,0,1,1
6246,0,0,0,0,0,0
6247,0,0,0,0,0,0
6248,0,0,0,0,0,0
6249,0,0,0,0,0,0
6250,0,0,0,0,0,0
6251,14,80,170,93,88,94
6252,0,0,0,0,0,0
6253,508,310,557,441,463,466
6254,0,0,0,0,0,0
6255,4,0,0,0,0,0
6256,0,0,0,0,0,0
6257,0,0,0,0,0,0
6258,0,0,0,0,0,0
6259,0,0,0,0,0,0
6260,1,0,0,0,0,0
6261,0,0,0,0,0,0
6262,0,1,0,0,0,0
6263,0,0,0,0,0,0
6264,6,21,5,0,4,3
6265,0,0,0,0,0,0
6266,0,0,0,0,0,0
6267,0,0,0,0,0,0
6268,0,0,0,0,0,0
6269,0,0,0,0,0,0
6270,0,0,0,0,0,0
6271,0,0,0,1,1,1
6272,1,2,35,22,32,38
6273,0,0,0,0,0,0
6274,5,8,3,1,5,4
6275,0,0,0,0,0,0
6276,67,69,302,515,351,352
6277,1,0,0,0,0,0
6278,0,1,0,0,0,0
6279,0,0,0,0,0,0
6280,3,1,4,7,7,6
6281,0,0,0,0,0,0
6282,0,0,0,0,0,0
6283,1,4,4,3,3,3
6284,0,0,0,0,0,0
6285,0,0,0,0,0,0
6286,0,23,1,8,4,4
6287,0,0,0,0,0,0
6288,2,6,25,23,14,15
6289,0,0,0,0,0,0
6290,0,0,0,0,0,0
6291,1,0,0,0,1,0
6292,0,0,0,0,0,0
6293,0,0,0,0,0,0
6294,0,0,0,0,0,0
6295,0,0,0,0,0,0
6296,0,0,0,0,0,0
6297,0,0,0,0,0,0
6298,0,0,0,0,0,0
6299,0,0,0,0,0,0
6300,0,0,0,0,0,0
6301,0,0,0,0,0,0
6302,0,0,0,0,0,0
6303,3,1,1,4,3,3
6304,0,2,20,2,14,13
6305,0,0,1,0,0,0
6306,0,0,0,0,0,0
6307,1,0,0,0,0,0
6308,0,0,0,0,0,0
6309,0,0,0,0,0,0
6310,0,0,0,0,0,0
6311,0,0,0,0,0,0
6312,0,0,0,0,0,0
6313,0,0,0,0,0,0
6314,0,0,0,0,1,0
6315,0,0,0,0,0,0
6316,0,0,0,0,0,0
6317,0,0,0,0,0,0
6318,0,0,0,0,0,0
6319,0,0,0,0,0,0
6320,0,0,0,0,0,0
6321,0,0,0,0,0,0
6322,0,0,0,0,0,0
6323,0,0,0,0,0,0
6324,0,0,0,0,0,0
6325,0,0,12,5,12,11
6326,0,18,99,44,24,27
6327,0,0,0,0,0,0
6328,0,0,0,0,0,0
6329,0,0,0,0,0,0
6330,0,0,0,0,0,0
6331,1,0,0,0,0,0
6332,0,0,0,0,0,0
6333,0,0,0,0,0,0
6334,0,0,0,0,0,0
6335,0,0,0,0,0,0
6336,0,0,0,0,0,0
6337,0,0,1,0,0,0
6338,0,0,0,0,0,0
6339,0,0,0,0,0,0
6340,0,0,0,0,0,0
6341,0,0,0,0,0,0
6342,0,0,0,0,0,0
6343,0,0,0,0,0,0
6344,8,35,25,2,13,9
6345,6,0,2,0,0,0
6346,1,0,0,0,1,1
6347,0,0,0,0,0,0
6348,0,0,0,1,2,2
6349,0,1,10,17,5,4
6350,0,0,0,0,0,0
6351,0,0,0,0,0,0
6352,0,0,0,0,0,0
6353,0,0,0,0,0,0
6354,0,0,0,0,0,0
6355,0,0,19,14,14,12
6356,0,0,0,0,0,0
6357,0,0,0,0,0,0
6358,0,0,0,0,0,0
6359,0,5,2,0,1,1
6360,0,0,0,0,0,0
6361,0,1,4,2,2,3
6362,0,1,0,7,4,3
6363,0,1,0,0,0,0
6364,0,0,0,0,0,0
6365,0,0,0,0,0,0
6366,0,0,0,0,0,0
6367,0,1,1,8,6,4
6368,0,0,2,1,0,0
6369,0,0,0,0,0,0
6370,5,2,7,1,1,1
6371,0,6,0,2,2,0
6372,0,0,0,0,0,0
6373,0,0,0,0,0,0
6374,0,0,0,0,0,0
6375,0,3,76,198,177,142
6376,1,0,3,15,22,23
6377,0,0,0,0,0,0
6378,1,1,5,1,1,1
6379,0,0,2,0,2,3
6380,0,0,6,13,11,12
6381,0,0,0,0,0,0
6382,0,0,0,0,0,0
6383,0,0,0,0,0,0
6384,0,0,0,0,0,0
6385,3,0,0,0,0,0
6386,0,0,0,0,0,0
6387,0,0,1,1,1,2
6388,0,0,0,0,0,0
6389,0,1,0,0,0,0
6390,1,0,0,0,1,0
6391,0,0,0,0,0,0
6392,0,0,0,3,1,5
6393,0,1,1,1,5,2
6394,0,2,4,6,5,5
6395,0,0,0,0,0,0
6396,0,0,0,0,0,0
6397,0,0,0,0,0,0
6398,0,0,0,0,0,0
6399,0,0,0,0,0,0
6400,0,0,0,0,0,0
6401,0,0,0,0,0,0
6402,0,1,3,18,16,8
6403,1,0,0,0,0,0
6404,0,0,0,0,0,0
6405,11,1,4,1,2,2
6406,3,3,3,4,3,1
6407,0,4,8,7,6,5
6408,0,1,2,1,2,3
6409,15,0,0,2,1,0
6410,26,30,17,21,29,22
6411,0,0,0,0,0,0
6412,0,0,0,0,0,0
6413,0,0,0,0,0,0
6414,0,0,0,0,0,0
6415,0,0,0,0,0,0
6416,0,0,0,0,0,0
6417,0,0,0,0,0,0
6418,0,0,0,0,0,0
6419,1,5,0,2,3,2
6420,0,0,0,0,0,0
6421,2,1,1,2,0,0
6422,0,0,0,0,0,0
6423,0,0,0,0,0,0
6424,0,0,0,0,0,0
6425,0,0,0,0,0,0
6426,0,4,11,20,17,19
6427,0,0,0,29,17,18
6428,0,0,0,0,0,0
6429,0,1,5,2,1,1
6430,0,0,1,1,1,1
6431,0,0,0,0,0,0
6432,0,0,1,0,0,0
6433,0,0,0,0,1,1
6434,0,0,0,0,0,0
6435,0,0,0,0,0,0
6436,0,7,12,16,15,12
6437,0,0,0,0,0,0
6438,0,0,0,0,2,2
6439,0,0,0,0,0,0
6440,2,21,12,1,3,2
6441,0,2,1,1,2,3
6442,0,0,0,0,0,0
6443,0,0,0,0,0,0
6444,0,0,0,1,1,1
6445,0,0,0,0,0,0
6446,0,0,0,1,5,5
6447,0,3,12,35,16,18
6448,0,1,17,4,20,15
6449,0,0,0,0,0,0
6450,0,0,1,0,0,0
6451,0,0,0,0,0,0
6452,0,0,0,0,0,0
6453,0,0,0,0,0,0
6454,86,289,299,329,384,382
6455,0,0,0,0,0,0
6456,0,0,1,1,1,1
6457,0,0,0,0,0,0
6458,0,0,0,1,1,1
6459,0,0,0,0,0,0
6460,0,0,0,0,0,0
6461,0,0,0,0,0,0
6462,0,0,0,0,0,0
6463,0,0,0,0,0,0
6464,0,0,0,0,0,0
6465,0,1,1,1,1,1
6466,7,123,186,219,357,218
6467,0,0,0,0,0,0
6468,0,0,0,0,0,0
6469,0,1,1,1,1,1
6470,0,0,0,0,0,0
6471,0,0,41,3,1,2
6472,0,0,0,0,0,0
6473,0,0,0,0,0,0
6474,27,79,83,102,73,79
6475,0,0,0,0,0,0
6476,0,0,5,3,1,3
6477,0,0,0,0,0,0
6478,0,0,0,0,0,0
6479,0,0,0,0,0,0
6480,0,0,0,0,0,0
6481,0,0,0,0,0,0
6482,31,35,7,9,6,8
6483,0,0,1,0,0,1
6484,1,0,0,0,0,0
6485,0,0,0,0,0,0
6486,0,0,0,0,0,0
6487,0,0,0,0,0,0
6488,0,0,0,0,0,0
6489,0,2,8,4,3,2
6490,0,0,0,0,0,0
6491,0,0,0,0,0,0
6492,1,28,8,16,21,15
6493,0,0,0,0,0,0
6494,0,0,0,0,0,0
6495,0,0,0,0,0,0
6496,0,0,0,0,0,0
6497,1,42,33,1,1,0
6498,0,0,0,0,0,0
6499,0,0,0,0,0,0
6500,0,1,1,1,0,0
6501,0,0,0,0,0,0
6502,0,0,0,0,0,0
6503,1,0,0,0,0,0
6504,0,0,3,0,0,0
6505,0,0,0,0,0,0
6506,0,0,0,0,0,0
6507,0,0,0,1,1,1
6508,2,348,544,597,724,671
6509,0,0,0,0,0,0
6510,304,187,258,278,248,253
6511,0,0,0,0,0,0
6512,0,0,0,0,0,0
6513,0,2,3,10,9,8
6514,3,2,3,3,5,4
6515,0,0,0,0,0,0
6516,0,2,9,12,16,14
6517,0,0,0,0,0,0
6518,0,5,98,153,162,146
6519,0,0,0,0,0,0
6520,0,0,0,0,0,0
6521,0,0,0,0,0,0
6522,0,0,0,0,0,0
6523,0,1,0,0,1,0
6524,8,9,4,2,8,9
6525,0,0,15,4,4,7
6526,0,0,0,4,3,1
6527,0,0,0,0,0,0
6528,0,0,0,0,0,0
6529,0,1,10,7,10,9
6530,0,0,0,0,0,0
6531,0,0,3,0,0,0
6532,0,0,0,0,0,0
6533,60,777,555,382,446,386
6534,0,0,0,5,0,0
6535,0,12,22,20,20,19
6536,0,0,0,0,0,0
6537,0,0,4,2,17,4
6538,0,0,0,0,0,0
6539,5,1,3,0,0,1
6540,0,0,0,0,0,0
6541,0,0,0,0,1,1
6542,0,0,0,0,0,0
6543,0,0,2,4,1,2
6544,10,8,18,4,6,7
6545,0,0,0,0,0,0
6546,1,0,0,8,3,3
6547,0,0,0,0,3,1
6548,45,34,16,3,1,0
6549,0,0,1,1,1,1
6550,2,0,0,0,0,0
6551,8,0,4,24,36,29
6552,0,0,0,0,0,0
6553,0,0,2,0,0,0
6554,0,0,0,0,0,0
6555,0,0,0,0,0,0
6556,0,0,0,0,0,0
6557,0,0,0,0,0,0
6558,0,0,0,0,0,0
6559,0,7,9,2,4,5
6560,15,2,45,10,17,7
6561,0,0,0,0,0,0
6562,0,0,0,0,0,0
6563,0,0,0,0,0,0
6564,0,0,0,0,0,0
6565,0,0,0,0,0,0
6566,0,0,0,0,0,0
6567,0,0,0,0,0,0
6568,1,1,0,0,0,0
6569,0,0,0,0,0,0
6570,0,0,0,0,0,0
6571,0,0,0,0,0,0
6572,0,0,0,0,0,0
6573,0,0,0,0,0,0
6574,0,0,0,0,0,0
6575,0,0,2,6,10,10
6576,0,2,0,0,0,0
6577,1,2,1,6,9,8
6578,0,0,0,0,0,0
6579,0,0,0,0,0,0
6580,0,0,0,0,0,0
6581,0,0,0,0,0,0
6582,0,0,0,0,0,0
6583,0,0,0,0,0,0
6584,0,0,0,0,0,0
6585,0,1,0,0,0,0
6586,0,0,0,0,0,0
6587,0,0,0,1,0,0
6588,0,0,0,0,0,0
6589,0,0,0,0,0,0
6590,0,0,0,0,0,0
6591,0,0,0,0,0,0
6592,0,0,0,0,0,0
6593,3,1,0,1,1,1
6594,0,0,0,0,0,0
6595,0,0,0,0,0,0
6596,0,1,5,8,5,5
6597,0,0,0,0,0,0
6598,0,0,0,0,0,0
6599,0,0,0,0,0,0
6600,0,1,0,0,0,0
6601,0,0,0,0,0,0
6602,0,0,0,0,0,0
6603,1,0,0,0,1,2
6604,0,0,0,0,0,0
6605,0,0,0,0,0,0
6606,34,0,2,7,5,8
6607,0,0,1,1,1,1
6608,0,0,0,0,0,0
6609,0,0,0,0,0,0
6610,0,0,0,0,0,0
6611,0,0,0,0,0,0
6612,0,0,0,0,0,0
6613,0,0,0,0,0,0
6614,0,0,0,0,0,0
6615,0,2,12,76,88,67
6616,0,0,0,0,0,0
6617,0,1,2,1,1,1
6618,0,0,0,0,0,0
6619,0,0,0,0,0,0
6620,0,0,0,0,0,0
6621,0,0,0,0,0,0
6622,0,0,0,0,0,0
6623,15,11,5,9,22,18
6624,0,0,0,0,0,0
6625,0,0,0,0,0,0
6626,0,0,0,0,0,0
6627,0,3,2,4,5,7
6628,0,0,0,0,0,0
6629,0,0,0,0,0,0
6630,0,0,0,0,0,0
6631,0,0,0,0,0,0
6632,0,0,0,0,0,0
6633,0,0,0,0,0,0
6634,0,0,0,0,0,0
6635,0,0,0,0,0,0
6636,1,8,0,2,0,0
6637,0,0,0,0,0,0
6638,0,0,0,0,0,0
6639,0,0,1,2,2,2
6640,0,0,0,0,0,0
6641,0,0,0,0,0,0
6642,0,1,0,0,0,0
6643,0,0,0,0,0,0
6644,0,0,0,0,0,0
6645,0,0,0,0,0,0
6646,0,0,0,0,0,0
6647,0,0,0,0,0,0
6648,0,0,0,0,0,0
6649,0,0,0,0,0,0
6650,14,40,36,30,27,32
6651,0,0,0,0,0,0
6652,71,37,0,2,1,1
6653,0,0,0,0,0,0
6654,0,0,0,0,0,0
6655,69,89,71,58,67,61
6656,0,0,0,0,0,0
6657,0,1,1,6,4,4
6658,749,741,1006,608,669,634
6659,0,0,0,0,0,0
6660,12,1,37,57,12,15
6661,0,0,0,0,0,0
6662,0,0,0,0,0,0
6663,0,0,0,0,0,0
6664,0,0,6,23,20,20
6665,6,3,3,23,8,9
6666,0,0,0,0,0,0
6667,0,0,0,0,0,0
6668,0,0,0,0,0,0
6669,0,0,0,0,0,0
6670,0,20,9,3,8,9
6671,0,0,0,0,1,1
6672,0,0,0,0,0,0
6673,0,0,0,0,0,0
6674,1,2,0,0,0,1
6675,0,0,0,0,0,0
6676,0,0,0,0,0,0
6677,0,0,0,0,0,0
6678,0,0,0,0,0,0
6679,0,0,0,0,0,0
6680,0,0,0,0,0,0
6681,0,0,0,0,0,0
6682,0,0,0,0,0,0
6683,0,0,0,0,0,0
6684,0,14,1,0,0,0
6685,0,0,0,0,0,0
6686,0,0,0,0,0,0
6687,0,0,0,0,0,0
6688,0,26,1,10,13,13
6689,0,0,0,0,0,0
6690,0,0,0,0,0,0
6691,0,0,0,0,0,0
6692,0,0,0,0,0,0
6693,16,4,0,93,42,63
6694,1,0,0,1,0,0
6695,1,0,4,5,2,1
6696,0,0,0,0,0,0
6697,0,0,0,0,0,0
6698,0,0,0,0,0,0
6699,0,0,0,0,0,0
6700,0,0,0,2,1,1
6701,7,6,1,2,3,2
6702,24,3,4,16,10,7
6703,0,0,0,0,0,0
6704,0,0,0,0,0,0
6705,0,0,0,0,0,0
6706,1,0,8,43,34,24
6707,0,0,0,0,0,0
6708,6,7,48,110,152,136
6709,0,0,0,0,0,0
6710,0,0,0,0,0,0
6711,0,0,0,1,0,0
6712,0,0,0,0,0,0
6713,0,0,0,0,0,1
6714,18,40,65,77,51,61
6715,0,0,0,0,0,0
6716,0,0,1,0,0,0
6717,0,0,0,0,0,0
6718,0,0,0,0,0,0
6719,0,0,0,0,0,0
6720,0,0,0,0,0,0
6721,0,0,2,38,11,10
6722,0,0,0,0,0,0
6723,42,28,82,6,9,16
6724,0,0,0,1,1,1
6725,0,1,27,1,1,1
6726,0,0,0,0,0,0
6727,0,0,0,0,0,0
6728,0,1,2,2,2,2
6729,0,0,0,0,0,0
6730,0,0,0,0,0,0
6731,0,0,0,0,0,1
6732,0,0,0,0,0,0
6733,353,369,93,251,326,191
6734,0,0,2,0,0,0
6735,0,0,0,0,0,0
6736,0,0,0,0,0,0
6737,0,0,0,0,0,0
6738,12,5,0,0,0,0
6739,0,1,0,0,0,0
6740,0,0,0,0,0,0
6741,0,0,0,0,0,0
6742,0,4,0,2,0,1
6743,0,0,0,0,0,0
6744,0,6,2,6,1,1
6745,0,0,0,0,0,0
6746,0,0,0,0,0,0
6747,0,0,0,0,0,0
6748,0,0,0,0,0,0
6749,0,3,11,17,6,8
6750,0,0,0,0,0,0
6751,1,2,2,0,1,1
6752,0,0,0,0,0,0
6753,0,0,0,0,0,0
6754,0,0,0,0,0,0
6755,0,0,0,1,1,1
6756,0,0,0,0,0,0
6757,0,0,0,0,0,0
6758,1,0,1,2,1,1
6759,0,0,0,1,0,0
6760,0,0,0,0,0,0
6761,0,0,0,1,2,1
6762,0,0,0,0,0,0
6763,4,19,8,8,10,8
6764,0,0,0,0,0,0
6765,0,0,0,0,0,0
6766,0,0,0,0,0,0
6767,6,85,6,1,12,8
6768,0,0,0,0,0,0
6769,1,1,0,0,0,0
6770,0,0,0,0,0,0
6771,0,0,0,0,0,0
6772,0,0,0,0,0,0
6773,0,0,0,0,0,0
6774,0,0,0,0,0,0
6775,0,3,1,0,0,0
6776,0,0,0,0,0,0
6777,0,0,0,0,0,0
6778,9,7,39,70,75,70
6779,0,0,0,0,0,0
6780,0,0,0,0,0,0
6781,0,104,21,25,42,43
6782,0,0,0,0,0,0
6783,0,0,0,0,0,0
6784,8,11,17,27,14,13
6785,0,0,0,0,0,0
6786,0,0,0,0,0,0
6787,1,0,0,1,1,1
6788,0,0,0,0,0,0
6789,25,11,4,6,3,4
6790,0,0,0,0,0,0
6791,0,0,3,2,3,5
6792,0,0,0,0,0,0
6793,0,0,0,0,0,0
6794,0,0,0,0,0,0
6795,0,0,0,0,0,0
6796,0,0,0,0,0,0
6797,0,0,0,0,0,0
6798,0,0,0,0,0,0
6799,0,0,0,0,0,0
6800,0,1,1,1,3,4
6801,0,0,1,1,0,0
6802,0,0,0,2,6,6
6803,0,43,62,82,71,82
6804,0,0,0,0,0,0
6805,0,0,0,0,0,0
6806,0,0,0,0,0,0
6807,0,0,0,1,1,1
6808,0,0,0,0,0,0
6809,0,0,0,0,0,0
6810,0,0,0,0,1,1
6811,1,1,3,0,0,0
6812,0,0,0,0,0,0
6813,3,14,22,3,4,4
6814,0,0,0,0,0,0
6815,0,0,0,2,1,1
6816,0,0,0,0,0,0
6817,0,0,0,0,0,0
6818,0,2,1,1,2,2
6819,0,0,0,0,1,0
6820,0,0,0,0,0,0
6821,1,1,6,25,25,20
6822,0,0,0,0,0,0
6823,0,0,0,0,0,0
6824,0,0,0,0,0,0
6825,0,0,0,0,0,0
6826,0,0,0,0,0,0
6827,0,0,0,0,0,0
6828,44,4,0,1,0,0
6829,0,0,0,0,0,0
6830,0,0,0,0,0,0
6831,0,0,0,0,0,0
6832,0,0,0,0,0,0
6833,0,0,0,0,0,0
6834,0,0,0,0,0,0
6835,0,0,0,0,0,0
6836,0,0,0,0,0,0
6837,0,0,0,0,0,0
6838,0,0,0,2,3,3
6839,0,0,0,0,0,0
6840,0,0,0,0,0,0
6841,0,0,0,0,0,0
6842,0,0,0,2,1,0
6843,0,0,0,0,0,0
6844,0,0,0,0,0,0
6845,0,0,0,0,0,0
6846,0,0,0,0,0,0
6847,0,0,0,0,0,0
6848,0,0,0,0,0,0
6849,0,0,0,0,0,0
6850,0,0,0,0,0,0
6851,0,0,0,0,0,0
6852,0,1,0,1,1,1
6853,1,1,0,0,0,0
6854,34,3,8,4,4,3
6855,0,0,0,0,0,0
6856,0,0,0,0,0,0
6857,0,0,0,0,0,0
6858,0,0,0,0,0,0
6859,0,0,0,0,0,0
6860,0,0,0,1,3,2
6861,0,0,0,0,0,0
6862,1,2,9,4,5,2
6863,0,0,0,0,0,0
6864,0,0,0,0,0,0
6865,0,0,0,0,0,0
6866,0,0,0,0,0,0
6867,5,11,1,0,2,2
6868,0,0,0,0,0,0
6869,0,0,0,0,0,0
6870,2,1,3,5,5,4
6871,2,2,1,0,0,0
6872,78,142,128,96,125,146
6873,1,7,1,0,0,0
6874,0,0,0,0,0,0
6875,1,0,0,4,5,5
6876,0,0,0,0,0,0
6877,44,8,5,17,12,14
6878,4,3,12,28,26,28
6879,0,0,0,0,0,0
6880,0,0,0,0,0,0
6881,0,0,0,0,0,0
6882,0,0,0,0,0,0
6883,0,0,0,0,0,0
6884,0,0,0,0,0,0
6885,1,0,0,1,1,1
6886,0,0,0,0,0,0
6887,0,0,0,0,0,0
6888,92,3478,1078,550,869,629
6889,0,1,10,8,8,8
6890,0,0,0,0,0,0
6891,0,1,0,0,0,0
6892,0,0,0,0,0,0
6893,0,0,0,0,0,0
6894,0,3,3,1,1,1
6895,0,0,0,0,0,0
6896,0,0,0,0,0,0
6897,0,0,0,0,0,0
6898,0,0,0,0,0,0
6899,0,0,0,0,0,0
6900,0,0,0,0,0,0
6901,0,0,0,0,0,0
6902,0,0,0,0,0,0
6903,1,1,11,2,3,1
6904,0,0,0,0,0,0
6905,0,0,0,0,0,0
6906,0,0,0,0,0,0
6907,0,0,0,0,0,0
6908,0,0,0,0,0,0
6909,0,0,0,0,0,0
6910,0,1,1,0,1,1
6911,7,0,0,0,1,1
6912,0,0,0,0,0,0
6913,0,0,0,0,0,0
6914,0,0,0,0,0,0
6915,0,0,0,0,0,0
6916,0,0,0,0,0,0
6917,0,0,0,0,0,0
6918,0,0,0,0,0,0
6919,0,44,4,11,6,4
6920,0,31,43,22,18,17
6921,0,4,2,16,6,18
6922,0,0,0,0,0,0
6923,0,0,0,0,0,0
6924,0,0,0,0,0,0
6925,0,0,0,0,0,0
6926,1,0,0,0,0,0
6927,0,0,0,0,0,0
6928,0,0,0,0,0,0
6929,0,0,0,0,0,0
6930,0,0,2,0,0,0
6931,4,3,4,1,2,4
6932,0,0,0,0,0,0
6933,0,0,9,28,1,2
6934,0,0,0,0,0,0
6935,1,0,13,20,11,14
6936,14,12,22,10,4,3
6937,1,1,7,3,2,2
6938,0,0,0,0,0,0
6939,0,0,0,0,0,0
6940,0,0,0,0,0,0
6941,0,0,0,0,0,0
6942,0,0,0,0,0,0
6943,0,0,0,0,0,0
6944,0,0,0,0,0,0
6945,0,4,1,2,1,1
6946,0,0,1,0,0,0
6947,0,0,0,0,0,0
6948,0,0,0,0,0,0
6949,0,0,0,0,0,0
6950,0,0,0,0,0,0
6951,0,0,0,0,0,0
6952,31,39,36,57,44,51
6953,0,0,0,0,0,0
6954,0,0,0,0,0,0
6955,0,5,1,0,1,0
6956,0,0,0,0,0,0
6957,0,0,0,0,0,0
6958,0,0,0,0,0,0
6959,0,0,0,0,0,0
6960,0,1,2,3,5,6
6961,0,0,0,0,0,0
6962,0,0,0,0,0,0
6963,0,0,0,1,0,1
6964,0,0,0,0,0,0
6965,0,0,0,0,0,0
6966,0,0,0,0,0,0
6967,1,1,2,62,23,25
6968,0,0,0,0,0,0
6969,0,0,0,0,0,0
6970,0,0,0,0,0,0
6971,0,0,1,0,1,2
6972,0,0,0,0,0,0
6973,117,135,239,281,271,268
6974,0,0,2,6,5,3
6975,0,0,0,0,0,0
6976,0,0,0,0,0,0
6977,0,0,0,0,0,0
6978,0,0,0,0,0,0
6979,0,0,0,0,0,0
6980,1,0,0,0,0,0
6981,0,1,0,1,1,1
6982,0,0,0,0,0,0
6983,1,0,0,0,1,1
6984,0,40,4,1,1,1
6985,0,0,0,0,0,0
6986,0,0,1,0,0,0
6987,0,0,0,0,0,0
6988,0,0,0,0,0,0
6989,0,0,0,0,0,0
6990,0,0,0,0,0,0
6991,0,1,1,0,0,0
6992,0,0,0,0,0,0
6993,0,0,0,0,0,0
6994,6,0,1,3,3,4
6995,0,0,0,0,0,0
6996,0,0,0,0,0,0
6997,0,0,0,0,0,0
6998,0,0,0,4,4,3
6999,0,0,0,0,0,0
7000,0,0,0,0,0,0
7001,0,0,0,0,0,0
7002,35,12,12,21,15,11
7003,0,0,0,2,2,2
7004,0,0,3,1,0,1
7005,0,0,0,0,0,0
7006,4,4,1,4,2,5
7007,37,44,24,2,3,4
7008,0,0,0,0,0,0
7009,0,56,80,145,121,143
7010,0,0,0,0,0,0
7011,0,0,0,0,0,0
7012,1,13,80,19,17,22
7013,0,0,0,0,0,0
7014,0,0,0,1,1,1
7015,8,17,18,32,27,21
7016,0,0,0,0,0,0
7017,0,0,0,0,0,0
7018,0,0,0,0,0,0
7019,0,0,0,0,0,0
7020,0,0,0,0,0,0
7021,0,0,0,3,5,4
7022,52,53,28,12,15,17
7023,0,0,0,0,0,0
7024,0,1,0,0,0,0
7025,0,0,0,0,0,0
7026,0,0,0,0,0,0
7027,6,8,4,3,3,3
7028,0,0,1,0,0,0
7029,0,0,0,0,0,0
7030,0,0,0,0,0,0
7031,0,0,0,0,0,0
7032,0,9,21,25,16,18
7033,0,0,0,0,0,0
7034,0,0,0,0,0,0
7035,0,0,0,0,0,0
7036,0,0,0,0,0,0
7037,0,1,2,1,2,2
7038,17,2,3,2,1,1
7039,0,0,3,0,0,0
7040,0,0,0,0,0,0
7041,0,2,0,0,0,0
7042,0,0,0,0,0,0
7043,0,0,0,0,0,0
7044,0,0,0,0,0,0
7045,2,0,0,0,0,0
7046,0,0,0,0,0,0
7047,0,0,0,0,0,0
7048,0,0,0,0,0,0
7049,0,0,0,0,0,0
7050,0,0,0,0,0,0
7051,0,0,0,0,0,0
7052,0,0,0,0,0,0
7053,0,0,0,0,0,0
7054,0,14,14,11,40,21
7055,0,0,0,0,0,0
7056,0,0,0,0,0,0
7057,0,4,3,1,1,1
7058,0,0,0,0,0,0
7059,0,0,0,0,0,0
7060,112,10,203,89,128,108
7061,0,0,0,0,0,0
7062,0,0,0,0,0,0
7063,5,30,28,18,22,24
7064,0,4,0,2,3,5
7065,0,0,0,0,0,0
7066,14,5,1,27,15,16
7067,0,0,0,0,0,0
7068,0,0,0,0,0,0
7069,4,320,5,18,7,5
7070,0,0,0,0,0,0
7071,0,0,0,0,0,0
7072,0,0,1,0,0,0
7073,3,2,6,0,3,2
7074,0,1,5,3,3,9
7075,0,0,0,0,0,0
7076,0,3,13,42,33,26
7077,0,0,0,1,1,1
7078,0,0,0,0,0,0
7079,0,0,0,0,0,0
7080,0,0,0,0,0,0
7081,0,0,0,0,0,0
7082,0,2,2,8,6,5
7083,1,26,1,8,7,5
7084,0,5,7,18,14,12
7085,0,0,0,0,0,0
7086,0,0,0,0,0,0
7087,0,0,0,1,2,2
7088,0,0,0,1,1,4
7089,63,57,31,28,36,25
7090,0,0,0,0,0,0
7091,0,0,0,0,0,0
7092,0,0,0,4,4,3
7093,0,0,0,0,0,0
7094,0,0,0,0,0,0
7095,0,0,0,0,0,0
7096,37,8,14,3,3,4
7097,0,0,0,0,0,0
7098,0,0,0,0,0,0
7099,2,0,1,0,2,2
7100,1,0,2,5,6,6
7101,0,0,0,0,0,0
7102,28,79,7,26,22,25
7103,0,0,0,4,7,4
7104,0,0,0,0,0,0
7105,0,0,0,0,0,0
7106,0,0,0,1,1,0
7107,0,0,0,0,0,0
7108,0,0,0,0,0,0
7109,0,0,0,0,0,0
7110,0,0,0,0,0,0
7111,0,0,0,0,0,0
7112,0,0,0,0,0,0
7113,401,127,113,21,32,31
7114,0,0,0,0,0,0
7115,0,0,0,0,0,0
7116,0,0,0,0,0,0
7117,0,0,0,0,0,0
7118,3,20,11,7,3,3
7119,0,0,0,0,0,0
7120,0,0,0,0,0,0
7121,0,0,0,0,0,0
7122,0,0,0,0,0,0
7123,0,0,0,0,0,0
7124,0,0,0,0,0,0
7125,0,55,181,223,187,184
7126,38,25,147,139,100,120
7127,0,0,0,0,0,0
7128,0,0,0,0,0,0
7129,0,0,0,0,0,0
7130,7,2,5,5,7,12
7131,0,5,26,1,2,2
7132,0,0,0,0,0,0
7133,0,1,0,1,2,1
7134,0,0,0,0,0,0
7135,0,0,0,0,0,0
7136,0,3,42,33,42,46
7137,0,0,0,0,0,0
7138,0,0,5,19,20,12
7139,0,1,0,0,0,0
7140,0,0,0,0,0,0
7141,5,0,0,0,0,0
7142,0,0,1,5,4,4
7143,0,0,0,0,0,0
7144,0,0,0,0,0,0
7145,0,0,0,0,0,0
7146,0,0,0,0,0,0
7147,0,0,0,0,0,0
7148,0,0,0,0,0,0
7149,0,1,1,0,0,0
7150,0,0,0,0,0,0
7151,0,0,0,0,0,0
7152,0,0,5,0,0,0
7153,0,0,0,0,0,0
7154,0,0,0,0,0,0
7155,0,0,0,0,0,0
7156,0,0,0,0,0,0
7157,0,0,0,0,0,0
7158,0,0,0,0,0,0
7159,0,0,0,0,0,0
7160,0,0,0,0,0,0
7161,0,0,0,0,0,0
7162,0,0,0,0,0,0
7163,0,0,0,0,0,0
7164,0,0,0,0,0,0
7165,0,0,0,0,0,0
7166,0,0,0,0,0,0
7167,0,0,0,0,0,0
7168,0,0,0,0,0,0
7169,0,0,0,0,0,0
7170,0,0,0,0,0,0
7171,0,0,0,0,0,0
7172,0,0,0,0,0,0
7173,0,0,0,0,0,0
7174,0,0,0,0,0,0
7175,0,1,2,0,0,1
7176,0,9,2,2,3,3
7177,0,0,0,0,0,0
7178,0,0,0,0,0,0
7179,1,0,0,1,0,1
7180,0,0,0,0,0,0
7181,0,2,1,1,1,1
7182,4,2,1,0,0,0
7183,0,0,0,0,0,0
7184,58,670,875,144,257,125
7185,0,0,0,0,0,0
7186,0,0,0,0,0,0
7187,0,0,7,0,0,0
7188,0,0,0,0,0,0
7189,1,0,0,0,0,0
7190,0,0,0,0,0,0
7191,0,3,0,0,0,1
7192,0,0,0,0,0,0
7193,0,0,0,0,0,0
7194,58,76,53,22,10,9
7195,0,0,0,0,0,0
7196,0,0,0,0,0,0
7197,0,0,0,0,0,0
7198,0,0,1,0,0,0
7199,3,1,1,13,9,8
7200,1,0,0,1,2,2
7201,0,0,0,0,0,0
7202,0,0,0,0,0,0
7203,1,0,0,0,0,0
7204,7,1,0,0,0,0
7205,0,0,0,0,0,0
7206,0,0,2,4,2,3
7207,0,0,2,1,0,0
7208,0,0,0,0,0,0
7209,0,1,0,1,0,0
7210,0,0,0,0,0,1
7211,0,0,0,0,0,0
7212,0,0,0,1,1,1
7213,0,0,0,0,0,0
7214,4,17,2,3,6,4
7215,38,14,0,103,56,70
7216,0,0,0,0,0,0
7217,0,0,0,0,0,0
7218,1,0,3,3,2,2
7219,0,0,0,0,0,0
7220,0,0,0,0,0,0
7221,0,0,0,0,0,0
7222,3,2,46,36,19,21
7223,0,0,0,0,0,0
7224,0,0,0,0,0,0
7225,82,221,165,150,156,164
7226,0,0,0,0,0,0
7227,13,8,9,0,0,1
7228,0,0,0,0,0,0
7229,68,54,77,73,107,118
7230,0,0,0,0,0,0
7231,2,7,22,156,141,107
7232,57,125,79,83,64,75
7233,0,16,2,1,4,3
7234,1,0,0,0,0,0
7235,0,0,0,0,0,0
7236,2,6,13,14,14,16
7237,0,0,0,0,0,0
7238,0,0,0,1,2,2
7239,0,0,0,0,0,0
7240,28,99,143,148,81,65
7241,0,2,0,0,0,0
7242,0,0,1,1,1,1
7243,0,0,0,0,0,0
7244,0,0,0,0,0,0
7245,0,0,0,0,0,0
7246,0,0,0,1,4,3
7247,0,0,0,0,0,0
7248,0,0,0,0,0,0
7249,0,2,117,253,196,235
7250,0,0,0,0,0,0
7251,0,2,1,2,5,5
7252,0,0,0,0,0,0
7253,0,0,0,0,0,0
7254,11,62,45,52,21,23
7255,1,1,0,0,0,0
7256,0,0,0,0,0,0
7257,0,0,16,18,13,15
7258,0,0,0,0,0,0
7259,38,26,166,197,211,194
7260,0,0,0,0,0,0
7261,0,0,0,0,0,0
7262,0,15,8,0,1,2
7263,0,0,0,0,0,0
7264,0,0,0,0,0,0
7265,0,5,0,0,3,3
7266,0,0,3,0,4,1
7267,0,0,2,1,0,0
7268,0,0,0,0,0,0
7269,0,0,0,0,0,0
7270,2,3,7,2,5,5
7271,0,0,0,0,0,0
7272,0,0,0,0,0,0
7273,6,32,31,20,20,15
7274,0,0,0,0,0,0
7275,0,0,0,0,0,0
7276,0,0,0,0,0,0
7277,0,0,0,0,1,1
7278,0,0,0,0,0,0
7279,0,0,0,0,0,0
7280,0,0,0,0,0,0
7281,0,0,0,0,0,1
7282,0,0,0,0,0,0
7283,8,3,0,0,0,0
7284,0,0,0,0,0,0
7285,53,18,17,8,19,12
7286,0,0,1,0,0,0
7287,0,0,0,0,0,0
7288,0,0,0,0,0,0
7289,0,0,0,0,0,0
7290,0,0,0,0,0,0
7291,0,0,0,2,1,1
7292,0,0,0,0,0,0
7293,0,0,0,0,0,0
7294,0,0,0,0,0,0
7295,1,1,1,1,1,1
7296,0,0,0,0,0,0
7297,0,0,0,0,0,0
7298,0,0,0,0,0,0
7299,0,0,0,0,0,0
7300,0,56,81,85,62,80
7301,5,0,0,0,2,2
7302,0,0,0,0,0,0
7303,0,0,0,0,0,0
7304,0,0,0,0,0,0
7305,0,0,0,0,0,0
7306,0,0,0,0,0,0
7307,0,0,0,0,0,0
7308,0,1,2,10,11,11
7309,75,59,114,46,36,21
7310,4,0,0,0,0,0
7311,0,5,5,5,6,5
7312,0,0,0,0,0,0
7313,0,0,0,0,0,0
7314,0,0,0,0,0,0
7315,0,0,0,0,0,0
7316,6,29,22,20,18,19
7317,0,0,0,0,0,0
7318,0,0,0,1,0,0
7319,10,13,8,11,7,10
7320,0,0,0,1,1,1
7321,0,0,0,0,0,0
7322,1,0,5,9,6,5
7323,0,0,0,0,0,0
7324,0,0,0,0,0,0
7325,0,0,0,0,0,0
7326,0,6,62,41,84,79
7327,0,0,0,0,0,0
7328,0,0,0,0,0,0
7329,8,17,38,1,3,2
7330,0,0,0,0,0,0
7331,0,0,0,0,0,0
7332,0,0,0,0,0,0
7333,0,0,0,0,0,0
7334,0,0,0,0,0,0
7335,1,5,8,6,6,6
7336,0,0,0,0,0,0
7337,0,0,0,0,0,0
7338,0,0,0,0,0,0
7339,0,0,0,0,0,0
7340,39,25,62,41,49,55
7341,0,0,1,0,0,0
7342,0,0,0,0,0,0
7343,0,0,0,0,0,0
7344,0,0,0,0,0,0
7345,0,0,0,0,0,0
7346,0,0,0,0,0,0
7347,0,0,0,0,0,0
7348,38,24,10,20,12,15
7349,0,1,1,0,0,0
7350,0,0,0,0,0,0
7351,121,65,46,3,3,6
7352,4,45,67,52,49,54
7353,3,129,28,82,39,23
7354,0,0,0,0,0,0
7355,0,0,0,0,1,1
7356,6,0,0,0,0,0
7357,0,0,0,0,0,0
7358,4,3,12,11,13,13
7359,0,0,0,0,0,0
7360,0,6,3,6,6,5
7361,0,0,0,0,0,0
7362,0,0,0,0,0,0
7363,0,0,0,0,0,0
7364,0,0,0,0,0,0
7365,0,0,0,0,0,0
7366,0,0,0,0,0,0
7367,3,4,2,4,3,3
7368,2,0,1,2,0,0
7369,0,0,1,0,0,0
7370,0,0,3,28,47,67
7371,0,0,0,0,0,0
7372,0,0,4,19,30,23
7373,3,1,0,0,2,6
7374,0,0,0,0,0,0
7375,0,2,2,4,3,3
7376,0,0,0,0,0,0
7377,0,0,0,0,0,0
7378,0,0,0,0,2,0
7379,0,0,0,0,0,0
7380,0,1,11,3,2,1
7381,0,0,0,0,0,0
7382,1,16,19,5,12,11
7383,0,3,14,9,9,8
7384,0,0,0,0,0,0
7385,0,0,0,0,0,0
7386,0,0,0,0,0,0
7387,0,0,0,0,0,0
7388,0,0,0,0,0,0
7389,0,0,0,0,0,0
7390,0,13,43,27,30,31
7391,0,0,0,0,1,1
7392,4,2,4,1,5,7
7393,0,0,0,0,0,0
7394,0,0,0,0,0,0
7395,0,0,0,0,0,0
7396,0,0,0,0,0,0
7397,0,0,0,0,0,0
7398,0,0,0,0,0,0
7399,14,272,157,75,95,81
7400,0,0,0,0,0,0
7401,14,3,2,1,2,2
7402,0,0,0,0,0,0
7403,0,0,0,0,0,0
7404,0,0,0,0,0,0
7405,0,1,0,0,0,0
7406,0,0,0,0,0,0
7407,0,0,0,0,0,0
7408,0,0,0,0,0,0
7409,0,4,3,39,41,49
7410,0,0,0,0,0,0
7411,52,22,155,311,357,376
7412,593,575,173,440,645,627
7413,0,0,0,0,0,0
7414,9,22,4,18,14,17
7415,0,0,0,0,0,0
7416,0,0,0,0,0,0
7417,0,0,0,0,0,0
7418,0,0,0,2,0,0
7419,0,0,0,0,0,0
7420,0,0,0,0,0,0
7421,0,1,3,0,0,0
7422,57,113,93,114,127,121
7423,0,1,6,4,3,3
7424,0,0,0,12,24,19
7425,0,0,2,0,0,0
7426,0,0,0,0,0,0
7427,0,0,0,0,0,0
7428,0,0,0,0,0,0
7429,0,0,0,0,1,1
7430,0,0,0,0,0,0
7431,0,0,0,0,0,0
7432,92,100,119,162,147,121
7433,0,0,0,0,0,0
7434,0,0,0,0,0,0
7435,0,0,9,5,6,6
7436,0,0,1,1,1,1
7437,0,0,0,0,0,0
7438,0,55,0,4,0,0
7439,1,52,1,36,51,64
7440,0,0,0,0,0,0
7441,0,0,0,0,0,0
7442,0,6,3,54,48,45
7443,169,24,38,51,41,38
7444,1,1,0,2,2,2
7445,1,8,5,19,23,20
7446,0,0,0,0,2,0
7447,0,0,0,0,0,0
7448,0,0,0,0,0,0
7449,0,0,0,0,0,0
7450,0,0,2,0,0,0
7451,3,49,27,49,49,50
7452,0,0,0,0,0,0
7453,0,0,0,0,0,0
7454,0,4,2,2,9,5
7455,2,16,14,15,17,17
7456,0,0,0,0,0,0
7457,2,1,10,27,18,18
7458,0,0,0,0,0,0
7459,0,0,0,0,0,0
7460,0,0,0,0,0,0
7461,0,0,0,0,0,0
7462,0,0,0,0,0,0
7463,0,0,0,0,0,0
7464,0,0,0,0,0,0
7465,7,258,24,148,76,98
7466,0,0,0,0,0,0
7467,1,1,0,1,1,1
7468,0,0,0,0,0,0
7469,0,1,8,36,18,16
7470,0,0,0,0,0,0
7471,0,0,0,0,0,0
7472,4,0,0,0,0,0
7473,0,0,0,0,0,0
7474,0,0,0,0,0,0
7475,0,0,0,0,0,0
7476,0,0,0,0,0,0
7477,0,0,0,0,0,0
7478,0,0,0,0,0,0
7479,0,0,0,0,0,0
7480,0,0,0,0,0,0
7481,0,0,0,0,0,0
7482,0,0,0,0,0,0
7483,0,0,0,0,0,0
7484,2,0,0,0,0,0
7485,0,0,0,0,0,0
7486,0,0,0,0,0,0
7487,0,0,0,0,0,0
7488,0,1,10,18,35,18
7489,0,0,0,0,0,0
7490,0,0,0,0,0,0
7491,0,0,0,0,0,0
7492,0,0,0,0,0,0
7493,0,1,0,0,0,0
7494,0,0,0,0,0,0
7495,0,0,0,0,0,0
7496,0,0,0,0,0,0
7497,0,1,4,1,6,5
7498,0,0,0,0,0,0
7499,0,0,0,0,0,0
7500,0,0,0,0,0,0
7501,41,84,45,30,21,22
7502,0,0,0,0,0,0
7503,0,0,0,0,0,0
7504,0,0,0,0,0,0
7505,58,621,272,427,497,473
7506,0,0,1,2,3,3
7507,0,0,0,0,0,0
7508,4,8,3,34,28,28
7509,0,0,0,0,0,0
7510,0,0,0,0,0,0
7511,0,0,0,4,0,0
7512,0,0,0,0,0,0
7513,0,0,0,0,0,0
7514,0,0,0,0,0,0
7515,0,0,0,0,0,0
7516,0,0,0,0,0,0
7517,0,0,0,0,0,0
7518,0,0,0,0,0,0
7519,0,0,0,0,0,0
7520,0,2,4,12,12,14
7521,0,0,0,0,0,0
7522,0,0,0,0,0,0
7523,0,0,0,0,0,0
7524,0,0,1,4,7,5
7525,0,0,0,0,0,0
7526,0,0,0,0,0,0
7527,0,0,0,0,0,0
7528,0,0,0,0,0,0
7529,0,0,0,0,0,0
7530,0,0,0,0,0,0
7531,27,46,91,56,52,56
7532,0,0,0,0,0,0
7533,1,1,0,0,0,0
7534,0,0,6,7,5,4
7535,7,0,0,0,0,0
7536,0,0,0,0,0,0
7537,1,1,14,10,4,3
7538,0,0,0,0,0,0
7539,1,0,2,3,2,3
7540,0,0,0,0,0,0
7541,0,0,0,0,0,0
7542,0,0,0,0,0,0
7543,1,0,4,0,1,2
7544,0,0,0,0,0,0
7545,0,0,0,0,0,0
7546,0,2,1,0,1,1
7547,0,0,0,0,0,0
7548,0,0,0,0,0,0
7549,1,2,1,1,1,1
7550,0,0,0,0,0,0
7551,0,0,0,0,0,0
7552,0,0,0,0,0,0
7553,0,0,0,0,0,0
7554,0,0,0,0,0,0
7555,0,0,0,0,0,0
7556,0,2,18,8,8,9
7557,0,7,4,15,31,32
7558,0,0,0,0,0,0
7559,0,0,0,0,0,0
7560,0,0,0,0,0,0
7561,0,0,0,0,0,0
7562,0,0,2,3,2,2
7563,0,0,8,0,1,2
7564,0,0,0,0,0,0
7565,0,0,0,0,0,0
7566,0,0,0,0,0,0
7567,0,0,0,0,0,0
7568,0,0,0,0,0,0
7569,0,0,0,0,0,0
7570,0,0,0,0,0,0
7571,0,0,0,0,1,1
7572,29,49,47,25,17,13
7573,0,0,0,0,0,0
7574,0,0,0,0,0,0
7575,0,1,5,15,13,10
7576,72,39,31,20,15,21
7577,1,2,0,0,0,0
7578,3,3,37,24,7,6
7579,0,1,0,0,1,1
7580,0,0,0,0,0,0
7581,0,0,3,0,1,0
7582,0,0,0,0,0,0
7583,0,0,1,0,1,1
7584,0,0,0,0,0,0
7585,0,0,0,0,0,0
7586,11,136,36,43,70,67
7587,0,0,0,0,0,0
7588,0,0,0,0,0,0
7589,0,0,0,0,0,0
7590,0,0,0,0,0,0
7591,0,1,0,1,0,0
7592,0,0,0,0,0,0
7593,0,0,0,0,0,0
7594,0,0,0,0,0,0
7595,0,0,0,0,0,0
7596,0,0,0,0,0,0
7597,0,0,0,0,0,0
7598,0,0,0,1,2,2
7599,0,0,0,1,1,1
7600,0,0,0,0,0,0
7601,0,0,0,0,0,0
7602,0,0,0,0,0,0
7603,0,0,0,0,0,0
7604,0,0,0,0,0,0
7605,0,1,3,0,0,8
7606,0,0,0,0,0,0
7607,0,0,0,0,0,0
7608,3,0,0,0,0,0
7609,0,0,0,0,0,0
7610,0,0,0,0,0,0
7611,0,0,0,0,0,0
7612,0,0,0,0,0,0
7613,84,9,146,110,40,35
7614,21,0,1,2,1,2
7615,0,0,0,0,0,0
7616,0,0,0,0,0,0
7617,0,0,0,8,8,4
7618,0,0,0,0,0,0
7619,0,0,0,0,0,0
7620,7,80,128,99,117,110
7621,12,25,75,276,216,175
7622,0,0,0,0,0,0
7623,0,0,0,0,0,0
7624,15,11,0,0,0,0
7625,0,0,0,0,0,0
7626,0,0,0,0,0,0
7627,0,0,0,0,0,0
7628,0,0,0,0,0,0
7629,0,0,0,0,0,0
7630,0,14,0,0,0,0
7631,0,0,0,0,0,0
7632,0,0,0,0,0,0
7633,1,0,1,3,1,1
7634,0,0,0,0,0,0
7635,0,0,0,0,0,0
7636,0,0,0,0,0,0
7637,0,1,0,0,0,0
7638,0,0,0,0,0,0
7639,7,39,22,40,18,15
7640,18,6,4,6,4,5
7641,0,0,0,1,2,3
7642,0,0,0,0,0,0
7643,0,0,0,0,0,0
7644,0,1,0,0,1,1
7645,0,0,0,0,0,0
7646,0,0,2,0,0,0
7647,2,10,3,6,6,4
7648,0,0,1,0,0,0
7649,0,0,0,0,0,0
7650,0,0,0,0,0,0
7651,0,0,0,0,0,0
7652,0,0,0,0,0,0
7653,0,0,0,0,0,0
7654,0,0,0,0,0,0
7655,0,0,0,0,0,0
7656,0,2,0,0,2,2
7657,0,0,0,0,0,0
7658,0,0,0,0,0,0
7659,0,0,0,0,0,0
7660,0,0,0,0,0,0
7661,1,1,0,0,0,0
7662,0,0,0,0,1,1
7663,0,54,52,53,29,42
7664,1,11,37,36,20,26
7665,16,19,42,20,43,32
7666,0,0,3,1,1,1
7667,56,316,175,217,204,207
7668,0,0,0,0,0,0
7669,0,0,0,0,0,0
7670,6,26,11,12,4,9
7671,0,0,17,53,27,34
7672,0,1,0,0,0,0
7673,0,0,0,0,0,0
7674,6,0,0,0,0,0
7675,7,89,82,138,82,101
7676,84,176,307,73,79,71
7677,53,136,236,89,78,72
7678,1,0,0,2,1,0
7679,0,0,0,0,0,0
7680,0,0,0,0,0,0
7681,47,5,102,29,43,33
7682,0,0,1,0,3,2
7683,0,0,0,0,0,0
7684,0,0,0,0,0,0
7685,0,0,0,0,0,0
7686,0,0,0,0,0,0
7687,0,2,0,0,0,0
7688,0,29,33,64,97,99
7689,132,133,142,160,137,146
7690,0,0,0,0,0,0
7691,0,0,0,0,0,0
7692,0,0,0,0,0,0
7693,0,0,0,0,0,0
7694,19,0,0,0,0,0
7695,0,0,0,0,0,0
7696,0,0,4,6,6,9
7697,5,3,16,6,4,3
7698,0,1,2,2,2,2
7699,0,0,0,0,0,0
7700,0,0,0,0,0,0
7701,0,0,0,0,0,0
7702,0,0,0,0,0,0
7703,18,13,1,0,0,0
7704,0,0,0,0,0,0
7705,0,0,0,0,0,0
7706,0,0,0,0,0,0
7707,0,0,0,0,0,0
7708,1,55,412,281,294,323
7709,0,0,0,0,0,0
7710,0,0,0,0,0,0
7711,0,8,11,10,2,3
7712,5,4,5,8,8,8
7713,4,4,4,6,6,10
7714,0,0,1,0,0,0
7715,0,0,0,0,0,0
7716,0,0,0,0,0,0
7717,0,2,0,0,0,0
7718,0,5,8,21,26,21
7719,0,4,3,3,4,4
7720,0,0,0,0,0,0
7721,0,0,0,0,0,0
7722,0,5,51,104,72,50
7723,1,2,1,1,1,1
7724,0,0,2,0,0,0
7725,10,5,4,0,0,0
7726,0,0,1,0,0,0
7727,0,0,0,0,0,0
7728,0,1,0,0,0,0
7729,0,0,0,0,0,0
7730,0,0,0,0,0,0
7731,0,0,0,0,0,0
7732,0,0,0,0,0,0
7733,0,0,0,0,0,0
7734,0,0,0,0,0,0
7735,0,0,0,0,0,0
7736,1,0,0,0,0,0
7737,0,0,0,0,0,0
7738,2,0,14,37,21,27
7739,0,0,5,10,22,25
7740,0,0,1,8,14,10
7741,9071,14089,12309,9781,10168,10656
7742,329,97,577,330,205,156
7743,147,96,573,466,292,266
7744,0,0,0,0,0,0
7745,0,0,0,0,0,0
7746,0,0,0,0,0,0
7747,3,12,1,1,0,0
7748,0,0,0,0,0,0
7749,0,1,0,0,0,0
7750,0,0,0,0,0,0
7751,7,0,1,0,1,1
7752,0,1,9,56,25,25
7753,0,0,0,0,0,0
7754,0,0,0,0,0,0
7755,0,0,0,0,0,0
7756,0,6,0,0,0,1
7757,0,0,0,0,0,0
7758,468,665,442,484,569,596
7759,1,0,1,0,0,0
7760,0,0,0,0,0,0
7761,9,2,1,6,7,5
7762,16,50,19,6,3,5
7763,0,0,0,0,0,0
7764,0,2,2,16,17,35
7765,0,1,0,0,0,0
7766,0,0,1,2,1,1
7767,0,0,0,0,0,0
7768,0,0,0,0,0,0
7769,0,0,0,0,0,0
7770,0,0,0,0,0,0
7771,0,0,0,0,0,0
7772,0,0,0,0,0,0
7773,0,0,0,0,0,0
7774,0,0,0,0,0,0
7775,0,0,0,0,0,0
7776,0,1,0,0,0,0
7777,0,0,0,0,0,0
7778,0,0,23,0,7,15
7779,0,0,3,3,2,4
7780,3,3,2,0,0,0
7781,0,0,0,0,2,1
7782,0,1,1,0,0,0
7783,0,0,0,0,0,0
7784,0,1,1,0,0,0
7785,0,0,2,2,1,2
7786,0,0,0,0,0,0
7787,553,674,531,624,640,588
7788,9,93,5,16,32,21
7789,0,5,0,5,6,6
7790,0,0,0,0,0,0
7791,3,1,8,16,1,1
7792,0,0,0,0,0,0
7793,0,0,2,0,0,0
7794,0,0,0,0,0,0
7795,222,308,152,205,202,186
7796,10,3,22,8,13,14
7797,26,134,104,101,95,85
7798,2,22,12,3,5,4
7799,0,2,4,0,1,2
7800,0,0,5,1,1,1
7801,0,0,0,0,0,0
7802,0,0,0,0,0,0
7803,0,0,0,1,3,1
7804,1,0,0,1,1,1
7805,0,0,0,1,0,0
7806,0,0,1,3,2,2
7807,2,0,0,0,0,0
7808,229,725,651,807,691,663
7809,15,54,93,48,48,54
7810,0,0,0,2,2,2
7811,0,1,0,0,0,0
7812,0,0,0,0,0,0
7813,14,28,18,12,10,17
7814,0,0,0,0,0,0
7815,1,0,0,1,1,1
7816,0,5,2,2,2,2
7817,0,0,0,0,0,0
7818,0,0,0,1,1,1
7819,0,0,12,0,1,9
7820,0,0,0,0,0,0
7821,0,8,0,1,1,0
7822,0,0,0,0,0,0
7823,32,52,118,54,28,21
7824,0,0,0,0,0,0
7825,0,0,0,0,0,0
7826,5,1,11,18,8,8
7827,13,7,20,2,5,4
7828,35,0,0,0,0,0
7829,0,0,0,0,0,0
7830,0,1,0,0,0,0
7831,0,0,0,0,0,0
7832,0,0,0,0,0,0
7833,0,1,0,1,1,1
7834,0,0,2,2,2,2
7835,0,0,0,0,0,0
7836,0,1,0,0,0,0
7837,18,13,2,0,3,4
7838,1,6,4,4,2,0
7839,6,3,2,1,4,6
7840,2,1,43,37,41,56
7841,0,0,0,0,0,0
7842,26,3,2,5,5,7
7843,0,0,0,0,0,0
7844,0,0,0,0,0,0
7845,0,0,0,0,0,0
7846,0,2,2,0,0,0
7847,0,1,1,40,26,32
7848,0,0,0,0,0,0
7849,0,0,0,0,0,0
7850,0,0,0,0,0,0
7851,0,0,33,60,50,50
7852,0,0,0,0,0,0
7853,0,0,0,0,0,0
7854,0,0,0,0,0,0
7855,0,0,0,0,0,0
7856,1,3,6,2,5,5
7857,0,0,0,0,0,0
7858,0,0,0,0,0,0
7859,0,0,0,0,0,0
7860,0,0,0,0,0,0
7861,0,0,0,0,0,0
7862,0,0,0,0,0,0
7863,0,0,0,0,0,0
7864,0,0,0,3,6,6
7865,2,0,1,1,2,2
7866,53,8,4,8,5,5
7867,1,1,0,0,0,0
7868,0,0,0,0,0,0
7869,0,0,0,0,0,0
7870,0,0,0,0,0,0
7871,0,0,0,0,0,0
7872,0,0,0,0,0,0
7873,1,0,0,0,0,0
7874,0,0,0,0,0,0
7875,0,0,0,0,0,0
7876,2,2,4,0,0,0
7877,8,0,4,1,1,0
7878,11,60,7,16,18,16
7879,0,14,5,9,3,2
7880,0,0,0,0,0,0
7881,0,1,6,8,7,13
7882,0,0,0,0,0,0
7883,0,0,0,0,0,0
7884,0,1,0,0,1,0
7885,0,0,3,2,2,2
7886,0,0,0,3,1,2
7887,0,0,0,0,0,0
7888,0,3,0,0,0,0
7889,0,0,7,13,15,23
7890,0,0,3,4,3,4
7891,0,0,0,0,0,0
7892,0,0,1,0,0,2
7893,0,0,0,0,0,0
7894,0,0,0,0,0,0
7895,0,0,0,0,0,0
7896,0,0,0,0,0,0
7897,0,0,0,0,0,0
7898,0,0,0,0,0,0
7899,0,1,17,22,23,23
7900,0,0,0,0,0,0
7901,0,0,0,0,0,0
7902,0,0,0,0,0,0
7903,0,0,0,0,0,0
7904,3,7,3,1,1,0
7905,7,0,0,0,0,0
7906,0,0,1,0,1,2
7907,0,0,0,1,1,1
7908,0,0,0,0,0,0
7909,0,0,0,0,0,0
7910,1,1,2,52,44,47
7911,0,0,0,0,0,0
7912,0,0,0,0,0,0
7913,8,0,1,0,0,0
7914,0,0,0,1,2,2
7915,0,3,12,10,10,15
7916,0,0,1,1,2,4
7917,0,0,0,0,0,0
7918,0,0,0,0,0,0
7919,2,6,5,5,4,4
7920,0,0,0,0,1,1
7921,0,0,0,0,0,0
7922,0,0,0,0,0,0
7923,0,0,1,0,0,0
7924,11,0,5,4,11,11
7925,0,0,0,3,2,1
7926,0,0,0,0,0,0
7927,0,0,0,3,3,4
7928,0,0,0,0,0,0
7929,0,0,0,0,0,0
7930,18,2,5,2,4,4
7931,0,0,0,0,0,0
7932,0,0,0,0,0,0
7933,0,0,0,0,0,0
7934,0,2,0,0,0,0
7935,0,0,0,0,0,0
7936,0,0,10,5,6,5
7937,0,15,15,8,11,15
7938,0,1,0,2,0,0
7939,5,0,0,0,0,0
7940,0,0,0,0,0,0
7941,0,1,0,0,0,0
7942,0,0,0,0,1,0
7943,0,0,0,0,0,0
7944,1,0,0,0,0,0
7945,0,0,0,0,0,0
7946,1286,1180,1202,694,669,712
7947,0,0,0,0,1,1
7948,0,0,0,0,0,0
7949,0,0,0,0,0,0
7950,0,0,0,0,0,0
7951,0,0,1,0,0,0
7952,0,1,1,5,5,5
7953,0,9,0,0,0,0
7954,0,0,3,7,6,8
7955,0,0,0,1,0,0
7956,1,9,28,38,48,44
7957,2,9,0,1,0,0
7958,430,2012,233,478,471,470
7959,338,1993,1752,4871,3165,3378
7960,0,0,0,0,0,0
7961,0,0,0,0,0,0
7962,0,0,0,0,0,0
7963,0,0,0,0,0,0
7964,0,1,2,4,9,7
7965,0,0,0,0,0,0
7966,0,0,0,0,0,0
7967,0,0,0,0,0,0
7968,0,0,0,0,0,0
7969,484,262,238,134,94,113
7970,0,0,0,0,0,0
7971,0,0,0,0,0,0
7972,0,0,0,0,0,0
7973,0,0,0,0,0,0
7974,0,0,0,0,0,0
7975,0,0,0,0,0,0
7976,0,0,0,0,0,0
7977,0,0,0,0,0,0
7978,0,0,0,0,0,0
7979,0,0,0,0,0,0
7980,0,0,0,0,0,0
7981,0,2,9,20,18,19
7982,0,0,0,2,2,2
7983,1,52,70,0,0,0
7984,0,0,0,0,0,0
7985,0,0,0,0,0,0
7986,0,0,2,5,6,7
7987,0,0,0,0,0,0
7988,0,0,1,0,0,0
7989,0,0,0,1,0,0
7990,0,0,2,8,4,1
7991,0,0,3,3,3,3
7992,0,0,0,0,0,0
7993,0,0,0,0,0,0
7994,0,0,0,0,0,0
7995,0,0,0,0,0,0
7996,1,1,0,0,0,0
7997,0,0,0,0,0,0
7998,38,562,165,129,144,168
7999,0,0,0,0,0,0
8000,0,0,0,0,0,0
8001,0,0,0,0,0,0
8002,0,0,0,0,0,0
8003,0,0,5,4,5,4
8004,0,0,5,4,9,7
8005,0,0,0,0,1,1
8006,0,0,0,0,0,0
8007,0,0,0,0,0,0
8008,0,0,0,0,0,0
8009,0,0,0,0,0,0
8010,0,41,14,169,147,131
8011,0,0,0,0,0,0
8012,0,6,1,0,0,0
8013,0,0,0,0,0,0
8014,614,1189,606,451,492,523
8015,0,0,0,0,0,0
8016,0,9,6,105,111,69
8017,0,0,0,0,0,0
8018,0,0,0,0,0,0
8019,0,0,0,0,0,0
8020,2,1,2,0,0,0
8021,0,0,1,1,1,2
8022,7,1,0,0,0,0
8023,0,0,0,0,0,0
8024,0,0,0,1,1,1
8025,0,0,0,0,0,0
8026,0,0,0,0,0,0
8027,51,96,97,105,92,90
8028,27,4,45,14,11,9
8029,0,2,1,1,0,0
8030,0,0,0,0,0,0
8031,0,0,0,0,0,0
8032,0,0,0,0,0,0
8033,1,0,0,0,0,0
8034,1,0,0,4,0,0
8035,1,0,1,6,6,7
8036,0,3,6,3,7,5
8037,0,1,1,0,0,1
8038,0,0,0,0,0,0
8039,0,0,0,0,0,0
8040,0,0,0,0,0,0
8041,0,0,0,0,0,0
8042,0,2,3,0,0,0
8043,0,0,0,0,0,0
8044,0,0,0,2,2,3
8045,4,26,162,123,97,73
8046,76,7,2,1,1,1
8047,0,0,0,0,0,0
8048,0,0,0,0,0,0
8049,0,0,6,2,6,1
8050,0,0,0,0,0,0
8051,0,0,0,0,0,0
8052,0,0,0,0,0,0
8053,0,0,0,0,0,0
8054,0,0,2,6,9,11
8055,0,0,0,0,0,0
8056,3,15,1,6,4,5
8057,0,0,4,2,1,3
8058,0,0,1,0,0,1
8059,0,0,0,1,1,1
8060,0,0,0,0,0,0
8061,1,0,0,0,0,0
8062,0,0,0,0,0,0
8063,0,0,0,0,0,0
8064,0,0,0,0,0,0
8065,0,0,0,0,0,0
8066,0,0,0,0,0,0
8067,0,0,0,0,0,0
8068,0,0,3,3,6,3
8069,87,5,2,3,0,0
8070,0,0,0,1,1,1
8071,0,2,0,0,0,0
8072,0,1,0,1,0,0
8073,0,0,0,0,0,0
8074,0,0,1,0,0,0
8075,0,0,0,0,0,0
8076,0,0,0,0,0,0
8077,0,0,0,0,0,0
8078,0,0,0,0,0,0
8079,0,0,0,0,0,0
8080,0,0,0,0,0,0
8081,0,0,0,0,0,0
8082,0,0,0,0,0,0
8083,1,67,64,138,183,174
8084,5,46,197,71,36,56
8085,0,1,1,13,6,6
8086,0,1,2,0,0,0
8087,1,1,2,2,4,3
8088,0,0,0,11,9,3
8089,0,1,45,80,114,98
8090,13,51,0,129,106,146
8091,394,141,306,97,86,60
8092,0,0,0,0,0,0
8093,0,0,0,0,0,0
8094,0,0,0,0,0,0
8095,18,67,23,13,30,35
8096,15,3,2,0,0,0
8097,7,1,23,18,42,40
8098,2,9,36,23,22,18
8099,7,3,52,47,34,29
8100,0,0,18,8,14,14
8101,0,1,0,0,0,0
8102,0,0,0,0,0,0
8103,0,0,0,0,0,0
8104,5,25,4,6,10,9
8105,85,22,8,4,2,2
8106,63,486,1470,4396,4020,3346
8107,0,0,0,0,0,0
8108,0,0,0,0,0,0
8109,0,7,0,0,4,4
8110,0,0,4,1,0,1
8111,8,1,20,5,17,18
8112,0,0,0,0,0,0
8113,0,0,0,2,2,2
8114,0,4,13,6,3,3
8115,1,13,1,11,4,3
8116,30,24,26,26,38,35
8117,1,0,0,0,0,0
8118,0,0,3,5,15,15
8119,22,161,290,325,299,286
8120,0,1,0,0,0,0
8121,5,1,0,1,0,0
8122,0,0,0,0,0,0
8123,0,0,0,0,0,0
8124,0,1,0,0,1,1
8125,0,1,2,2,5,4
8126,0,0,0,0,0,0
8127,1,0,0,0,0,0
8128,0,2,3,2,3,2
8129,3,1,4,8,4,3
8130,1,0,4,4,11,8
8131,1,5,2,2,3,4
8132,0,0,0,1,0,0
8133,0,1,2,4,4,3
8134,0,0,0,0,0,0
8135,0,0,0,0,0,0
8136,0,0,0,0,0,0
8137,27,102,171,70,52,65
8138,0,0,0,0,0,0
8139,0,0,0,0,0,0
8140,0,0,0,0,0,0
8141,0,1,1,6,5,6
8142,0,0,0,0,0,0
8143,0,0,1,0,0,0
8144,2,2,1,0,0,0
8145,0,0,0,0,1,2
8146,0,0,0,0,0,0
8147,0,0,0,0,0,0
8148,0,0,0,0,0,0
8149,2,1,9,12,8,6
8150,0,0,2,0,0,0
8151,0,0,0,0,0,0
8152,0,6,3,4,9,5
8153,15,14,10,9,12,14
8154,95,226,49,16,14,11
8155,0,0,0,0,0,0
8156,0,0,0,0,0,0
8157,0,11,7,7,6,3
8158,0,65,68,158,90,62
8159,0,0,0,0,0,0
8160,0,0,0,0,0,0
8161,0,0,0,0,0,0
8162,0,0,0,0,0,0
8163,0,0,0,0,1,1
8164,118,14,38,4,5,4
8165,0,3,6,2,5,4
8166,316,565,698,660,713,646
8167,0,0,0,0,0,0
8168,24,42,81,47,31,29
8169,0,0,4,13,6,6
8170,0,0,0,0,0,0
8171,0,0,0,0,0,0
8172,0,5,2,2,4,2
8173,0,0,2,0,0,0
8174,0,0,0,3,0,0
8175,0,0,0,0,0,0
8176,0,0,0,0,0,0
8177,0,0,0,0,0,0
8178,0,0,0,0,0,0
8179,2,3,1,2,5,4
8180,1,0,0,0,0,0
8181,0,0,0,1,1,1
8182,4,22,19,36,32,38
8183,0,0,0,1,1,1
8184,0,1,10,33,38,51
8185,0,1,2,0,5,3
8186,7,0,4,1,6,4
8187,2,0,2,3,2,3
8188,5,0,11,8,7,7
8189,6,1,0,0,0,0
8190,21,1,0,1,1,1
8191,0,0,1,1,2,2
8192,7,9,31,22,18,19
8193,0,2,0,0,0,0
8194,4,24,14,5,3,5
8195,5,0,0,0,0,0
8196,0,0,0,1,1,1
8197,0,0,0,1,0,0
8198,0,0,0,0,0,0
8199,0,0,0,0,0,0
8200,0,0,1,6,1,1
8201,0,0,0,0,0,0
8202,1,2,5,36,11,13
8203,2,4,3,9,12,12
8204,3158,4058,2150,1847,1394,1414
8205,0,1,1,2,2,1
8206,4,0,0,2,5,5
8207,12,131,135,172,237,232
8208,3,1,0,1,0,0
8209,2,0,0,0,0,0
8210,38,8,8,90,56,49
8211,0,0,0,0,0,0
8212,0,0,0,0,0,0
8213,0,0,0,1,8,13
8214,0,0,0,2,3,3
8215,0,0,1,1,1,1
8216,0,0,0,0,0,0
8217,83,223,575,424,378,335
8218,0,0,0,0,0,0
8219,1,1,2,2,2,2
8220,0,0,0,0,0,0
8221,12,27,43,9,19,32
8222,292,272,199,158,9,6
8223,9,6,15,2,3,5
8224,0,0,0,0,0,0
8225,0,0,0,0,0,0
8226,0,0,0,0,0,0
8227,0,0,1,0,0,0
8228,0,0,0,0,0,0
8229,0,3,1,0,0,2
8230,0,0,0,0,0,0
8231,0,0,0,0,0,0
8232,0,0,0,0,0,0
8233,0,4,4,31,22,30
8234,0,0,0,0,0,0
8235,0,0,0,0,0,0
8236,48,16,5,16,14,18
8237,0,0,1,7,3,3
8238,0,0,0,0,0,0
8239,3,0,0,0,0,0
8240,8,0,2,20,15,9
8241,2,0,0,0,0,0
8242,11,0,0,3,2,2
8243,29,2,16,33,33,39
8244,0,0,0,0,0,0
8245,0,20,65,42,54,58
8246,0,0,0,0,0,0
8247,0,0,0,0,0,0
8248,0,0,0,0,0,0
8249,0,0,0,0,0,0
8250,1,0,0,0,0,0
8251,0,0,0,0,0,0
8252,0,0,0,0,0,0
8253,0,0,0,3,2,1
8254,276,43,27,82,77,63
8255,0,0,1,1,1,1
8256,1,0,2,8,3,5
8257,1,1,10,8,8,11
8258,1,0,30,13,1,5
8259,0,0,1,2,2,2
8260,58,68,393,548,590,666
8261,0,0,1,4,3,3
8262,0,0,0,0,0,0
8263,0,1,0,0,0,0
8264,3,0,0,0,1,1
8265,19,19,18,28,31,35
8266,2,25,28,44,53,55
8267,1,1,5,37,27,25
8268,2,0,0,0,0,0
8269,2,3,31,10,6,9
8270,0,0,0,0,1,1
8271,7,16,1,2,1,3
8272,0,0,0,0,0,0
8273,0,0,3,2,2,1
8274,0,0,0,0,0,0
8275,0,0,0,12,10,9
8276,5,15,65,168,149,137
8277,1,2,7,1,4,2
8278,141,270,455,10882,8581,7119
8279,0,0,0,1,1,1
8280,0,0,2,3,6,6
8281,0,49,146,99,97,85
8282,0,0,12,9,10,4
8283,10,6,1,0,0,0
8284,0,0,0,0,0,0
8285,0,0,3,0,0,0
8286,0,0,0,1,5,10
8287,0,0,0,0,0,0
8288,0,0,0,0,0,0
8289,0,0,0,0,0,0
8290,0,0,0,0,0,0
8291,0,0,0,0,0,0
8292,0,0,0,0,0,0
8293,0,0,1,2,5,2
8294,0,0,0,0,0,0
8295,1,2,1,1,0,0
8296,0,1,7,162,135,127
8297,0,0,0,0,0,0
8298,0,17,0,9,3,4
8299,0,1,2,15,11,13
8300,0,0,0,0,0,0
8301,0,0,0,0,0,0
8302,0,0,0,0,0,0
8303,0,0,0,0,0,0
8304,0,0,0,0,0,0
8305,0,0,0,0,0,0
8306,1,0,0,0,0,0
8307,0,0,0,0,0,0
8308,0,0,0,0,0,0
8309,0,0,0,0,0,0
8310,2,0,0,0,0,0
8311,1,3,14,11,13,12
8312,5,24,13,274,186,171
8313,2,1,3,4,5,6
8314,1,0,0,0,0,0
8315,0,0,130,76,156,128
8316,0,0,0,0,0,0
8317,1,2,4,2,3,3
8318,55,70,114,37,37,53
8319,11,74,68,64,88,70
8320,0,0,0,0,0,0
8321,0,0,0,0,0,0
8322,34,0,6,41,33,27
8323,676,1161,409,411,400,376
8324,0,0,0,0,0,0
8325,1,1,0,0,0,0
8326,0,0,0,0,0,0
8327,0,0,0,0,0,0
8328,1,0,0,0,0,0
8329,0,0,0,0,0,0
8330,0,0,0,0,0,0
8331,0,0,0,0,0,0
8332,0,5,19,18,23,23
8333,0,1,0,0,0,1
8334,0,0,2,0,0,0
8335,0,0,0,0,0,0
8336,0,0,0,0,0,0
8337,0,0,0,0,0,0
8338,0,0,1,1,1,1
8339,5,1,1,1,0,1
8340,0,1,0,0,0,0
8341,7,6,0,1,2,3
8342,167,123,521,321,485,511
8343,1,2,1,4,5,5
8344,145,70,126,149,115,128
8345,0,0,0,0,0,0
8346,1,38,0,2,1,1
8347,0,0,0,0,0,0
8348,0,0,1,0,0,0
8349,0,0,0,0,0,0
8350,6,1,0,0,1,0
8351,27,132,1,18,7,5
8352,10,11,65,126,76,135
8353,0,0,0,0,0,0
8354,0,1,1,1,1,1
8355,4,3,0,2,0,0
8356,0,0,0,0,0,0
8357,0,0,0,0,0,0
8358,66,12,13,5,6,5
8359,0,0,0,0,0,0
8360,0,0,0,0,1,1
8361,0,0,0,0,0,0
8362,1,37,184,96,84,95
8363,0,1,0,0,0,1
8364,0,0,1,2,2,1
8365,0,0,2,2,1,1
8366,0,0,1,5,3,4
8367,0,0,7,2,5,3
8368,0,0,5,24,52,39
8369,0,0,0,0,1,0
8370,0,0,0,0,0,0
8371,125,387,363,370,381,375
8372,258,109,348,358,370,346
8373,625,572,112,177,130,146
8374,1,0,8,10,21,19
8375,0,0,0,1,0,1
8376,0,0,0,1,0,0
8377,0,0,2,9,6,5
8378,0,0,1,0,1,1
8379,3,27,0,10,1,1
8380,0,0,0,0,0,0
8381,0,0,0,0,0,0
8382,624,208,348,55,107,106
8383,0,0,4,0,0,0
8384,0,0,0,0,0,0
8385,0,0,0,0,0,0
8386,0,0,0,1,0,0
8387,0,0,1,0,2,1
8388,0,0,0,0,0,0
8389,5,25,6,15,7,9
8390,0,0,0,0,0,0
8391,0,0,0,0,0,0
8392,0,2,0,0,0,0
8393,0,0,0,0,0,0
8394,2,10,5,4,3,3
8395,0,0,0,0,0,0
8396,0,0,0,0,0,0
8397,0,0,0,0,0,0
8398,0,0,11,1,3,3
8399,3,0,0,0,0,0
8400,0,1,2,0,2,1
8401,0,0,0,0,0,0
8402,0,0,0,1,1,1
8403,51,41,23,9,5,2
8404,0,1,13,33,32,33
8405,0,0,3,0,0,0
8406,0,0,0,1,2,2
8407,0,2,1,0,2,2
8408,0,0,0,0,0,0
8409,0,0,0,0,0,0
8410,0,0,0,0,0,0
8411,0,0,0,0,0,0
8412,0,0,0,0,0,0
8413,0,0,0,1,1,0
8414,8,6,1,1,0,0
8415,1,0,0,0,0,0
8416,0,1,1,0,0,0
8417,0,0,0,0,0,0
8418,0,2,3,9,7,7
8419,0,0,0,0,0,0
8420,0,0,0,0,0,0
8421,0,0,0,0,0,0
8422,11,50,4,21,15,14
8423,5,3,6,35,29,29
8424,600,306,364,247,337,338
8425,0,0,0,0,0,0
8426,1,0,0,1,0,0
8427,0,0,0,0,0,0
8428,0,0,2,9,5,6
8429,0,0,0,0,0,0
8430,1,0,0,0,0,0
8431,4,0,0,0,0,0
8432,0,1,3,1,0,0
8433,0,0,0,0,0,0
8434,0,0,0,1,0,0
8435,0,0,0,4,4,4
8436,0,1,0,3,3,4
8437,0,3,5,0,1,0
8438,0,0,0,0,0,0
8439,0,1,0,0,0,0
8440,0,0,0,0,2,3
8441,0,0,2,1,1,1
8442,0,1,3,5,11,10
8443,4,0,1,1,1,1
8444,0,3,6,6,12,13
8445,0,0,5,2,1,0
8446,1,130,67,35,34,24
8447,0,0,0,0,0,0
8448,0,0,0,0,0,0
8449,0,0,0,0,0,0
8450,6,6,18,64,196,162
8451,0,0,0,0,0,0
8452,1,0,0,3,2,2
8453,0,1,2,3,2,2
8454,16,23,4,3,3,3
8455,0,0,0,0,0,0
8456,0,0,0,0,0,0
8457,0,0,0,0,0,0
8458,0,0,1,3,8,7
8459,0,0,0,0,0,0
8460,0,0,0,0,0,0
8461,0,0,0,0,0,0
8462,0,5,0,0,0,0
8463,1,13,4,22,32,30
8464,0,0,0,0,0,0
8465,0,0,0,0,0,0
8466,0,0,0,0,0,0
8467,6,36,3,0,1,1
8468,0,2,1,6,6,7
8469,0,0,0,3,2,1
8470,3,6,3,73,28,27
8471,0,6,14,18,14,19
8472,0,1,0,0,0,0
8473,0,0,0,0,0,0
8474,0,0,0,0,0,0
8475,24,50,34,111,130,112
8476,3,1,3,3,8,8
8477,12,2,37,65,57,64
8478,0,0,0,0,0,0
8479,0,0,0,0,0,0
8480,0,1,1,0,0,0
8481,0,0,0,0,0,0
8482,0,0,0,0,0,0
8483,0,0,0,0,0,0
8484,0,0,0,0,0,0
8485,0,0,0,0,0,0
8486,0,0,0,0,1,0
8487,0,1,0,4,3,3
8488,0,0,0,0,0,0
8489,0,0,0,0,0,0
8490,0,0,0,0,0,0
8491,0,0,0,0,0,0
8492,0,0,0,0,0,0
8493,0,0,0,0,0,0
8494,3,0,43,23,26,30
8495,1,0,0,0,0,0
8496,21,227,887,622,551,505
8497,0,0,0,0,0,0
8498,0,0,0,0,0,0
8499,0,6,1,11,4,3
8500,0,0,0,0,0,0
8501,0,0,0,0,0,0
8502,0,0,0,0,0,0
8503,4,12,124,69,75,85
8504,37,32,48,80,95,98
8505,9,3,0,0,0,0
8506,2,1,0,0,0,0
8507,0,0,0,0,0,0
8508,0,1,0,2,3,1
8509,15,11,13,7,10,10
8510,19,15,26,40,46,43
8511,4,4,5,1,6,5
8512,0,0,1,1,2,1
8513,0,0,1,0,0,0
8514,0,0,0,0,0,0
8515,0,0,0,0,0,0
8516,0,0,0,0,0,0
8517,13,4,0,2,2,3
8518,2,27,55,25,29,28
8519,2,11,18,8,8,8
8520,3,0,0,0,0,0
8521,0,0,0,0,0,0
8522,0,0,0,0,0,0
8523,3,0,4,1,1,1
8524,7,0,0,0,0,0
8525,11,10,1,2,2,2
8526,0,0,5,0,0,0
8527,0,0,0,0,0,0
8528,0,0,0,0,0,0
8529,0,0,0,0,0,0
8530,0,13,16,22,36,30
8531,0,50,13,36,41,38
8532,0,7,26,44,97,57
8533,64,21,86,608,378,348
8534,0,0,0,0,0,1
8535,0,11,6,2,1,1
8536,0,1,3,0,0,0
8537,51,147,722,200,317,252
8538,1,5,5,0,0,1
8539,0,0,0,0,0,0
8540,0,0,0,0,0,0
8541,0,0,1,1,2,2
8542,0,0,1,2,2,2
8543,0,0,0,0,0,0
8544,0,0,0,0,0,1
8545,0,0,0,0,0,0
8546,19,10,11,9,12,11
8547,0,0,0,5,8,6
8548,0,0,0,1,1,1
8549,0,0,0,0,0,0
8550,0,0,0,0,1,1
8551,0,5,16,38,30,27
8552,28,0,0,6,6,7
8553,3,1,6,15,18,16
8554,0,0,0,0,0,0
8555,0,0,0,0,0,0
8556,0,0,0,0,0,0
8557,0,0,0,3,3,6
8558,0,0,0,0,0,0
8559,8,10,9,2,2,2
8560,9,1,13,7,8,8
8561,0,0,0,0,0,0
8562,0,1,0,0,0,0
8563,4219,2945,1622,2157,1295,1214
8564,0,0,0,0,0,0
8565,0,0,0,0,0,0
8566,0,0,12,15,13,17
8567,0,0,0,0,0,0
8568,0,0,1,2,6,5
8569,0,0,0,0,0,0
8570,0,0,0,0,0,0
8571,0,0,0,0,1,0
8572,0,0,0,0,0,0
8573,0,0,0,0,0,0
8574,0,0,0,0,0,0
8575,0,402,1214,1651,1118,1065
8576,0,0,0,0,0,0
8577,0,0,0,0,0,0
8578,0,0,3,8,8,7
8579,496,432,186,400,458,481
8580,54,125,308,456,516,548
8581,0,1,1,0,0,0
8582,0,0,0,0,0,0
8583,0,0,0,0,0,0
8584,0,0,0,0,0,0
8585,0,0,0,0,0,0
8586,0,0,0,0,0,0
8587,0,175,87,143,163,166
8588,1,0,15,1,1,1
8589,3,15,0,3,19,18
8590,0,0,0,0,0,0
8591,0,0,0,0,0,0
8592,0,0,0,0,0,0
8593,2,0,0,0,0,0
8594,0,0,0,0,0,0
8595,0,0,1,1,2,1
8596,0,2,8,10,9,10
8597,27,147,318,424,471,479
8598,73,10,59,18,0,0
8599,2,3,5,1,5,3
8600,0,0,0,0,0,0
8601,0,0,0,0,0,0
8602,0,0,0,0,0,0
8603,0,0,0,0,0,0
8604,2,0,0,2,1,1
8605,0,1,0,0,1,0
8606,0,0,0,0,0,0
8607,0,0,0,0,0,0
8608,0,0,0,0,0,0
8609,0,2,0,0,0,0
8610,5,0,0,0,0,0
8611,0,0,0,0,0,0
8612,0,1,10,0,1,1
8613,0,0,9,4,7,5
8614,0,0,0,0,0,0
8615,13,196,34,22,15,15
8616,0,0,0,0,0,0
8617,75,141,321,296,300,303
8618,23,82,230,265,300,273
8619,334,278,396,398,406,371
8620,0,0,0,0,0,0
8621,22,54,4,11,4,5
8622,0,0,0,0,0,0
8623,0,0,0,0,0,0
8624,0,0,0,0,0,0
8625,0,0,0,0,0,0
8626,0,0,0,0,0,0
8627,0,0,0,0,0,0
8628,0,0,0,0,0,0
8629,0,0,4,1,2,3
8630,0,0,0,3,7,6
8631,13,0,1,6,0,0
8632,0,0,0,2,1,1
8633,0,0,0,0,0,0
8634,0,0,0,0,0,0
8635,0,0,1,1,1,1
8636,0,2,0,0,0,0
8637,0,0,0,0,0,0
8638,0,0,0,0,0,0
8639,0,0,0,0,0,0
8640,0,0,0,0,0,0
8641,1,4,0,0,0,0
8642,2,1,1,1,1,1
8643,0,0,0,0,1,1
8644,0,0,0,0,0,0
8645,1,2,1,0,0,0
8646,0,0,0,0,0,0
8647,0,0,0,0,0,0
8648,25,0,1,0,1,1
8649,0,1,6,35,32,36
8650,1,3,0,0,0,1
8651,22,7,0,0,0,0
8652,1,0,6,2,22,15
8653,4,2,1,0,2,2
8654,0,0,0,0,0,0
8655,0,0,0,0,0,0
8656,0,2,0,0,0,0
8657,0,0,0,0,1,1
8658,0,0,0,0,0,0
8659,0,0,0,0,0,0
8660,0,0,0,0,0,0
8661,0,0,0,0,0,0
8662,0,0,0,0,0,0
8663,0,0,0,0,0,0
8664,725,490,238,257,272,288
8665,0,0,0,0,0,0
8666,0,0,0,0,0,0
8667,0,0,5,24,6,6
8668,0,0,1,2,2,1
8669,0,0,0,5,2,2
8670,0,0,0,0,0,0
8671,27,9,8,17,2,2
8672,3,0,0,0,0,0
8673,6,0,0,0,0,0
8674,0,0,0,0,0,0
8675,0,0,1,0,0,0
8676,0,0,0,0,0,0
8677,2,9,82,87,48,47
8678,0,0,2,3,3,3
8679,0,0,0,0,0,0
8680,17,5,14,6,6,6
8681,0,0,0,0,0,0
8682,6,5,14,22,17,17
8683,0,0,0,0,0,0
8684,0,0,0,0,0,0
8685,0,0,0,0,0,0
8686,0,0,0,0,0,0
8687,0,0,0,0,0,0
8688,0,0,0,0,0,0
8689,0,0,0,0,0,0
8690,0,1,0,0,0,0
8691,0,0,0,0,0,0
8692,45,14,5,28,23,26
8693,4,40,2,7,9,9
8694,0,0,1,6,2,3
8695,0,0,0,0,0,0
8696,0,0,0,1,0,0
8697,0,0,0,0,0,0
8698,154,67,746,1845,1612,1692
8699,11,1,0,1,5,5
8700,121,66,485,936,868,1009
8701,0,0,0,0,0,0
8702,0,2,5,7,6,6
8703,0,0,0,0,0,0
8704,0,0,0,0,0,0
8705,3,3,27,2,4,4
8706,0,0,0,0,0,0
8707,89,129,33,48,53,51
8708,133,447,475,244,202,208
8709,94,87,40,84,86,84
8710,0,0,0,0,0,0
8711,22,35,35,32,32,26
8712,0,0,0,0,0,0
8713,0,0,0,1,0,0
8714,0,0,0,14,12,10
8715,0,0,0,0,0,0
8716,18,47,243,55,125,125
8717,3,3,2,5,4,4
8718,0,6,0,0,0,0
8719,0,0,0,0,0,0
8720,2,2,2,4,2,3
8721,0,0,0,0,0,0
8722,22,6,0,0,0,0
8723,0,0,0,0,0,0
8724,0,0,0,0,0,0
8725,0,5,14,5,13,14
8726,0,2,8,5,0,0
8727,0,0,0,0,0,0
8728,31,18,350,186,72,64
8729,0,0,0,0,0,0
8730,8,0,0,0,0,0
8731,0,0,0,0,0,0
8732,0,0,0,0,0,0
8733,0,0,0,0,0,0
8734,0,0,0,0,0,0
8735,0,0,0,0,0,0
8736,0,0,0,0,0,0
8737,1,0,0,0,0,0
8738,0,0,1,1,1,1
8739,0,0,1,1,1,1
8740,2,2,6,5,4,2
8741,1,0,2,1,1,1
8742,0,0,0,0,0,0
8743,2,0,0,0,0,0
8744,0,0,0,0,0,0
8745,0,0,0,0,0,0
8746,0,0,0,0,0,0
8747,717,2284,1649,872,1223,1607
8748,0,0,0,0,0,0
8749,2,1,16,13,30,30
8750,2,5,30,50,41,39
8751,0,0,7,4,11,13
8752,0,0,0,0,0,0
8753,0,0,0,0,0,0
8754,0,0,0,0,0,0
8755,0,0,0,1,1,1
8756,0,0,0,0,0,0
8757,0,0,0,0,0,0
8758,0,0,0,0,0,0
8759,0,0,0,0,0,0
8760,0,0,0,1,1,1
8761,0,7,2,10,13,11
8762,58,77,31,18,14,14
8763,41,16,0,8,10,10
8764,0,0,0,1,1,1
8765,0,0,0,0,0,0
8766,0,0,0,0,0,0
8767,0,0,0,0,0,0
8768,0,0,0,0,0,0
8769,0,0,0,0,0,0
8770,0,0,0,0,0,0
8771,0,0,0,0,0,0
8772,1,0,8,7,7,7
8773,76,167,155,141,170,171
8774,0,0,0,0,0,0
8775,0,0,0,0,0,0
8776,2,5,0,2,2,1
8777,0,0,0,1,1,1
8778,6,0,3,2,1,1
8779,0,0,0,0,0,0
8780,0,0,0,0,0,0
8781,0,0,0,0,0,0
8782,0,0,0,0,0,0
8783,0,0,0,0,0,0
8784,0,0,0,0,0,0
8785,0,0,0,0,0,0
8786,0,0,0,0,0,0
8787,0,0,2,4,4,5
8788,0,0,0,0,0,0
8789,0,0,0,0,0,0
8790,0,0,0,0,0,0
8791,0,1,0,0,0,0
8792,0,0,0,0,0,0
8793,0,0,0,9,0,0
8794,0,0,1,0,0,0
8795,0,0,0,0,0,0
8796,2,1,1,0,0,0
8797,3,3,1,1,1,1
8798,0,0,0,3,3,3
8799,1,6,12,1,4,3
8800,0,0,0,0,0,0
8801,0,0,0,0,0,0
8802,2418,107,160,163,373,399
8803,0,0,0,0,0,0
8804,0,0,0,0,0,0
8805,1,1,1,2,1,1
8806,32,14,34,5,4,7
8807,0,1,7,1,1,1
8808,0,2,7,8,7,7
8809,0,0,0,0,0,0
8810,0,1,0,0,0,0
8811,0,4,0,1,1,1
8812,1,1,0,0,0,0
8813,0,0,0,0,0,0
8814,3,0,0,0,0,0
8815,0,0,2,1,0,0
8816,4,0,1,4,2,1
8817,0,0,0,0,0,0
8818,0,0,0,0,0,0
8819,0,0,0,0,0,0
8820,0,0,1,8,4,4
8821,0,0,0,0,0,0
8822,0,0,0,0,0,0
8823,0,0,0,0,0,0
8824,0,1,0,0,0,0
8825,0,1,2,1,1,1
8826,0,3,1,0,0,0
8827,4,5,1,6,5,8
8828,0,0,0,0,0,0
8829,0,0,0,0,0,0
8830,0,0,0,1,0,0
8831,0,0,0,0,0,0
8832,0,0,0,0,0,0
8833,0,0,0,0,0,0
8834,6,17,1,0,0,0
8835,0,0,0,0,0,0
8836,1,0,31,9,9,9
8837,12,4,2,3,10,13
8838,7,17,2,8,41,46
8839,0,0,0,1,1,1
8840,27,54,17,3,9,6
8841,4,98,137,21,52,49
8842,40,295,28,18,3,5
8843,6,190,66,48,23,22
8844,23,22,317,66,70,50
8845,0,0,0,0,0,0
8846,1,0,0,0,0,0
8847,1,2,0,1,1,1
8848,74,6,26,88,36,45
8849,0,7,0,7,35,30
8850,0,0,19,2,2,2
8851,0,0,0,0,0,0
8852,0,0,0,0,0,0
8853,0,1,1,2,2,2
8854,0,0,0,0,0,0
8855,0,2,5,2,2,3
8856,1090,5483,2317,1767,1602,1689
8857,0,0,0,0,0,0
8858,0,0,6,3,6,6
8859,0,0,0,0,0,0
8860,0,1,0,0,0,0
8861,0,0,0,0,0,0
8862,0,0,0,0,0,0
8863,0,0,0,0,0,0
8864,0,0,0,0,0,0
8865,5,6,0,0,0,0
8866,0,1,2,2,3,4
8867,0,0,0,0,0,0
8868,2,0,1,0,0,0
8869,0,0,1,0,0,0
8870,0,0,0,0,1,1
8871,1,0,0,3,3,3
8872,0,0,2,14,8,11
8873,0,2,0,1,1,1
8874,11,7,18,41,38,64
8875,1638,1605,723,582,684,680
8876,0,1,0,0,0,0
8877,0,0,0,0,0,0
8878,0,0,0,0,0,0
8879,43,0,5,1,3,3
8880,0,0,2,0,0,0
8881,3,3,7,3,6,9
8882,76,69,69,28,50,56
8883,49,58,90,60,74,62
8884,0,3,7,7,10,9
8885,1429,1248,1408,763,1150,1170
8886,3,32,2,65,133,97
8887,0,0,0,0,0,0
8888,0,0,0,4,4,4
8889,0,0,0,0,0,0
8890,0,0,0,0,0,0
8891,0,0,0,0,0,0
8892,0,0,0,0,0,0
8893,0,4,22,33,24,29
8894,0,3,9,18,11,8
8895,50,39,57,62,63,59
8896,0,0,0,0,0,0
8897,1,19,14,16,12,18
8898,0,0,0,0,0,0
8899,0,0,0,0,0,0
8900,0,0,3,5,5,5
8901,4,0,0,0,0,0
8902,965,83,116,62,65,83
8903,36,48,21,17,8,10
8904,114,125,337,252,228,210
8905,0,0,0,0,0,0
8906,0,0,0,0,1,1
8907,0,0,0,0,0,0
8908,0,2,25,10,16,15
8909,0,1,13,4,5,6
8910,0,2,12,5,8,7
8911,2,0,4,4,3,3
8912,2,1,4,5,3,3
8913,0,150,52,94,129,99
8914,34,19,10,17,21,15
8915,9,0,0,0,1,0
8916,17,1,0,0,0,0
8917,3,5,134,143,139,174
8918,0,0,1,0,0,0
8919,7,131,403,362,268,262
8920,2,1,0,0,0,0
8921,1,0,1,0,0,1
8922,0,0,0,0,0,0
8923,338,19,8,65,61,46
8924,0,8,23,15,19,20
8925,0,0,7,5,3,3
8926,0,0,0,0,0,0
8927,0,1,0,1,0,0
8928,0,0,0,0,0,0
8929,0,0,0,0,0,0
8930,0,0,0,0,0,0
8931,0,0,0,0,0,0
8932,11,0,2,7,2,3
8933,39,50,3,4,4,4
8934,2,2,0,0,0,0
8935,0,1,13,31,20,22
8936,96,372,253,550,831,864
8937,0,0,0,0,0,0
8938,0,1,0,0,0,0
8939,0,0,4,1,2,2
8940,0,0,0,23,12,11
8941,2,1,12,7,2,2
8942,4,18,5,39,61,53
8943,18,5,24,22,11,12
8944,2,0,0,0,0,0
8945,0,0,0,0,0,0
8946,0,0,0,0,0,0
8947,0,0,2,1,1,1
8948,0,0,2,2,2,5
8949,0,0,0,0,0,0
8950,0,0,0,0,0,0
8951,1,1,1,0,0,0
8952,0,0,3,2,1,1
8953,0,0,0,0,1,1
8954,1,0,0,13,54,115
8955,0,0,0,0,0,0
8956,0,0,0,0,0,0
8957,8,9,0,2,10,10
8958,0,0,0,0,0,0
8959,0,0,4,14,6,5
8960,0,0,2,5,7,8
8961,0,0,0,0,0,0
8962,76,12,59,22,34,35
8963,0,0,0,0,0,0
8964,0,0,0,1,1,1
8965,0,0,0,0,0,0
8966,1,0,5,3,3,3
8967,0,0,0,0,0,0
8968,0,0,0,1,0,1
8969,2,2,2,0,0,0
8970,1,0,0,0,0,0
8971,0,0,0,2,2,2
8972,3,17,6,13,7,7
8973,1,0,0,0,1,0
8974,0,0,0,0,0,0
8975,7,63,1,4,7,7
8976,8,13,6,3,4,3
8977,0,0,0,0,0,0
8978,0,0,0,0,0,0
8979,0,5,1,1,2,2
8980,0,0,0,0,0,0
8981,0,0,4,4,6,6
8982,1,1,0,0,0,2
8983,0,0,0,0,0,0
8984,0,0,0,0,0,0
8985,0,0,0,0,0,0
8986,0,0,0,0,0,0
8987,0,0,0,0,0,0
8988,0,1,0,1,1,1
8989,2,0,28,65,50,43
8990,0,0,0,0,0,0
8991,0,2,0,1,2,3
8992,79,237,239,123,115,101
8993,1,0,0,1,0,1
8994,0,0,0,0,0,0
8995,1,1,0,0,0,0
8996,0,0,0,0,0,0
8997,2,0,0,0,0,0
8998,80,25,17,33,9,13
8999,0,0,0,0,0,0
9000,0,0,0,0,0,0
9001,0,0,0,0,0,0
9002,1,0,0,0,0,0
9003,0,0,0,0,0,0
9004,0,0,0,0,0,0
9005,16,4,4,6,2,1
9006,0,0,0,0,0,0
9007,0,1,2,1,1,1
9008,0,0,0,0,0,0
9009,0,0,2,3,1,3
9010,0,0,0,0,0,0
9011,0,0,0,0,0,0
9012,56,201,75,113,49,51
9013,0,0,0,0,0,0
9014,0,0,0,0,0,0
9015,0,1,0,0,0,0
9016,2,12,0,0,0,0
9017,0,0,0,0,0,0
9018,8,22,84,8,27,25
9019,0,0,0,0,0,0
9020,0,0,0,0,0,1
9021,0,0,0,0,0,0
9022,0,0,0,0,0,0
9023,0,0,0,0,0,0
9024,0,6,2,0,0,0
9025,0,2,2,2,2,2
9026,0,0,0,0,1,1
9027,0,0,0,0,0,0
9028,0,0,0,0,0,0
9029,0,0,0,0,0,0
9030,0,0,1,0,1,0
9031,0,0,1,1,1,1
9032,0,0,4,1,2,2
9033,0,0,0,0,0,0
9034,0,0,0,0,0,0
9035,0,0,0,0,0,0
9036,1,5,1,0,0,0
9037,5,10,0,0,0,0
9038,0,0,0,31,68,63
9039,369,172,127,169,159,167
9040,3,0,2,1,2,2
9041,0,6,1,2,0,2
9042,0,0,0,0,0,0
9043,0,0,0,1,3,3
9044,0,4,2,0,1,1
9045,0,0,0,1,5,8
9046,0,0,0,0,0,0
9047,0,0,0,0,0,0
9048,0,0,0,1,0,2
9049,0,0,0,0,1,1
9050,0,0,0,0,0,0
9051,0,0,0,0,0,0
9052,0,0,109,119,142,117
9053,0,7,1,0,5,5
9054,0,0,0,0,0,0
9055,0,0,1,5,1,1
9056,0,0,0,0,0,0
9057,0,0,0,0,0,0
9058,4,0,0,0,2,1
9059,2,0,70,446,387,328
9060,0,0,0,0,0,0
9061,1,0,0,0,0,0
9062,0,0,0,0,0,0
9063,0,0,1,15,16,12
9064,0,0,0,0,0,0
9065,0,0,0,0,0,0
9066,0,1,2,2,1,1
9067,0,0,1,1,0,0
9068,97,6,8,16,12,14
9069,0,0,0,0,0,0
9070,0,0,0,0,0,0
9071,2,9,7,51,47,48
9072,0,0,0,0,0,0
9073,2,14,2,3,2,2
9074,0,0,0,0,0,0
9075,0,0,0,0,0,0
9076,17,50,4,3,8,16
9077,126,153,44,83,65,66
9078,73,7,36,23,22,30
9079,0,0,0,1,1,0
9080,0,0,0,0,0,0
9081,0,0,0,0,0,0
9082,0,0,0,0,0,0
9083,0,0,0,0,0,0
9084,0,10,35,46,26,29
9085,0,0,1,2,2,2
9086,0,0,0,0,0,0
9087,7,6,10,22,7,9
9088,16,27,55,37,46,41
9089,0,0,0,0,0,0
9090,0,0,0,0,0,0
9091,2,0,0,62,18,27
9092,0,0,0,0,0,0
9093,0,0,0,0,0,0
9094,0,0,0,0,0,0
9095,11,14,26,37,30,29
9096,1,0,3,0,3,3
9097,0,0,0,0,0,0
9098,2,0,22,19,21,20
9099,3,18,8,13,8,5
9100,0,0,0,0,0,0
9101,3,11,8,23,22,23
9102,0,0,32,5,5,3
9103,0,0,0,0,0,0
9104,0,0,0,0,0,0
9105,0,0,0,1,1,3
9106,0,0,0,0,0,0
9107,0,3,2,3,5,8
9108,0,0,0,0,0,0
9109,26,13,5,3,4,4
9110,0,0,0,0,0,0
9111,0,0,0,0,0,0
9112,0,0,0,0,0,0
9113,0,0,0,0,0,0
9114,0,0,1,2,2,2
9115,0,0,0,0,0,0
9116,0,331,232,209,196,192
9117,0,1,196,48,19,30
9118,0,0,0,0,0,0
9119,1,1,8,14,19,20
9120,1,0,2,1,1,1
9121,3,5,10,26,18,21
9122,0,0,0,0,0,0
9123,0,0,1,1,1,1
9124,0,0,0,0,0,0
9125,0,0,0,0,0,0
9126,0,0,0,2,1,1
9127,16,23,37,84,72,50
9128,2,0,0,1,0,0
9129,0,1,19,29,58,64
9130,0,0,0,0,0,0
9131,0,0,0,0,0,0
9132,0,0,10,4,3,2
9133,0,0,0,0,0,0
9134,3,0,5,1,10,14
9135,3,5,37,34,9,11
9136,0,0,0,1,0,0
9137,0,0,0,0,0,0
9138,6,5,0,5,4,4
9139,1,1,0,0,0,0
9140,0,1,5,3,0,1
9141,68,14,31,25,34,32
9142,3,6,1,1,3,4
9143,0,0,0,0,0,0
9144,0,0,0,0,2,2
9145,0,0,0,0,0,0
9146,0,0,0,0,0,0
9147,0,0,0,0,0,0
9148,0,0,0,0,0,0
9149,0,1,0,0,0,0
9150,27,25,4,2,4,2
9151,1,0,0,0,0,0
9152,0,0,0,0,0,0
9153,0,0,0,0,0,0
9154,0,0,0,0,0,0
9155,7,46,48,76,11,10
9156,0,0,0,0,0,0
9157,19,34,28,10,17,24
9158,0,0,0,0,0,0
9159,0,0,0,0,0,0
9160,0,5,4,14,9,10
9161,1,4,0,17,3,2
9162,0,0,0,0,0,0
9163,16,1,9,9,1,1
9164,0,0,0,0,0,0
9165,3,1,0,0,0,0
9166,0,34,47,49,77,71
9167,0,0,0,0,0,1
9168,0,0,0,0,0,0
9169,0,0,0,0,0,0
9170,0,0,0,0,0,0
9171,0,0,0,0,0,0
9172,0,0,0,0,0,0
9173,0,0,0,0,0,0
9174,138,473,233,233,87,92
9175,0,0,0,0,0,0
9176,0,0,0,0,0,0
9177,0,0,0,1,0,0
9178,0,0,0,0,0,0
9179,0,0,0,13,3,5
9180,0,0,0,0,0,0
9181,0,0,0,0,0,0
9182,0,1,0,2,0,0
9183,0,0,0,0,0,0
9184,34,28,268,415,549,545
9185,0,0,0,0,0,0
9186,0,0,0,0,0,0
9187,0,1,1,7,3,2
9188,0,0,0,0,0,0
9189,1,0,0,0,0,0
9190,0,0,0,0,0,0
9191,0,0,0,0,0,0
9192,9,3,9,13,13,13
9193,0,0,0,11,11,11
9194,2,4,0,0,0,0
9195,19,11,16,97,113,111
9196,0,0,3,4,3,1
9197,0,0,1,2,1,1
9198,0,10,0,1,7,9
9199,0,0,0,0,0,0
9200,0,0,0,0,0,0
9201,4,0,0,0,0,0
9202,0,0,0,0,0,0
9203,0,0,0,0,0,0
9204,0,0,0,0,0,0
9205,0,0,0,0,0,0
9206,0,0,0,0,0,0
9207,0,0,0,0,0,0
9208,0,0,0,0,0,0
9209,0,0,0,0,0,0
9210,4,7,0,1,2,1
9211,0,0,0,0,0,0
9212,0,4,159,0,0,0
9213,0,0,1,0,0,0
9214,0,0,0,0,0,0
9215,0,0,1,0,0,0
9216,4,19,0,2,15,13
9217,0,0,0,0,0,0
9218,0,0,8,6,15,17
9219,0,0,0,0,0,0
9220,30,102,4,8,11,9
9221,0,0,1,1,0,0
9222,1,19,3,33,57,49
9223,0,0,9,3,2,2
9224,6,2,6,4,9,9
9225,3,1,18,27,19,26
9226,0,0,0,0,1,1
9227,0,1,0,0,0,0
9228,0,0,0,0,0,0
9229,0,0,0,0,0,0
9230,0,0,0,0,0,0
9231,1,0,0,0,0,0
9232,1,4,0,0,1,3
9233,0,0,0,0,0,0
9234,2,0,2,3,4,3
9235,0,0,0,4,2,2
9236,0,0,0,0,0,0
9237,0,1,0,1,0,0
9238,1,0,0,0,0,0
9239,0,0,0,0,0,0
9240,0,0,0,0,0,0
9241,0,0,0,1,1,1
9242,31,20,12,4,4,4
9243,0,0,0,0,0,0
9244,0,0,0,0,0,0
9245,3,0,37,84,69,70
9246,0,0,0,0,1,1
9247,0,0,0,3,0,0
9248,11,1,1,1,0,0
9249,0,0,0,0,0,0
9250,0,2,1,1,1,1
9251,0,0,0,0,0,0
9252,0,0,2,1,3,2
9253,0,0,0,0,0,0
9254,0,0,0,1,1,1
9255,0,0,0,0,0,0
9256,0,0,11,0,0,0
9257,11,2,19,1,9,5
9258,160,0,3,21,12,4
9259,0,0,0,0,0,0
9260,726,711,413,599,343,302
9261,0,0,0,0,0,0
9262,0,0,0,0,0,0
9263,0,1,5,4,3,2
9264,0,0,0,0,0,0
9265,0,0,0,0,0,0
9266,0,0,0,0,0,0
9267,0,0,0,0,0,0
9268,0,0,0,0,0,0
9269,0,0,0,0,0,0
9270,0,0,0,0,0,0
9271,0,0,0,0,0,0
9272,26,8,0,1,5,2
9273,0,10,0,0,0,1
9274,142,61,17,13,30,43
9275,0,0,0,0,0,0
9276,11,1,0,0,0,0
9277,0,0,0,0,0,0
9278,6,12,54,81,123,111
9279,0,0,0,0,0,0
9280,0,0,0,0,0,0
9281,0,0,0,0,0,0
9282,0,0,0,0,0,0
9283,12,7,3,8,8,8
9284,0,1,0,1,0,0
9285,0,0,0,0,0,0
9286,0,0,0,0,0,0
9287,2,2,0,0,1,1
9288,0,0,0,0,0,0
9289,0,0,0,0,0,0
9290,0,0,0,0,0,0
9291,0,0,0,0,0,0
9292,0,0,0,0,0,0
9293,1,0,1,0,1,1
9294,0,0,0,0,0,0
9295,0,2,1,10,7,7
9296,0,0,0,2,1,1
9297,1,0,1,0,0,0
9298,0,0,0,0,0,0
9299,0,0,0,9,8,7
9300,0,0,0,0,0,0
9301,0,0,1,0,0,0
9302,0,8,1,0,3,5
9303,0,0,0,0,0,0
9304,0,0,0,0,0,0
9305,0,0,0,0,0,0
9306,0,4,112,40,118,103
9307,0,0,1,8,6,4
9308,0,0,0,0,0,0
9309,0,0,0,0,0,0
9310,0,0,0,0,0,0
9311,0,0,1,1,1,1
9312,0,0,0,0,0,0
9313,0,0,0,0,0,0
9314,3,2,2,2,3,3
9315,0,0,0,0,0,0
9316,0,0,0,0,0,0
9317,0,0,0,0,0,0
9318,0,0,0,0,1,2
9319,0,0,0,0,0,0
9320,0,6,3,3,11,10
9321,0,0,5,0,2,3
9322,13,22,11,64,79,80
9323,0,0,0,0,0,0
9324,0,0,0,0,0,0
9325,0,0,0,0,0,0
9326,0,0,0,0,0,0
9327,0,0,0,0,0,0
9328,2,0,0,0,0,0
9329,0,0,0,0,0,0
9330,0,0,0,0,0,0
9331,0,13,29,124,82,103
9332,0,0,0,0,0,0
9333,1,0,0,0,0,1
9334,0,1,8,6,5,6
9335,3,16,7,21,26,23
9336,0,0,0,0,0,0
9337,0,0,0,0,0,0
9338,0,0,0,0,0,0
9339,0,0,1,1,0,0
9340,0,1,0,0,0,0
9341,0,0,1,1,0,0
9342,0,0,0,0,0,0
9343,0,0,0,0,0,0
9344,0,0,0,2,1,2
9345,0,2,6,11,12,11
9346,0,0,0,2,2,2
9347,0,0,0,0,0,0
9348,1,0,1,0,0,0
9349,0,0,0,0,0,0
9350,0,0,0,0,0,0
9351,0,0,0,8,13,10
9352,0,0,0,0,0,0
9353,0,0,0,0,0,0
9354,0,0,0,0,0,0
9355,2,0,0,1,2,2
9356,10,63,124,88,116,130
9357,0,0,0,0,0,0
9358,3,0,3,0,0,0
9359,0,0,0,0,0,0
9360,0,0,0,1,1,1
9361,27,28,14,58,63,77
9362,0,0,0,0,0,0
9363,0,0,0,6,4,3
9364,6,1,9,15,11,16
9365,0,0,1,0,0,0
9366,3,1,1,0,0,0
9367,0,0,1,1,0,0
9368,0,0,0,0,0,0
9369,0,0,0,0,1,1
9370,0,1,4,10,20,14
9371,0,0,1,0,0,0
9372,401,508,103,84,97,101
9373,0,0,1,1,1,1
9374,0,0,0,0,0,0
9375,0,0,0,0,0,0
9376,1,1,1,1,1,0
9377,0,0,0,0,0,0
9378,0,0,0,0,0,0
9379,0,0,0,0,0,0
9380,0,0,0,1,1,1
9381,0,0,0,0,0,0
9382,0,0,9,66,69,82
9383,0,0,3,1,3,3
9384,2,0,3,7,10,10
9385,7,6,11,2,1,2
9386,0,0,0,0,0,0
9387,0,0,0,0,0,0
9388,0,0,0,0,0,0
9389,2,24,63,40,74,82
9390,0,0,0,0,0,0
9391,0,14,28,47,147,103
9392,1,0,0,0,0,0
9393,0,0,0,0,0,0
9394,0,0,1,0,0,0
9395,2,11,5,5,4,4
9396,2,0,1,0,0,0
9397,0,1,0,0,0,0
9398,1,21,9,4,7,7
9399,1,0,0,1,1,1
9400,0,0,2,0,0,0
9401,53,20,8,8,6,5
9402,0,0,0,0,0,0
9403,0,0,0,0,0,0
9404,7,4,0,0,0,0
9405,0,0,0,0,0,0
9406,179,558,608,820,792,740
9407,0,0,3,1,2,2
9408,10,3,0,1,0,0
9409,0,1,0,0,1,0
9410,0,0,0,0,0,0
9411,0,0,0,0,0,0
9412,2,0,0,0,0,0
9413,0,1,0,0,0,0
9414,0,0,0,0,0,0
9415,0,0,1,3,2,2
9416,0,0,0,0,0,0
9417,2,1,0,0,0,0
9418,91,90,188,283,200,203
9419,48,16,9,6,5,4
9420,0,0,0,2,1,1
9421,1,1,0,0,0,0
9422,0,0,0,0,0,0
9423,1,0,0,0,0,0
9424,0,0,0,1,0,1
9425,0,0,0,0,0,0
9426,0,0,0,0,0,0
9427,284,408,506,257,186,186
9428,0,0,0,0,0,0
9429,0,0,0,0,0,0
9430,10,0,0,0,0,0
9431,13,190,14,27,13,12
9432,0,0,0,0,0,0
9433,31,47,0,1,0,1
9434,202,167,733,529,465,437
9435,1,108,37,53,27,25
9436,0,0,0,0,0,0
9437,0,0,0,0,0,0
9438,0,1,0,1,1,1
9439,0,1,0,0,1,1
9440,0,3,2,1,2,2
9441,0,0,0,0,0,0
9442,0,0,0,0,0,0
9443,2,0,1,2,4,4
9444,632,308,2149,1468,1561,1526
9445,2,0,2,1,1,1
9446,0,0,0,0,2,1
9447,0,0,0,1,2,2
9448,9,1,0,0,0,0
9449,3,0,1,1,1,1
9450,0,0,0,0,0,0
9451,0,0,0,0,0,0
9452,0,0,0,0,0,0
9453,0,3,3,4,6,7
9454,0,2,1,1,1,1
9455,0,0,1,0,0,0
9456,0,0,0,1,1,1
9457,0,0,0,0,0,0
9458,0,0,0,0,0,0
9459,0,0,0,0,0,0
9460,0,0,1,6,21,13
9461,0,0,1,5,6,7
9462,0,0,1,1,1,1
9463,24,8,95,131,50,46
9464,0,0,0,0,0,0
9465,0,0,0,0,0,0
9466,0,0,0,0,1,1
9467,0,0,0,0,2,2
9468,0,4,0,2,0,0
9469,1,3,0,0,0,0
9470,0,0,0,0,0,0
9471,0,0,0,0,0,0
9472,0,4,2,3,0,1
9473,0,0,2,0,0,0
9474,3,0,3,4,5,5
9475,1,0,2,0,0,0
9476,0,1,1,0,0,0
9477,0,0,0,0,0,0
9478,0,0,1,5,6,4
9479,95,321,78,9,2,3
9480,0,0,0,0,0,0
9481,1,1,5,4,6,4
9482,0,0,0,0,2,1
9483,0,0,12,8,12,13
9484,0,0,0,0,0,0
9485,0,0,2,0,0,0
9486,0,0,3,0,2,0
9487,0,1,0,0,3,0
9488,0,0,0,0,0,0
9489,0,2,0,0,0,0
9490,0,5,2,0,0,0
9491,0,0,0,0,0,0
9492,0,0,8,5,4,5
9493,0,0,0,0,0,0
9494,3,1,0,1,1,1
9495,13,37,6,38,9,23
9496,10,44,10,7,27,25
9497,2,9,6,12,9,9
9498,65,330,133,361,212,265
9499,0,0,0,0,0,0
9500,0,0,0,0,0,0
9501,0,0,0,0,0,0
9502,0,3,1,1,2,2
9503,0,0,0,0,1,1
9504,0,0,0,0,0,0
9505,0,0,0,0,0,0
9506,0,4,92,35,24,21
9507,0,0,0,0,0,0
9508,0,1,0,0,0,0
9509,0,0,0,0,0,0
9510,0,2,6,5,15,9
9511,8,10,1,3,10,11
9512,0,1,0,0,0,0
9513,0,0,0,0,0,0
9514,0,0,2,0,0,0
9515,0,0,0,0,0,0
9516,9,33,59,24,25,22
9517,2,13,8,6,14,24
9518,0,0,0,0,0,0
9519,1,2,2,1,0,0
9520,0,0,6,7,6,6
9521,0,0,0,0,0,0
9522,0,0,0,0,0,0
9523,0,0,0,2,1,1
9524,0,0,0,0,0,0
9525,0,0,0,0,0,0
9526,0,1,0,1,0,0
9527,98,21,430,713,281,420
9528,0,0,0,0,0,0
9529,0,0,0,0,0,0
9530,0,0,0,0,0,0
9531,26,27,172,65,54,73
9532,0,5,97,79,96,103
9533,0,0,0,0,0,0
9534,4,0,1,0,0,0
9535,3,18,0,2,8,7
9536,0,0,0,0,0,0
9537,0,0,0,0,0,0
9538,3,0,2,0,0,0
9539,2,11,10,33,35,25
9540,0,0,0,0,0,0
9541,0,0,0,0,0,0
9542,0,0,0,0,0,0
9543,0,0,0,0,0,0
9544,0,6,13,33,15,16
9545,0,0,0,0,0,0
9546,0,0,0,0,0,0
9547,2,1,3,2,6,6
9548,0,0,0,0,0,0
9549,0,1,0,0,0,0
9550,4,3,5,5,7,8
9551,0,0,0,5,4,6
9552,12,23,2,3,1,2
9553,0,0,0,0,0,0
9554,0,0,0,0,0,0
9555,0,0,0,0,0,0
9556,16,0,3,0,0,0
9557,0,0,1,4,4,7
9558,0,0,1,0,0,0
9559,0,1,4,7,14,12
9560,0,1,0,2,4,2
9561,1,0,1,2,2,1
9562,0,0,0,0,0,0
9563,39,131,84,152,121,147
9564,1,0,0,0,0,0
9565,0,0,0,0,0,0
9566,0,0,0,0,0,0
9567,0,0,0,0,1,1
9568,0,0,0,0,0,0
9569,3,1,6,6,9,9
9570,122,63,92,12,31,48
9571,1,6,6,1,1,2
9572,0,0,0,0,0,0
9573,0,1,1,0,0,0
9574,0,0,1,3,3,5
9575,0,0,0,0,0,0
9576,32,13,74,195,265,248
9577,0,0,0,0,0,0
9578,5,0,0,9,12,8
9579,0,0,0,0,0,0
9580,0,0,0,0,0,0
9581,3,13,0,7,4,5
9582,1,0,0,0,0,0
9583,310,2109,0,420,415,481
9584,7,4,3,2,1,1
9585,0,0,0,0,0,0
9586,0,0,3,14,16,12
9587,0,0,0,0,0,1
9588,5,12,14,5,5,6
9589,0,0,0,0,0,0
9590,0,0,0,0,0,0
9591,0,0,0,0,0,0
9592,0,1,0,0,2,1
9593,8,2,1,2,0,0
9594,0,0,0,0,0,0
9595,0,0,0,0,0,0
9596,0,1,2,7,5,4
9597,2,8,72,36,45,65
9598,1,0,2,4,12,11
9599,0,0,0,0,0,0
9600,0,0,0,0,0,0
9601,0,0,0,0,0,0
9602,0,0,0,0,0,0
9603,12,1,52,0,56,33
9604,0,0,0,0,0,0
9605,0,0,0,0,0,0
9606,0,0,0,0,0,0
9607,1,3,26,6,2,2
9608,0,0,0,0,0,0
9609,2,43,21,38,35,29
9610,0,2,2,2,1,1
9611,0,15,3,33,47,49
9612,0,0,0,0,1,0
9613,0,0,0,0,2,2
9614,2,0,0,0,0,0
9615,0,0,0,0,0,0
9616,0,0,0,0,0,0
9617,0,0,0,0,0,0
9618,6,16,2,0,0,0
9619,1,108,59,19,27,22
9620,0,1,3,0,0,0
9621,13,4,6,33,39,32
9622,0,0,0,0,0,0
9623,5,6,4,5,8,9
9624,0,0,0,1,3,2
9625,0,0,0,0,0,0
9626,0,0,0,6,4,5
9627,10,0,0,1,0,0
9628,375,161,68,149,123,115
9629,0,0,0,0,0,0
9630,0,10,18,28,33,32
9631,0,1,0,4,2,2
9632,0,0,1,0,0,0
9633,0,0,0,0,0,0
9634,0,0,0,0,0,0
9635,0,0,0,0,0,0
9636,1,0,0,0,1,1
9637,0,0,0,0,0,0
9638,2,9,9,2,9,3
9639,0,0,0,0,0,0
9640,0,1,3,4,1,2
9641,0,0,0,3,0,0
9642,0,0,0,0,0,0
9643,0,0,0,0,0,0
9644,1,1,1,0,0,0
9645,0,0,0,0,0,0
9646,5,56,16,37,86,80
9647,0,0,0,0,0,0
9648,12,0,1,3,3,1
9649,0,0,0,0,0,0
9650,0,0,0,0,0,0
9651,26,14,34,22,18,13
9652,7,414,188,142,72,101
9653,0,0,1,1,0,0
9654,0,0,0,0,0,0
9655,285,208,222,169,170,188
9656,1,0,0,0,0,0
9657,3,27,1,1,1,2
9658,0,0,1,0,0,0
9659,0,0,1,0,0,0
9660,0,0,0,0,0,0
9661,1,0,0,0,0,0
9662,0,0,0,0,0,0
9663,0,0,0,0,0,0
9664,5,2,8,10,5,8
9665,0,0,0,0,0,0
9666,0,1,1,2,4,1
9667,0,0,0,0,0,0
9668,0,2,0,8,6,7
9669,0,0,0,0,0,0
9670,0,0,0,0,0,0
9671,10,1,0,0,0,0
9672,0,0,0,0,0,0
9673,0,0,0,0,0,0
9674,0,0,0,0,0,0
9675,0,0,0,0,0,0
9676,0,0,0,0,0,0
9677,0,13,797,1556,1248,1078
9678,19,2,0,0,0,0
9679,0,0,0,0,0,0
9680,1,2,2,23,16,12
9681,8,25,8,5,12,6
9682,0,0,0,0,0,0
9683,74,36,42,12,28,25
9684,0,0,0,0,0,1
9685,0,0,2,2,4,1
9686,0,1,0,1,1,2
9687,1,2,9,1,6,6
9688,0,0,0,0,0,0
9689,0,0,0,0,0,0
9690,27,5,5,4,4,4
9691,39,93,288,342,420,511
9692,0,2,1,1,0,0
9693,0,0,0,0,0,0
9694,0,0,0,0,0,0
9695,0,0,4,3,7,7
9696,0,0,0,0,0,0
9697,0,0,1,3,1,1
9698,0,0,0,0,0,0
9699,0,0,0,0,0,0
9700,0,0,0,0,0,0
9701,0,0,0,0,0,0
9702,0,3,3,2,2,2
9703,0,2,1,1,0,0
9704,1,0,2,9,3,2
9705,0,0,0,0,0,0
9706,0,0,0,0,0,0
9707,0,0,0,0,0,0
9708,2,1,8,15,7,2
9709,0,0,0,0,0,0
9710,0,0,0,0,0,0
9711,0,0,0,0,0,0
9712,4,32,3,18,19,18
9713,0,0,0,0,0,0
9714,0,0,0,0,0,0
9715,0,0,7,49,49,51
9716,0,0,0,0,0,0
9717,0,0,0,0,0,0
9718,0,0,0,0,0,0
9719,0,0,0,0,0,0
9720,0,1,2,1,2,3
9721,0,0,0,0,0,0
9722,0,0,0,0,0,0
9723,0,0,0,0,0,0
9724,0,0,0,0,0,0
9725,0,4,9,27,20,20
9726,0,0,0,0,0,0
9727,1,2,9,40,12,17
9728,0,0,0,0,0,0
9729,13,25,40,27,16,21
9730,0,0,0,0,0,0
9731,0,0,0,0,0,0
9732,0,0,0,0,0,0
9733,0,0,0,0,0,0
9734,1,66,121,166,161,152
9735,0,0,10,14,0,0
9736,0,0,0,0,0,0
9737,0,0,0,1,0,1
9738,0,0,6,5,1,2
9739,4,1,2,0,0,0
9740,0,0,0,0,0,0
9741,0,0,0,0,0,0
9742,1,3,10,33,36,33
9743,0,0,0,0,0,0
9744,0,1,1,3,1,1
9745,0,0,0,0,0,0
9746,0,0,0,0,0,0
9747,0,0,0,0,0,0
9748,5,4,15,68,67,49
9749,0,0,0,0,0,0
9750,0,0,0,0,0,0
9751,0,0,0,0,0,0
9752,0,0,1,3,2,2
9753,2,1,2,2,0,0
9754,1,1,0,0,0,0
9755,0,0,0,0,0,0
9756,0,0,0,0,0,0
9757,0,0,0,0,1,1
9758,0,0,0,0,0,0
9759,0,1,0,0,0,0
9760,0,0,0,0,0,0
9761,0,0,0,0,0,0
9762,1,0,0,0,0,0
9763,0,1,0,2,7,5
9764,12,5,3,1,1,1
9765,2031,2544,1776,1963,1894,1901
9766,0,0,0,0,1,1
9767,0,0,0,0,0,0
9768,681,265,286,151,163,175
9769,29,6,32,88,78,78
9770,0,0,0,0,0,0
9771,0,0,0,0,0,1
9772,0,1,0,0,0,0
9773,0,0,0,0,0,0
9774,2,0,1,41,21,18
9775,16,36,7,45,74,61
9776,226,254,304,198,184,203
9777,0,0,0,0,0,0
9778,0,0,3,5,5,5
9779,1,4,8,4,6,6
9780,0,0,0,0,0,0
9781,1231,1493,855,706,872,922
9782,0,0,0,0,0,0
9783,0,0,0,0,0,0
9784,2,0,6,2,1,0
9785,1,1,2,2,2,3
9786,0,0,0,0,0,0
9787,0,0,0,2,1,1
9788,0,0,0,0,0,0
9789,0,0,0,0,0,0
9790,0,4,1,0,0,3
9791,0,41,35,32,41,33
9792,0,0,0,0,0,0
9793,0,0,0,0,0,0
9794,0,5,37,46,32,42
9795,2,16,81,26,33,31
9796,0,0,0,0,0,0
9797,0,0,0,0,0,0
9798,0,0,0,0,0,0
9799,0,0,0,0,0,0
9800,9,43,7,5,4,3
9801,0,0,0,0,0,0
9802,0,0,0,0,0,0
9803,0,0,0,3,2,0
9804,1,0,4,4,8,8
9805,0,0,1,0,0,0
9806,0,0,0,0,0,1
9807,0,0,0,0,0,0
9808,0,0,0,0,0,0
9809,1,2,0,0,1,0
9810,0,0,0,0,0,0
9811,0,1,0,0,0,0
9812,25,0,0,3,4,4
9813,0,0,0,0,0,0
9814,1,0,3,3,3,2
9815,4,0,0,0,0,0
9816,0,0,0,0,0,0
9817,0,0,0,0,0,0
9818,0,31,24,26,21,14
9819,2,1,2,2,1,3
9820,1,0,0,4,1,1
9821,0,0,0,0,0,0
9822,0,0,0,0,0,0
9823,0,0,1,1,1,1
9824,0,0,0,0,0,0
9825,0,2,0,0,0,0
9826,0,0,0,0,0,0
9827,0,0,0,0,1,1
9828,0,12,23,10,3,3
9829,0,0,0,0,0,0
9830,0,0,0,0,0,0
9831,0,0,0,3,1,2
9832,0,0,0,0,0,0
9833,0,0,0,0,0,0
9834,0,13,1,0,0,0
9835,7,6,13,18,32,32
9836,0,0,0,0,0,0
9837,0,0,0,0,0,0
9838,0,0,0,0,0,0
9839,0,0,1,2,3,3
9840,0,1,3,3,2,1
9841,3,0,0,0,0,0
9842,0,0,0,3,0,0
9843,6,18,1,0,4,5
9844,0,0,0,0,0,0
9845,0,0,1,0,0,0
9846,1,0,0,0,0,0
9847,0,1,1,1,1,1
9848,0,0,0,5,1,1
9849,103,107,332,496,772,653
9850,0,0,0,0,0,0
9851,0,0,1,0,0,0
9852,0,0,0,0,0,0
9853,0,1,0,1,0,0
9854,0,0,0,0,0,0
9855,0,0,0,0,0,0
9856,0,0,0,0,0,0
9857,0,0,30,14,23,21
9858,0,0,0,0,0,0
9859,0,0,0,0,0,0
9860,0,0,0,0,0,0
9861,0,0,0,1,8,7
9862,0,0,0,0,0,0
9863,1,25,9,0,1,2
9864,0,0,0,1,0,0
9865,0,0,0,0,0,0
9866,0,0,1,1,0,1
9867,0,0,0,0,0,0
9868,0,0,0,3,4,6
9869,0,0,0,0,0,0
9870,0,0,4,1,1,1
9871,0,0,3,1,2,3
9872,0,0,0,0,0,1
9873,1,2,1,2,3,3
9874,0,0,0,0,0,0
9875,0,0,0,0,0,0
9876,0,0,2,0,0,0
9877,0,0,7,6,9,8
9878,0,0,0,0,0,0
9879,1,9,2,1,1,1
9880,0,10,10,10,6,6
9881,0,0,0,0,0,0
9882,0,0,0,0,0,0
9883,0,0,0,0,0,0
9884,0,1,0,0,0,0
9885,0,0,0,0,1,1
9886,173,41,154,149,249,177
9887,0,0,0,0,0,0
9888,18,30,12,7,10,10
9889,223,91,105,105,131,127
9890,145,176,154,254,352,344
9891,0,0,0,0,0,0
9892,0,0,0,1,1,1
9893,0,4,4,4,10,27
9894,65,8,159,69,109,96
9895,0,0,5,8,5,4
9896,0,0,0,0,0,0
9897,0,0,0,0,0,0
9898,0,0,0,0,0,0
9899,0,0,0,0,0,0
9900,251,430,286,280,213,235
9901,0,0,0,0,0,0
9902,0,2,0,1,3,3
9903,0,0,0,0,0,0
9904,0,0,0,0,0,0
9905,0,0,0,0,0,0
9906,0,0,0,0,0,0
9907,390,107,178,102,177,159
9908,0,0,0,0,0,0
9909,0,0,0,0,0,0
9910,0,0,0,0,0,0
9911,0,0,0,0,0,0
9912,0,0,0,0,0,0
9913,1,1,1,0,0,0
9914,5,17,4,115,108,113
9915,0,0,0,0,0,0
9916,0,0,5,1,3,1
9917,0,0,0,0,0,0
9918,0,0,0,0,0,0
9919,0,0,0,0,0,0
9920,0,1,0,0,0,0
9921,0,0,0,0,0,0
9922,0,0,0,0,1,1
9923,0,0,0,0,0,0
9924,0,0,0,0,0,0
9925,0,0,0,0,0,0
9926,0,0,1,0,0,0
9927,2,2,1,2,2,2
9928,0,0,0,0,0,0
9929,0,0,1,9,5,6
9930,0,0,0,0,0,0
9931,0,0,0,0,0,0
9932,0,0,0,0,0,0
9933,0,0,0,0,0,0
9934,0,0,0,0,0,0
9935,0,0,0,0,0,0
9936,0,2,0,3,1,3
9937,2,2,2,8,6,6
9938,0,0,0,0,0,0
9939,13,2,14,12,19,16
9940,2,5,1,8,20,18
9941,0,0,0,0,1,3
9942,0,0,0,0,0,0
9943,0,0,0,0,0,0
9944,3,11,8,13,21,22
9945,0,0,0,0,0,0
9946,0,0,0,0,0,0
9947,0,0,0,1,1,0
9948,3,0,0,0,0,0
9949,0,0,0,0,0,0
9950,0,5,2,4,4,4
9951,0,0,0,0,0,0
9952,0,0,0,0,0,0
9953,0,0,0,0,0,0
9954,0,1,5,1,3,3
9955,0,0,0,0,0,0
9956,0,0,0,0,0,0
9957,10,26,6,180,310,327
9958,0,0,0,0,0,0
9959,1,0,0,0,0,0
9960,0,0,0,0,0,0
9961,0,0,0,0,0,0
9962,1,3,0,0,0,0
9963,0,0,2,3,4,3
9964,0,0,0,0,0,0
9965,0,1,0,0,0,0
9966,0,0,0,3,6,5
9967,79,45,63,111,161,134
9968,0,0,0,0,0,0
9969,4,10,11,17,30,28
9970,4,5,3,0,2,2
9971,0,0,0,0,0,0
9972,31,59,25,26,29,34
9973,0,0,1,0,0,0
9974,0,1,2,1,2,2
9975,3,23,33,25,30,28
9976,0,0,0,0,0,0
9977,0,0,0,0,0,0
9978,0,0,6,6,6,6
9979,0,0,0,0,0,0
9980,0,0,0,0,0,0
9981,0,0,0,0,1,1
9982,0,0,0,0,0,0
9983,0,0,2,0,0,0
9984,0,0,0,8,11,11
9985,0,0,1,1,1,1
9986,0,0,0,0,0,0
9987,0,0,0,0,0,0
9988,146,265,40,74,154,253
9989,0,0,0,0,1,1
9990,0,0,0,0,0,0
9991,0,0,0,0,0,0
9992,38,63,17,50,34,29
9993,0,0,1,2,1,1
9994,39,24,56,14,30,31
9995,0,2,1,4,2,2
9996,0,0,0,0,0,0
9997,1,5,0,1,0,0
9998,9,0,1,4,1,0
9999,1,1,3,2,4,3
10000,0,0,0,1,1,1
10001,0,0,0,0,0,0
10002,0,0,0,0,0,0
10003,0,0,0,0,0,0
10004,0,0,0,0,0,0
10005,6,0,0,1,1,2
10006,0,0,0,0,0,0
10007,0,0,0,0,0,0
10008,0,0,0,0,0,0
10009,0,0,2,1,2,1
10010,0,0,0,0,0,0
10011,6,1,0,0,0,0
10012,0,0,0,0,0,0
10013,0,0,0,1,1,1
10014,0,0,0,0,0,0
10015,1,2,0,0,0,0
10016,0,0,0,0,0,0
10017,2,41,21,0,3,3
10018,0,0,0,0,0,0
10019,3,0,0,0,0,0
10020,0,0,0,0,0,0
10021,66,42,96,104,86,78
10022,0,0,6,1,0,0
10023,0,0,0,0,0,0
10024,0,0,0,0,0,0
10025,0,0,3,2,2,2
10026,0,0,0,0,0,0
10027,17,69,13,25,22,24
10028,5,1,25,2,2,1
10029,0,0,0,0,0,0
10030,0,0,0,1,0,1
10031,2,0,0,2,5,6
10032,28,28,17,39,43,44
10033,4,12,10,21,18,20
10034,0,0,0,0,0,0
10035,0,0,0,0,0,0
10036,0,0,0,1,1,0
10037,0,0,0,0,0,0
10038,0,0,0,0,0,0
10039,0,0,0,0,0,0
10040,33,87,104,155,108,120
10041,0,0,2,5,7,7
10042,0,0,0,0,0,0
10043,1,6,78,113,141,176
10044,0,9,46,85,121,125
10045,0,0,0,0,0,0
10046,0,0,0,0,0,0
10047,0,0,1,2,2,2
10048,2,0,0,0,0,0
10049,7,2,1,14,15,20
10050,0,0,4,2,1,1
10051,1,0,0,0,1,1
10052,1,3,5,9,8,8
10053,0,1,1,3,1,1
10054,0,0,0,0,0,0
10055,85,10,1,3,2,3
10056,1,8,28,0,0,0
10057,2,1,2,6,0,1
10058,0,0,0,2,0,0
10059,0,0,2,12,4,8
10060,0,0,2,0,0,0
10061,1,0,3,4,3,4
10062,216,253,291,325,490,516
10063,1,1,0,1,1,1
10064,0,0,0,0,0,0
10065,0,0,0,0,0,0
10066,1514,2415,5268,3325,896,1344
10067,0,0,2,1,1,1
10068,0,0,1,5,10,7
10069,0,0,0,0,0,0
10070,0,0,0,0,0,0
10071,0,0,0,0,0,0
10072,1,3,9,4,10,9
10073,0,0,0,0,0,0
10074,0,0,0,0,0,0
10075,0,0,0,0,0,0
10076,0,3,8,16,21,23
10077,0,0,0,0,0,0
10078,3,0,4,1,1,0
10079,26,186,4,17,35,21
10080,1,2,0,0,0,0
10081,2,15,7,17,14,16
10082,1,0,1,0,2,1
10083,20,3,0,1,0,1
10084,0,1,0,0,0,0
10085,1,0,0,2,0,0
10086,0,0,0,0,0,0
10087,0,0,0,0,0,0
10088,49,7,7,53,72,76
10089,0,0,1,0,0,0
10090,0,0,0,0,0,0
10091,0,0,0,0,0,0
10092,1,0,0,0,1,1
10093,0,0,0,0,0,0
10094,4,2,2,11,8,7
10095,1,0,2,3,6,5
10096,2,18,4,59,51,34
10097,0,0,0,0,0,0
10098,0,10,7,29,29,29
10099,0,0,0,0,0,0
10100,0,0,0,0,0,0
10101,0,0,0,0,0,0
10102,1739,1043,762,772,758,640
10103,3,1,1,3,0,0
10104,30,36,35,15,11,10
10105,0,0,0,0,0,0
10106,19,87,12,88,172,133
10107,0,0,3,1,4,3
10108,0,0,0,0,0,0
10109,0,0,2,0,2,2
10110,0,1,3,4,5,5
10111,0,0,1,2,2,3
10112,0,1,0,0,1,1
10113,0,0,0,0,0,0
10114,0,0,0,0,0,0
10115,2,2,0,1,0,0
10116,0,0,0,0,0,0
10117,4,37,32,33,6,12
10118,0,0,0,1,2,2
10119,0,0,0,0,0,0
10120,1,0,0,0,0,0
10121,0,0,4,0,0,1
10122,0,1,12,3,14,17
10123,0,0,0,0,0,0
10124,0,0,0,0,1,1
10125,0,0,0,0,0,0
10126,0,0,0,0,0,0
10127,8,9,76,66,64,65
10128,0,0,0,0,0,0
10129,1,0,0,0,0,0
10130,108,11,9,16,8,5
10131,2,1,0,0,0,0
10132,0,0,0,0,0,0
10133,0,0,0,0,0,0
10134,0,0,1,0,0,0
10135,0,0,0,0,0,0
10136,1,9,62,93,86,75
10137,0,0,0,0,0,0
10138,49,5,9,2,0,0
10139,10,2,2,1,3,2
10140,511,167,410,491,457,429
10141,12,2,5,13,5,7
10142,0,0,0,0,0,0
10143,0,0,0,0,0,0
10144,0,0,0,0,0,0
10145,1,0,0,2,1,1
10146,4,7,16,20,11,9
10147,0,0,0,0,0,0
10148,0,0,0,1,1,1
10149,0,0,0,2,2,1
10150,0,1,1,1,1,1
10151,0,0,0,0,0,0
10152,0,0,0,0,0,0
10153,15,14,30,12,9,11
10154,85,417,39,42,56,45
10155,0,0,0,0,0,0
10156,22,37,145,110,105,102
10157,0,0,0,0,0,0
10158,1,2,0,0,2,3
10159,0,0,0,0,0,0
10160,27,133,78,47,58,58
10161,0,0,3,2,8,8
10162,0,0,0,0,0,0
10163,0,0,0,0,0,0
10164,0,0,0,0,1,0
10165,1,0,0,0,0,0
10166,0,0,0,0,0,0
10167,8,204,279,242,235,266
10168,0,0,4,6,4,8
10169,0,0,0,0,0,0
10170,0,0,0,0,0,0
10171,13,48,52,32,42,52
10172,0,0,1,2,1,1
10173,0,6,0,0,0,0
10174,27,144,5,26,28,19
10175,0,1,5,3,3,3
10176,0,0,0,0,0,0
10177,0,0,0,0,0,0
10178,0,0,0,0,0,0
10179,498,510,59,25,51,50
10180,0,0,0,0,0,0
10181,0,1,2,15,5,5
10182,0,0,0,0,0,0
10183,0,0,1,0,0,0
10184,0,0,0,0,0,0
10185,0,0,0,0,0,0
10186,0,0,0,3,1,1
10187,0,0,0,0,0,0
10188,0,0,3,0,1,1
10189,0,0,0,0,0,0
10190,0,0,0,0,0,0
10191,0,0,0,0,0,0
10192,14,288,45,185,108,98
10193,0,0,0,1,0,0
10194,0,0,0,1,1,1
10195,281,199,108,110,95,95
10196,0,0,0,0,0,0
10197,1566,2128,651,539,497,462
10198,0,5,21,1,5,5
10199,0,0,0,0,0,0
10200,1,0,0,0,0,0
10201,0,0,0,0,0,0
10202,0,0,0,0,0,0
10203,0,0,0,0,0,0
10204,4,0,7,24,24,19
10205,0,16,7,7,13,8
10206,28,4,5,4,4,4
10207,0,0,0,0,0,0
10208,0,0,0,3,1,3
10209,0,0,0,2,1,1
10210,0,0,0,0,0,0
10211,5394,441,2452,1242,1635,1747
10212,2,4,6,13,55,34
10213,1,0,0,1,1,1
10214,237,48,116,228,182,151
10215,0,0,0,0,0,0
10216,0,0,0,0,0,0
10217,0,0,0,0,0,0
10218,0,0,0,0,0,0
10219,1,1,4,11,9,8
10220,0,0,0,0,0,0
10221,3,0,1,5,4,4
10222,0,0,0,0,0,0
10223,0,0,0,2,3,2
10224,0,0,0,0,0,0
10225,0,0,1,1,0,0
10226,1,0,1,0,0,0
10227,0,0,0,0,0,0
10228,0,0,0,0,0,0
10229,0,0,0,0,0,0
10230,0,2,1,3,0,0
10231,3,3,24,8,14,14
10232,0,22,46,2,59,75
10233,0,0,0,0,0,0
10234,0,1,3,0,0,0
10235,0,0,0,0,1,1
10236,10,0,2,2,2,2
10237,0,0,0,0,0,0
10238,0,0,0,0,0,0
10239,0,13,2,14,2,5
10240,0,0,0,8,12,15
10241,0,0,0,0,0,0
10242,0,0,0,0,0,0
10243,0,0,0,0,0,0
10244,0,0,0,0,0,0
10245,0,0,0,0,0,0
10246,0,0,0,0,0,0
10247,0,0,1,0,1,0
10248,1,2,25,3,4,5
10249,0,0,0,0,0,0
10250,0,0,0,0,0,0
10251,55,279,63,94,80,82
10252,0,0,0,0,0,0
10253,0,0,0,0,0,0
10254,0,2,6,1,2,2
10255,0,0,0,0,0,0
10256,0,0,0,0,0,0
10257,0,0,0,0,0,0
10258,0,0,0,0,0,0
10259,0,1,1,4,5,5
10260,0,1,0,0,0,0
10261,0,0,0,0,0,0
10262,1,0,0,1,0,0
10263,0,0,2,0,0,0
10264,0,3,2,0,2,2
10265,0,0,0,0,0,0
10266,45,9,20,4,0,0
10267,0,0,0,0,0,0
10268,0,0,0,0,0,0
10269,18,2,51,30,90,87
10270,2,0,0,2,3,4
10271,0,0,0,0,0,0
10272,0,23,60,56,32,37
10273,0,0,1,0,0,0
10274,0,0,0,0,0,0
10275,0,0,0,0,0,0
10276,0,0,0,0,0,0
10277,0,0,0,0,0,0
10278,28,30,33,41,43,41
10279,0,0,0,0,0,0
10280,0,0,0,0,0,0
10281,0,0,0,0,0,0
10282,1,0,0,0,0,0
10283,0,0,0,0,0,0
10284,0,0,0,1,1,1
10285,0,0,0,0,0,0
10286,0,0,0,1,0,1
10287,0,0,0,0,0,0
10288,1,0,0,0,0,0
10289,18,8,16,6,10,11
10290,0,0,0,0,1,1
10291,0,0,0,0,0,0
10292,0,0,0,0,0,0
10293,26,87,28,18,16,17
10294,0,0,3,2,0,0
10295,0,0,0,0,0,0
10296,4,0,0,0,1,1
10297,0,0,0,0,0,0
10298,0,0,0,0,0,0
10299,51,11,208,34,93,102
10300,0,3,8,14,18,16
10301,1,3,3,0,0,0
10302,0,0,0,0,0,0
10303,0,1,0,0,1,1
10304,0,0,3,10,5,6
10305,0,0,0,0,0,0
10306,0,0,0,0,0,0
10307,0,0,0,0,0,0
10308,0,1,1,14,35,33
10309,0,0,0,0,0,0
10310,0,0,0,0,0,0
10311,13,37,33,18,52,51
10312,0,0,0,0,0,0
10313,0,0,0,0,0,0
10314,0,0,0,0,0,0
10315,0,0,0,0,0,0
10316,0,0,0,0,0,0
10317,0,0,0,0,0,0
10318,0,0,0,0,0,0
10319,3,10,0,0,1,1
10320,0,0,0,0,0,0
10321,0,0,1,1,1,1
10322,0,0,0,0,0,0
10323,0,0,0,0,0,0
10324,0,0,0,9,9,10
10325,10,88,129,28,27,32
10326,0,1,4,3,8,5
10327,16,12,58,54,54,57
10328,0,0,0,0,0,0
10329,6,2,3,2,3,3
10330,0,0,0,0,0,0
10331,0,0,0,0,0,0
10332,0,3,0,0,1,1
10333,7,22,4,66,59,57
10334,0,0,0,0,0,0
10335,0,0,0,0,0,0
10336,0,0,0,0,0,0
10337,3,2,1,1,1,2
10338,0,5,0,0,0,0
10339,0,0,0,0,0,0
10340,0,2,3,6,3,1
10341,0,0,0,0,0,0
10342,968,846,1282,2419,1886,1967
10343,0,15,5,16,11,11
10344,0,0,0,0,0,0
10345,0,0,0,0,0,0
10346,7,1,0,0,0,0
10347,0,2,5,5,5,5
10348,0,0,0,0,0,0
10349,0,0,0,0,0,0
10350,0,0,0,0,0,0
10351,0,0,0,0,0,0
10352,0,0,0,0,0,0
10353,0,0,0,0,0,0
10354,0,0,0,0,0,0
10355,0,0,0,0,0,0
10356,0,0,0,0,0,0
10357,0,0,0,0,0,0
10358,0,0,0,0,0,0
10359,2,10,5,1,1,1
10360,0,0,0,0,0,0
10361,0,0,0,0,0,0
10362,0,0,0,0,0,0
10363,1,0,4,8,3,3
10364,0,1,0,0,0,0
10365,0,0,0,0,0,0
10366,0,21,51,42,55,59
10367,0,0,0,0,0,0
10368,1,0,0,3,1,1
10369,0,1,0,0,0,0
10370,0,0,0,0,2,2
10371,24,62,72,130,131,121
10372,0,0,0,0,0,0
10373,0,0,0,0,0,0
10374,11,19,2,32,35,31
10375,2,1,18,24,35,37
10376,2,18,12,48,29,38
10377,0,0,4,10,11,11
10378,12,20,11,24,35,29
10379,0,0,0,0,0,0
10380,0,0,0,0,0,0
10381,0,0,0,0,0,0
10382,0,0,0,0,0,0
10383,887,1395,1195,873,1131,1154
10384,13,2,0,0,0,0
10385,0,0,0,0,0,0
10386,0,0,0,2,1,1
10387,0,0,0,0,0,0
10388,0,0,0,0,0,0
10389,0,0,0,1,0,0
10390,8,41,25,27,34,34
10391,0,0,0,0,0,0
10392,0,0,0,0,0,0
10393,9,1,0,0,0,0
10394,0,0,0,0,0,0
10395,4,2,4,22,18,16
10396,0,0,0,0,0,0
10397,0,0,0,2,0,1
10398,0,0,0,0,0,0
10399,0,0,0,0,0,0
10400,0,0,0,0,1,0
10401,0,1,0,0,0,0
10402,0,0,0,0,0,0
10403,0,0,3,1,3,3
10404,0,0,10,0,0,0
10405,0,0,1,11,10,14
10406,0,0,0,1,1,1
10407,2,1,4,12,9,12
10408,0,0,0,0,0,0
10409,0,0,0,1,1,1
10410,0,0,0,0,0,0
10411,4,0,2,0,0,0
10412,0,2,10,0,3,8
10413,0,0,0,0,0,0
10414,3212,1774,731,584,774,761
10415,0,0,0,0,0,0
10416,12,6,10,10,9,10
10417,7,0,0,0,0,0
10418,0,2,8,13,11,14
10419,0,0,0,0,0,0
10420,0,0,0,0,0,0
10421,0,0,0,0,0,0
10422,0,0,0,0,0,0
10423,0,0,0,0,0,0
10424,0,1,34,20,17,20
10425,0,0,0,0,0,0
10426,44,84,89,70,84,57
10427,0,25,22,5,2,2
10428,0,0,0,0,0,0
10429,0,0,3,5,2,2
10430,0,0,0,1,1,1
10431,0,0,0,0,0,0
10432,0,0,1,4,1,1
10433,0,0,0,0,0,0
10434,7,2,19,1,2,2
10435,0,0,1,14,16,13
10436,0,1,0,0,0,0
10437,0,0,0,0,0,0
10438,4,26,5,4,4,7
10439,0,0,0,0,0,0
10440,73,28,92,413,332,446
10441,0,0,0,0,0,0
10442,0,0,0,0,0,0
10443,0,0,0,0,0,0
10444,0,19,5,2,3,3
10445,36,90,225,123,171,184
10446,4,35,40,62,62,61
10447,0,0,0,0,0,0
10448,0,7,23,48,58,62
10449,0,0,0,0,0,0
10450,0,0,0,0,0,0
10451,0,0,0,0,0,0
10452,45,35,256,172,224,252
10453,0,0,0,0,0,0
10454,0,2,2,0,0,0
10455,0,0,0,0,0,0
10456,0,0,0,0,0,0
10457,0,0,0,0,0,0
10458,0,0,0,1,1,1
10459,0,0,0,0,0,0
10460,0,0,0,0,0,0
10461,0,0,0,0,0,0
10462,0,0,0,6,8,8
10463,0,0,0,0,0,0
10464,1,137,4,2,2,2
10465,0,0,0,0,0,0
10466,0,0,3,1,2,2
10467,9,0,0,0,0,0
10468,0,0,0,1,2,2
10469,0,18,83,45,103,103
10470,0,0,0,0,0,0
10471,0,0,0,0,0,0
10472,48,146,15,18,20,28
10473,117,754,1243,764,919,925
10474,0,0,0,0,0,0
10475,0,0,0,0,0,0
10476,47,37,152,79,88,97
10477,0,0,0,0,0,0
10478,2,5,0,0,1,0
10479,0,0,3,3,1,1
10480,0,0,0,0,0,0
10481,25,1,5,12,27,19
10482,0,10,15,12,6,8
10483,479,332,336,490,373,362
10484,7,2,0,0,0,0
10485,0,0,0,0,0,0
10486,0,0,0,0,0,0
10487,0,0,0,0,0,0
10488,0,0,0,0,0,0
10489,0,0,1,4,2,4
10490,0,1,1,1,5,7
10491,0,0,1,5,1,1
10492,0,4,17,37,28,30
10493,0,0,0,0,0,0
10494,0,0,0,0,0,0
10495,0,0,0,1,1,1
10496,0,0,0,0,0,0
10497,0,0,0,0,0,0
10498,0,0,0,0,0,0
10499,0,0,0,1,1,1
10500,0,0,0,0,0,0
10501,0,1,0,0,0,0
10502,0,0,0,0,0,0
10503,0,0,0,0,0,0
10504,0,0,0,0,0,0
10505,2,2,0,0,0,0
10506,0,0,0,0,0,0
10507,0,0,0,0,0,0
10508,0,0,0,0,0,0
10509,0,0,1,5,3,3
10510,0,0,0,0,0,0
10511,0,0,0,0,0,0
10512,0,0,0,0,0,1
10513,1,0,0,0,0,0
10514,0,0,5,9,14,13
10515,0,3,10,42,29,30
10516,0,0,0,0,0,0
10517,3,2,3,6,4,3
10518,0,0,0,0,0,0
10519,0,0,0,0,0,0
10520,0,0,0,0,0,0
10521,0,0,0,2,2,2
10522,0,0,0,0,0,0
10523,0,0,0,0,0,0
10524,0,3,0,0,0,0
10525,0,0,12,0,2,3
10526,0,0,7,3,3,5
10527,0,0,0,0,0,0
10528,0,0,0,0,0,0
10529,0,0,0,0,0,0
10530,0,0,0,0,0,0
10531,11,3,1,5,0,4
10532,7,0,0,2,0,0
10533,0,0,0,0,0,0
10534,8,0,0,2,0,0
10535,1,0,0,0,0,0
10536,0,2,6,5,6,5
10537,7,6,8,51,48,36
10538,0,0,0,0,0,0
10539,0,0,0,0,0,0
10540,0,0,0,0,0,0
10541,0,0,0,0,0,0
10542,0,0,0,1,0,1
10543,1,0,0,0,1,0
10544,2,1,2,2,0,0
10545,0,0,0,0,0,0
10546,0,0,0,0,0,0
10547,0,0,0,0,0,0
10548,0,0,0,0,0,0
10549,0,1,0,0,0,0
10550,0,0,0,0,0,0
10551,0,0,0,0,0,0
10552,0,0,0,0,0,0
10553,0,0,0,1,16,15
10554,0,0,0,0,0,0
10555,0,0,0,0,0,0
10556,0,0,0,2,1,1
10557,0,0,0,0,0,0
10558,0,0,0,0,0,0
10559,0,0,1,0,0,0
10560,0,0,0,0,0,0
10561,0,0,7,12,7,7
10562,0,2,11,7,8,9
10563,35,45,161,120,148,196
10564,1,0,0,0,0,0
10565,0,0,0,2,4,3
10566,0,0,5,19,15,19
10567,0,0,0,0,0,0
10568,0,0,0,0,0,0
10569,0,0,0,0,0,0
10570,1,0,0,0,1,0
10571,0,0,0,0,0,0
10572,0,0,0,2,0,1
10573,0,0,0,1,1,1
10574,11,166,74,125,182,172
10575,0,1,26,46,52,58
10576,0,0,0,0,0,0
10577,0,0,10,11,3,3
10578,0,0,0,0,0,0
10579,0,0,0,0,0,0
10580,0,0,0,0,0,0
10581,0,0,0,0,0,0
10582,0,0,0,0,0,0
10583,0,0,3,1,4,2
10584,2,0,0,0,0,1
10585,35,36,80,156,197,168
10586,0,0,0,0,0,0
10587,0,1,2,0,0,0
10588,0,0,0,0,0,0
10589,2,0,3,5,2,2
10590,7,3,5,10,30,20
10591,0,1,1,2,1,2
10592,0,2,8,4,7,7
10593,1,8,26,18,23,19
10594,0,0,0,0,0,0
10595,0,0,0,0,0,0
10596,306,269,384,286,293,323
10597,0,0,0,0,0,0
10598,0,0,0,0,0,0
10599,0,0,0,0,0,0
10600,0,1,0,0,0,0
10601,1,0,0,1,0,0
10602,0,0,0,0,0,0
10603,0,14,73,23,22,22
10604,0,1,1,1,1,1
10605,8,3,0,1,1,3
10606,1,0,9,0,0,0
10607,0,0,0,0,2,2
10608,0,0,0,0,0,0
10609,1,19,26,18,54,56
10610,0,0,0,0,0,0
10611,0,0,0,0,1,1
10612,0,0,0,0,0,0
10613,0,0,0,3,4,4
10614,458,463,337,135,140,163
10615,0,0,0,0,0,0
10616,0,0,7,0,0,0
10617,0,0,2,0,0,0
10618,1,1,1,1,0,1
10619,0,0,4,0,0,0
10620,0,0,0,9,21,17
10621,0,0,0,0,0,0
10622,0,0,0,0,0,0
10623,0,0,0,0,0,0
10624,0,0,0,0,0,0
10625,0,1,5,12,13,10
10626,0,0,0,0,0,0
10627,0,0,0,0,0,0
10628,0,3,9,9,11,11
10629,1,2,0,0,0,0
10630,0,1,1,0,0,0
10631,0,0,0,0,0,0
10632,0,0,0,0,0,0
10633,0,0,0,1,1,1
10634,3,3,0,15,16,15
10635,0,22,31,23,25,31
10636,0,1,0,0,0,0
10637,1,0,0,0,0,0
10638,0,0,0,0,0,0
10639,1164,200,967,1037,817,773
10640,0,0,0,0,0,0
10641,0,0,0,1,0,0
10642,0,0,0,0,0,0
10643,0,2,28,27,12,9
10644,0,0,0,0,0,0
10645,0,0,0,0,0,0
10646,0,0,0,0,0,0
10647,3,1,4,0,1,1
10648,0,0,0,0,0,0
10649,2,0,2,0,0,0
10650,12,4,0,2,2,2
10651,1930,1265,1645,1140,800,794
10652,103,79,45,50,17,23
10653,0,0,0,0,0,0
10654,0,0,0,0,0,0
10655,0,0,0,0,0,0
10656,0,0,0,0,0,0
10657,8,58,65,88,58,47
10658,0,0,0,0,0,0
10659,0,0,0,0,0,0
10660,0,0,0,1,1,1
10661,0,0,0,0,0,0
10662,0,0,0,0,0,0
10663,0,0,0,0,0,0
10664,0,0,0,0,0,0
10665,1,0,0,1,1,1
10666,0,1,4,6,8,7
10667,21,15,11,5,4,4
10668,20,33,13,11,17,25
10669,0,0,1,1,1,1
10670,0,0,0,0,0,0
10671,3,4,18,19,25,19
10672,0,0,0,0,0,0
10673,11,1,0,3,5,4
10674,0,0,0,0,0,0
10675,0,0,0,0,0,0
10676,0,0,1,0,0,0
10677,0,0,3,4,4,7
10678,0,0,0,0,0,0
10679,0,0,0,0,0,0
10680,0,0,0,0,0,0
10681,0,1,6,0,2,3
10682,0,0,0,3,1,2
10683,0,0,3,2,2,2
10684,0,0,0,0,0,0
10685,0,1,6,4,7,7
10686,1,0,0,0,0,0
10687,0,0,0,0,0,0
10688,0,0,0,0,0,0
10689,0,0,0,0,0,0
10690,1,7,0,9,15,15
10691,0,0,0,1,1,1
10692,0,0,0,0,0,0
10693,0,0,0,0,0,0
10694,0,0,0,0,0,0
10695,7,3,4,4,3,3
10696,5,12,12,40,31,48
10697,1,0,0,1,1,1
10698,0,0,0,0,0,0
10699,0,0,1,0,0,0
10700,0,0,0,1,3,2
10701,0,0,0,0,0,0
10702,1,0,21,4,8,7
10703,0,0,0,0,0,0
10704,0,0,0,0,0,0
10705,0,0,0,0,0,0
10706,2,2,0,0,0,0
10707,0,0,0,0,0,0
10708,3,1,1,0,1,1
10709,0,0,0,1,2,7
10710,0,0,0,0,0,0
10711,0,1,1,1,1,1
10712,0,0,0,0,0,0
10713,0,4,0,8,5,4
10714,0,0,0,0,0,0
10715,0,0,0,0,1,1
10716,0,1,0,1,0,0
10717,1,1,1,3,5,5
10718,6,1,1,2,5,6
10719,0,0,0,0,0,0
10720,0,9,14,30,19,21
10721,0,0,0,2,2,3
10722,4,0,3,4,10,13
10723,14,61,6,35,56,51
10724,8,1,2,24,114,122
10725,0,0,0,0,0,0
10726,0,0,8,10,9,13
10727,0,0,8,5,3,5
10728,0,0,0,0,0,0
10729,1,0,1,0,0,0
10730,0,0,0,0,0,0
10731,0,0,0,0,0,0
10732,0,0,1,0,0,0
10733,0,0,0,0,0,0
10734,0,0,0,0,0,0
10735,1,1,0,2,1,1
10736,1,0,0,2,1,1
10737,14,49,47,45,32,36
10738,16,31,24,13,6,6
10739,0,1,6,3,6,7
10740,0,0,1,3,3,2
10741,0,0,0,0,0,0
10742,1,0,1,5,6,6
10743,0,0,0,0,0,0
10744,0,0,0,0,0,0
10745,21,11,111,24,64,44
10746,0,2,2,3,3,2
10747,0,0,0,4,3,4
10748,0,0,0,0,0,0
10749,0,0,0,0,0,0
10750,0,0,0,0,0,0
10751,0,0,0,0,0,0
10752,0,0,0,0,0,0
10753,1,9,4,6,3,3
10754,0,0,0,0,0,0
10755,4,14,2,2,1,1
10756,0,0,0,0,0,0
10757,0,0,1,2,2,1
10758,0,0,0,0,0,1
10759,0,0,0,0,0,0
10760,0,0,0,0,0,0
10761,0,0,0,0,0,0
10762,0,5,19,15,13,17
10763,0,0,0,0,0,0
10764,0,0,1,2,2,2
10765,0,0,0,0,0,0
10766,4,8,4,19,25,33
10767,0,0,0,0,0,0
10768,0,1,21,29,21,20
10769,0,0,0,0,0,0
10770,0,0,0,0,0,0
10771,0,0,0,0,0,0
10772,1,2,2,1,1,1
10773,8,0,2,1,1,1
10774,0,5,10,26,36,35
10775,0,0,0,0,0,0
10776,0,0,0,0,0,0
10777,0,0,0,0,0,0
10778,1,1,1,4,5,5
10779,0,0,0,0,0,0
10780,0,0,0,0,0,0
10781,0,8,2,2,2,2
10782,0,0,0,1,0,0
10783,0,0,1,1,4,2
10784,0,0,0,0,0,0
10785,0,2,3,1,2,3
10786,0,0,0,0,0,0
10787,5,14,2,38,7,13
10788,8,16,25,24,17,21
10789,0,0,0,0,0,0
10790,0,0,0,0,0,0
10791,0,0,0,0,0,0
10792,0,0,1,3,2,2
10793,0,0,1,2,1,2
10794,0,0,0,0,0,0
10795,5,49,29,53,43,37
10796,692,643,452,146,109,135
10797,0,0,0,0,0,0
10798,1,0,4,0,0,0
10799,0,0,0,0,0,0
10800,0,0,0,0,0,0
10801,0,0,0,0,0,0
10802,3,5,3,5,2,2
10803,0,0,0,0,0,0
10804,0,0,0,0,0,0
10805,128,8,160,181,141,131
10806,0,0,0,0,0,0
10807,0,0,0,0,0,0
10808,0,1,0,0,0,0
10809,0,0,0,0,2,1
10810,0,0,0,0,0,0
10811,0,0,0,0,0,0
10812,3,1,4,10,17,10
10813,0,0,2,0,0,0
10814,0,0,0,0,0,0
10815,0,2,46,72,3,3
10816,0,2,3,4,8,4
10817,0,0,0,0,0,0
10818,0,0,0,0,0,0
10819,0,0,2,0,0,0
10820,1,0,0,0,0,0
10821,0,0,1,0,0,0
10822,0,0,0,9,7,22
10823,0,0,0,0,0,0
10824,19,14,9,4,3,3
10825,0,0,0,0,0,0
10826,0,0,2,2,2,2
10827,0,1,1,1,2,2
10828,1,0,23,27,6,8
10829,0,0,0,0,0,0
10830,0,0,0,0,0,0
10831,0,0,1,2,1,0
10832,0,0,0,0,0,0
10833,0,0,0,0,0,0
10834,0,0,0,0,0,0
10835,4,3,26,3,1,1
10836,0,0,1,0,0,0
10837,0,0,0,1,0,1
10838,101,40,49,23,28,38
10839,0,0,0,0,0,0
10840,0,0,0,0,0,0
10841,0,0,0,0,0,0
10842,0,2,4,1,8,6
10843,13,1,0,0,0,0
10844,0,0,0,0,0,0
10845,0,0,0,0,0,0
10846,0,0,1,2,2,2
10847,0,0,0,0,0,0
10848,0,0,0,0,0,0
10849,0,0,0,0,0,0
10850,0,0,0,0,0,0
10851,0,0,0,0,0,0
10852,0,0,7,8,18,15
10853,0,0,0,0,0,0
10854,3,7,7,8,8,8
10855,0,0,0,0,2,2
10856,670,1197,1799,2226,2488,2480
10857,0,0,4,2,2,1
10858,1,3,7,13,9,9
10859,0,0,0,0,0,0
10860,0,0,0,0,0,0
10861,0,0,0,0,0,0
10862,4,19,8,10,8,8
10863,0,0,2,1,1,2
10864,0,0,0,1,2,1
10865,0,0,0,0,0,0
10866,0,0,0,0,0,0
10867,0,0,1,30,26,19
10868,0,0,0,0,0,0
10869,0,5,1,4,7,7
10870,0,0,0,0,0,0
10871,0,0,0,0,0,0
10872,0,0,0,0,0,0
10873,1,0,0,0,0,0
10874,0,0,0,0,0,0
10875,0,0,0,0,0,0
10876,0,0,0,0,0,0
10877,0,8,1,1,1,1
10878,1,0,0,0,0,0
10879,0,0,0,1,0,1
10880,0,0,0,0,0,0
10881,0,0,0,0,0,0
10882,0,0,0,0,0,0
10883,0,1,0,0,0,0
10884,0,0,0,0,0,0
10885,0,0,4,0,0,0
10886,11,4,5,4,8,7
10887,0,0,0,0,0,0
10888,0,8,4,3,2,4
10889,2,1,0,0,0,0
10890,8,0,38,8,19,19
10891,16,73,131,100,89,84
10892,2,0,0,0,0,0
10893,0,0,0,0,0,0
10894,0,3,0,4,0,0
10895,0,0,2,0,3,3
10896,37,677,201,168,123,136
10897,0,0,0,0,0,0
10898,0,0,0,0,0,0
10899,0,0,0,0,0,0
10900,0,0,2,1,0,0
10901,0,1,30,51,52,57
10902,5,59,11,1,7,8
10903,2,0,0,3,0,0
10904,0,0,0,0,0,0
10905,0,1,0,0,0,0
10906,0,0,0,0,0,0
10907,0,0,0,0,0,0
10908,0,0,0,0,0,0
10909,0,1,6,0,3,4
10910,9,0,5,29,26,12
10911,0,1,1,0,0,0
10912,0,16,45,56,61,42
10913,0,0,0,0,0,0
10914,1,0,16,17,23,20
10915,1,7,1,1,1,1
10916,0,0,0,0,0,0
10917,0,0,0,0,0,0
10918,0,0,0,0,0,0
10919,0,0,0,0,0,0
10920,0,0,0,0,1,1
10921,4,6,86,33,41,42
10922,0,0,0,0,0,0
10923,0,0,0,0,0,0
10924,0,0,0,0,0,0
10925,0,0,0,0,0,0
10926,0,0,0,0,0,1
10927,0,0,7,7,6,6
10928,2,12,7,9,7,9
10929,4,0,0,0,1,1
10930,0,1,2,0,0,0
10931,0,0,0,0,0,0
10932,0,1,0,0,0,0
10933,1,2,5,4,0,2
10934,0,1,0,0,0,0
10935,0,0,0,3,4,4
10936,0,0,0,0,0,0
10937,0,0,0,0,0,0
10938,0,0,7,6,11,13
10939,0,0,0,0,0,0
10940,1,0,1,0,0,0
10941,0,0,0,0,0,0
10942,0,0,2,27,9,7
10943,0,0,0,0,0,0
10944,0,0,0,0,0,0
10945,0,0,0,0,0,0
10946,0,0,0,0,0,0
10947,0,0,0,0,0,0
10948,0,0,0,0,0,0
10949,0,0,0,0,0,0
10950,3,1,13,17,17,15
10951,4,1,0,8,8,7
10952,0,0,0,0,0,0
10953,0,0,3,4,5,4
10954,23,37,589,282,323,362
10955,0,0,0,0,0,0
10956,0,0,0,0,0,0
10957,0,0,0,0,0,0
10958,0,0,0,0,0,0
10959,0,51,18,22,28,22
10960,102,93,46,111,73,84
10961,0,116,17,49,68,77
10962,0,1,4,3,10,12
10963,113,2,3,6,5,5
10964,0,0,0,2,5,3
10965,0,5,8,10,16,14
10966,0,2,7,15,18,17
10967,0,0,1,0,0,0
10968,12,5,8,12,20,18
10969,47,5,5,4,4,4
10970,0,0,0,0,0,0
10971,0,0,0,0,0,0
10972,18,4,14,17,20,21
10973,0,0,0,0,0,0
10974,2,2,0,1,0,0
10975,0,0,0,0,0,0
10976,0,0,0,0,0,0
10977,0,2,1,19,17,13
10978,0,0,0,0,0,0
10979,0,0,0,0,0,0
10980,0,0,0,0,0,0
10981,0,0,0,0,0,0
10982,0,0,0,0,0,0
10983,0,0,1,1,1,1
10984,0,0,0,0,1,1
10985,0,0,0,0,0,0
10986,205,102,36,1,5,1
10987,0,0,1,2,2,2
10988,0,0,10,0,0,0
10989,14,0,0,0,0,0
10990,0,0,0,0,0,0
10991,0,0,0,0,0,0
10992,0,0,0,0,0,0
10993,50,37,6,4,5,10
10994,0,0,0,1,0,0
10995,0,0,0,0,0,0
10996,0,0,0,0,0,0
10997,0,0,0,0,0,0
10998,0,1,4,7,6,5
10999,0,0,1,10,8,10
11000,0,6,26,23,48,35
11001,0,0,0,0,0,0
11002,0,0,0,1,1,1
11003,3,8,3,3,3,3
11004,0,2,9,19,8,9
11005,0,0,2,0,0,0
11006,0,0,0,0,0,0
11007,0,0,0,0,0,0
11008,0,1,0,0,0,0
11009,2,0,2,0,0,0
11010,0,0,0,0,0,0
11011,0,0,0,0,0,0
11012,0,0,0,0,1,1
11013,0,0,0,0,0,0
11014,0,0,0,0,0,0
11015,0,0,0,0,0,0
11016,0,0,0,0,0,0
11017,0,0,0,0,0,0
11018,0,0,0,7,3,1
11019,0,0,0,0,0,0
11020,1,0,0,0,1,0
11021,0,0,0,0,0,0
11022,32,51,204,59,112,127
11023,2,2,0,1,1,1
11024,0,0,0,0,0,0
11025,0,0,0,0,0,0
11026,0,0,0,0,0,0
11027,0,0,0,0,0,0
11028,0,0,0,0,0,0
11029,0,0,0,0,0,0
11030,0,0,0,2,1,1
11031,0,0,0,0,0,0
11032,1,1,1,0,0,0
11033,0,0,0,0,0,0
11034,4,4,1,7,20,22
11035,0,0,0,0,0,0
11036,0,0,0,0,0,0
11037,0,0,1,1,1,1
11038,21,34,30,25,24,24
11039,0,1,1,0,0,0
11040,0,0,1,0,0,0
11041,3,13,80,35,13,17
11042,0,0,0,0,0,1
11043,2,1,0,34,14,11
11044,0,0,0,0,0,0
11045,0,0,0,0,0,0
11046,0,0,0,0,0,0
11047,0,0,0,0,0,0
11048,0,0,0,0,0,0
11049,0,0,0,0,0,0
11050,29,593,430,389,344,325
11051,0,6,1,2,3,3
11052,0,0,0,0,0,0
11053,3,1,0,0,0,0
11054,0,0,0,0,0,0
11055,2,14,51,25,35,27
11056,0,0,0,0,0,0
11057,2,0,92,12,3,5
11058,0,0,6,2,2,1
11059,0,0,0,1,0,0
11060,3,25,7,5,14,13
11061,4,11,41,5,8,11
11062,283,19,12,140,76,60
11063,0,0,0,0,0,0
11064,519,178,321,321,547,582
11065,0,0,0,0,0,0
11066,237,170,343,75,157,162
11067,0,0,0,0,0,0
11068,0,1,0,7,4,6
11069,0,0,0,1,1,1
11070,0,0,0,0,0,0
11071,0,0,0,0,0,0
11072,0,0,0,0,2,2
11073,0,0,0,0,0,0
11074,0,0,0,0,0,0
11075,0,0,0,0,0,0
11076,0,3,1,9,9,8
11077,0,0,0,0,0,0
11078,0,0,0,0,0,0
11079,0,3,10,11,9,9
11080,5,4,19,103,55,51
11081,1,0,0,0,0,0
11082,0,0,0,1,0,0
11083,0,0,1,2,1,1
11084,0,0,0,0,0,0
11085,0,0,0,0,0,0
11086,0,4,2,6,3,3
11087,0,0,0,0,0,0
11088,0,0,0,0,0,0
11089,1,4,1,3,3,3
11090,1,2,4,2,1,1
11091,0,0,0,0,0,0
11092,0,0,0,0,0,0
11093,0,0,0,0,0,0
11094,4,0,1,4,5,5
11095,0,0,0,0,0,0
11096,0,0,0,0,0,0
11097,2,3,0,0,2,0
11098,0,0,0,0,0,0
11099,0,2,3,1,2,3
11100,0,0,0,0,0,0
11101,1,0,0,1,1,1
11102,0,0,0,0,0,0
11103,0,4,3,4,3,3
11104,0,0,3,20,17,6
11105,0,0,0,0,0,0
11106,0,0,0,0,0,0
11107,0,7,6,5,2,2
11108,0,1,0,1,2,1
11109,0,0,0,0,0,0
11110,0,0,8,3,5,4
11111,0,0,0,0,0,0
11112,0,0,1,1,1,1
11113,0,0,0,0,0,0
11114,0,0,0,0,0,0
11115,2,35,1,2,0,0
11116,0,0,0,0,0,0
11117,7,2,20,5,25,19
11118,0,0,0,0,0,0
11119,0,0,0,0,0,0
11120,0,2,0,8,6,4
11121,0,0,0,0,0,0
11122,0,0,0,0,0,0
11123,0,0,0,0,3,1
11124,0,0,0,0,0,0
11125,0,9,17,11,11,10
11126,0,8,0,0,1,0
11127,0,0,0,0,0,0
11128,0,0,0,0,0,0
11129,0,3,3,2,2,3
11130,176,1346,1046,1238,625,732
11131,0,0,0,4,0,0
11132,1,0,0,0,0,0
11133,0,0,0,0,0,0
11134,0,0,0,0,0,0
11135,0,0,0,0,0,0
11136,0,0,0,0,0,0
11137,62,60,47,14,13,9
11138,0,0,2,1,2,3
11139,0,0,0,2,2,2
11140,23,26,214,293,349,334
11141,0,0,0,13,40,38
11142,0,0,0,0,0,0
11143,0,0,0,0,0,0
11144,0,0,0,0,0,0
11145,1,0,3,22,48,43
11146,0,4,23,8,6,7
11147,0,0,0,0,0,0
11148,2,2,1,0,0,0
11149,0,0,0,0,0,0
11150,0,0,0,0,0,0
11151,0,0,0,0,0,0
11152,0,1,0,0,0,0
11153,1,0,0,5,7,7
11154,1,0,0,0,0,0
11155,1,7,5,1,0,0
11156,0,11,0,0,0,0
11157,0,15,26,13,17,13
11158,0,7,4,3,3,3
11159,0,0,0,0,0,0
11160,1,2,0,0,0,0
11161,0,0,0,0,0,0
11162,0,4,8,1,5,3
11163,0,0,0,0,0,0
11164,0,15,6,16,20,20
11165,0,0,0,0,0,0
11166,0,0,0,0,0,0
11167,0,1,3,12,16,18
11168,0,0,0,0,0,0
11169,0,0,0,0,0,0
11170,15,1,2,0,0,0
11171,0,0,0,0,0,0
11172,0,0,0,0,0,0
11173,5,1,7,1,5,10
11174,0,0,0,3,12,15
11175,0,0,0,0,0,0
11176,0,0,0,0,0,0
11177,0,0,0,0,0,0
11178,7,2,7,8,26,25
11179,0,0,0,0,0,0
11180,0,0,0,0,0,0
11181,0,0,0,0,0,0
11182,9,0,4,1,7,4
11183,0,0,0,0,0,0
11184,4,30,9,37,59,65
11185,3,0,0,0,0,0
11186,2,24,13,3,3,5
11187,0,0,0,0,0,0
11188,0,0,0,0,0,0
11189,165,150,292,29,103,100
11190,0,0,0,0,0,0
11191,35,49,47,24,20,19
11192,0,0,0,0,0,0
11193,0,0,0,0,0,0
11194,529,1109,489,429,197,271
11195,0,0,0,0,0,0
11196,0,0,0,0,0,0
11197,0,0,14,36,35,36
11198,0,4,0,0,0,0
11199,0,0,0,0,0,0
11200,0,0,0,3,2,2
11201,0,0,0,0,0,0
11202,0,0,0,0,0,0
11203,0,3,0,0,1,1
11204,0,0,0,0,0,0
11205,1,0,0,0,0,0
11206,0,0,0,0,0,0
11207,13,30,173,247,242,333
11208,1,1,4,4,5,5
11209,0,0,0,0,0,0
11210,0,0,0,0,0,0
11211,0,0,0,1,0,0
11212,0,1,1,8,2,3
11213,0,0,0,0,0,1
11214,0,0,0,0,0,0
11215,0,0,0,1,0,0
11216,1,0,0,0,0,0
11217,1,0,1,1,0,0
11218,0,0,1,1,1,1
11219,0,0,0,0,0,0
11220,2,49,30,31,14,19
11221,3,8,85,21,45,50
11222,60,26,11,29,18,19
11223,4,0,0,0,0,0
11224,0,0,0,0,0,0
11225,0,0,0,0,0,0
11226,1,0,0,0,0,0
11227,0,0,0,0,0,0
11228,0,2,2,0,1,0
11229,0,0,1,0,0,0
11230,1,0,0,0,0,0
11231,0,0,0,0,1,1
11232,0,0,0,1,1,1
11233,0,0,0,0,0,0
11234,1,0,0,0,0,0
11235,0,0,0,0,0,0
11236,0,0,2,3,3,3
11237,0,0,0,0,0,0
11238,0,0,0,0,1,1
11239,0,1,0,0,0,0
11240,0,7,0,11,10,10
11241,0,0,0,3,5,6
11242,1,0,3,1,0,0
11243,1,0,0,0,0,0
11244,93,18,10,27,10,14
11245,3,0,5,1,0,0
11246,4,0,3,4,5,5
11247,0,0,0,0,0,0
11248,0,0,0,0,0,0
11249,14,130,18,3,3,2
11250,0,0,0,0,0,0
11251,1,4,28,8,13,14
11252,0,0,0,0,0,0
11253,0,1,0,0,0,0
11254,0,0,0,0,0,0
11255,0,0,0,0,0,0
11256,0,0,0,0,0,0
11257,0,0,0,0,0,0
11258,2,1,1,0,0,0
11259,0,0,0,0,0,0
11260,0,0,0,0,0,0
11261,0,0,0,0,0,0
11262,0,0,0,0,0,0
11263,1,3,10,7,15,13
11264,0,0,0,0,0,0
11265,0,0,0,0,0,0
11266,1,1,0,1,1,1
11267,0,1,1,3,1,1
11268,1,0,14,5,10,8
11269,13,5,11,103,47,62
11270,2,0,8,8,5,6
11271,0,0,0,0,0,1
11272,0,0,0,1,1,1
11273,1,0,0,2,2,1
11274,0,0,0,0,0,0
11275,2,1,1,0,1,0
11276,42,1,10,7,8,9
11277,0,0,0,0,0,0
11278,1,0,0,0,0,0
11279,0,0,0,0,0,0
11280,0,0,0,0,0,0
11281,7,63,9,1,9,9
11282,0,0,0,0,0,0
11283,0,0,0,0,0,0
11284,15,27,9,21,9,12
11285,0,0,0,8,9,8
11286,0,0,0,0,0,0
11287,1,0,0,13,3,3
11288,0,0,0,0,0,0
11289,35,117,5,14,15,16
11290,0,4,7,5,2,2
11291,0,0,0,0,0,0
11292,0,0,0,0,0,0
11293,0,0,9,57,46,42
11294,0,0,0,0,0,0
11295,0,0,0,0,0,0
11296,0,0,0,0,0,0
11297,0,0,0,0,0,0
11298,1,1,0,0,0,0
11299,0,0,0,0,0,0
11300,0,0,0,0,0,0
11301,0,0,0,1,0,1
11302,0,0,0,1,0,1
11303,8,26,49,40,31,29
11304,0,0,0,0,0,0
11305,0,0,0,0,0,0
11306,0,0,1,0,0,0
11307,1,0,2,2,0,0
11308,0,0,28,41,39,40
11309,0,0,0,0,0,0
11310,0,0,2,4,4,6
11311,0,0,2,5,6,5
11312,0,2,23,7,12,13
11313,0,0,0,0,0,0
11314,0,0,0,0,0,0
11315,0,0,0,0,0,0
11316,0,0,0,0,0,0
11317,1,0,0,0,0,0
11318,0,13,6,3,6,6
11319,0,0,0,0,0,0
11320,0,0,0,0,0,0
11321,1,4,18,4,3,2
11322,0,0,0,0,0,0
11323,0,0,0,0,0,0
11324,0,0,0,0,0,2
11325,0,0,0,0,0,0
11326,0,0,1,2,1,1
11327,1,0,0,0,0,0
11328,0,0,0,12,3,4
11329,0,0,0,0,0,0
11330,0,0,0,0,0,0
11331,0,0,3,5,12,8
11332,0,0,0,0,0,0
11333,0,0,0,0,0,0
11334,0,0,0,0,0,0
11335,0,0,0,0,0,0
11336,7,4,1,1,0,0
11337,0,0,0,0,0,0
11338,0,0,0,0,0,0
11339,3,202,282,187,183,162
11340,0,0,0,0,0,0
11341,0,0,0,0,0,0
11342,726,899,642,653,546,553
11343,14,5,21,6,11,10
11344,2,18,7,25,21,20
11345,0,0,0,0,0,0
11346,4,0,0,0,0,0
11347,0,0,0,0,0,0
11348,0,0,0,0,0,0
11349,0,0,0,0,0,0
11350,0,0,0,0,0,0
11351,0,0,0,0,0,0
11352,4,0,1,0,1,1
11353,0,0,0,0,0,0
11354,0,0,0,0,0,0
11355,0,0,0,0,0,0
11356,1,0,0,0,0,0
11357,0,0,0,0,0,0
11358,1,1,3,1,5,7
11359,0,0,0,0,0,0
11360,0,0,0,0,0,0
11361,1,0,36,37,25,26
11362,0,1,0,1,3,4
11363,0,2,0,0,0,0
11364,0,2,0,0,0,0
11365,0,0,0,0,0,0
11366,0,0,0,0,0,0
11367,11,123,218,140,234,211
11368,0,0,0,0,0,0
11369,0,0,0,0,0,0
11370,1,0,2,29,20,16
11371,0,0,0,0,0,0
11372,0,0,0,0,0,0
11373,0,3,7,22,7,8
11374,0,0,0,0,0,0
11375,0,0,0,0,0,0
11376,0,0,0,0,0,0
11377,0,0,0,0,0,0
11378,0,0,0,0,0,0
11379,1,8,1,9,6,6
11380,0,0,0,0,0,0
11381,0,0,0,0,0,0
11382,3,2,2,1,1,1
11383,0,0,0,0,0,0
11384,0,0,0,0,0,0
11385,29,131,107,113,123,124
11386,0,0,0,0,0,0
11387,0,0,0,0,0,0
11388,2,2,2,1,1,1
11389,0,0,0,0,0,0
11390,0,0,0,0,0,0
11391,0,0,0,0,0,0
11392,4,1,0,0,0,0
11393,0,4,0,0,0,0
11394,4,44,75,13,14,17
11395,0,0,0,0,0,0
11396,1,0,0,0,0,0
11397,0,4,30,19,41,44
11398,0,0,0,0,0,0
11399,0,0,0,0,0,0
11400,0,0,0,0,0,0
11401,0,0,0,0,0,0
11402,0,0,0,0,0,0
11403,0,0,1,3,1,1
11404,0,0,0,0,0,0
11405,0,0,0,0,0,1
11406,1,5,1,2,1,1
11407,15,24,21,32,29,28
11408,0,0,12,1,0,0
11409,0,0,0,0,0,0
11410,0,0,0,0,0,0
11411,1,4,134,225,163,154
11412,0,0,0,0,0,0
11413,0,0,13,13,22,28
11414,0,0,0,0,0,0
11415,1,2,4,4,4,3
11416,0,0,0,0,0,0
11417,0,0,0,0,0,0
11418,0,0,0,0,0,0
11419,0,0,0,0,0,0
11420,0,0,0,0,0,0
11421,0,0,0,0,0,0
11422,0,0,0,0,0,0
11423,0,0,0,1,1,1
11424,12,96,151,724,444,482
11425,0,0,0,0,0,0
11426,0,3,1,0,0,0
11427,0,0,9,5,11,10
11428,0,0,0,1,1,1
11429,0,0,0,0,0,0
11430,1,1,0,0,1,2
11431,0,0,0,0,0,0
11432,0,0,0,0,0,0
11433,2,2,0,0,0,0
11434,21,0,0,0,0,0
11435,0,0,0,0,0,0
11436,0,0,0,0,0,0
11437,0,2,6,4,2,2
11438,0,0,4,6,3,7
11439,0,0,1,0,1,1
11440,45,21,46,27,26,22
11441,0,0,0,0,0,0
11442,0,0,0,2,1,1
11443,1,2,2,2,2,3
11444,0,0,0,0,0,0
11445,1,0,1,1,1,1
11446,14,7,4,5,2,3
11447,0,0,0,0,0,0
11448,0,0,2,2,2,2
11449,0,0,1,0,0,0
11450,6,1,2,33,14,18
11451,0,0,0,0,0,0
11452,0,0,0,0,0,0
11453,0,0,7,2,0,0
11454,104,154,78,17,29,24
11455,0,1,3,5,5,4
11456,0,0,0,0,0,0
11457,2,0,0,0,0,0
11458,0,0,0,0,0,0
11459,0,0,14,22,8,8
11460,1,0,0,0,0,0
11461,0,0,0,0,0,0
11462,0,0,2,4,2,2
11463,0,1,1,2,2,3
11464,0,0,0,0,1,0
11465,84,116,59,64,44,41
11466,0,0,0,0,0,0
11467,2014,4195,5808,3422,3809,4295
11468,2,17,4,24,23,18
11469,77,184,63,82,82,70
11470,0,0,0,0,0,0
11471,0,0,0,0,0,0
11472,0,1,12,46,30,34
11473,0,0,0,0,0,0
11474,0,0,1,0,0,0
11475,0,8,7,10,5,6
11476,0,0,0,0,0,0
11477,10,8,22,16,16,18
11478,0,0,1,0,0,0
11479,0,0,0,0,0,0
11480,0,0,0,0,0,0
11481,0,0,0,0,0,0
11482,2,0,0,0,0,0
11483,0,0,1,0,1,1
11484,0,0,0,0,0,0
11485,0,10,7,0,13,12
11486,0,0,0,0,0,0
11487,0,0,0,2,2,1
11488,0,0,0,0,0,0
11489,32,2,5,1,4,3
11490,0,0,0,0,0,0
11491,0,0,0,0,0,0
11492,0,0,0,1,1,1
11493,0,0,0,0,0,0
11494,0,0,0,1,1,0
11495,0,0,1,0,1,1
11496,0,0,0,0,0,0
11497,0,0,3,0,4,2
11498,0,0,0,0,0,0
11499,0,0,2,1,2,12
11500,3,2,1,0,0,0
11501,0,0,0,0,0,0
11502,0,0,0,0,0,0
11503,1,0,3,3,18,15
11504,0,0,0,1,1,1
11505,0,0,0,0,0,0
11506,1,1,7,7,10,10
11507,0,0,7,9,6,7
11508,0,0,0,0,0,0
11509,4,140,8,3,4,6
11510,1,4,12,0,0,0
11511,0,9,3,3,3,3
11512,0,0,0,0,0,0
11513,0,3,5,6,7,7
11514,0,1,1,2,3,3
11515,16,0,10,4,8,5
11516,7,0,1,0,0,0
11517,0,0,0,1,0,2
11518,0,0,0,0,0,0
11519,0,0,0,0,0,0
11520,12,71,66,97,151,172
11521,0,1,2,11,10,9
11522,0,0,0,0,1,1
11523,0,0,0,0,0,0
11524,18,2,0,0,0,0
11525,0,0,0,0,0,0
11526,0,0,0,0,0,0
11527,9,1,0,0,0,0
11528,0,0,0,0,0,0
11529,0,1,3,0,0,0
11530,0,0,0,0,0,0
11531,0,0,0,0,0,0
11532,4,0,0,0,1,3
11533,0,2,0,0,0,0
11534,3,3,0,9,6,4
11535,4,0,0,1,0,0
11536,0,0,0,0,0,0
11537,0,2,5,18,18,22
11538,0,0,1,7,2,4
11539,4,6,109,182,130,177
11540,0,2,14,4,6,2
11541,9,0,1,25,10,14
11542,1,11,6,11,2,1
11543,23,10,41,4,7,6
11544,1,0,0,0,0,0
11545,0,0,0,0,0,0
11546,0,13,0,4,2,1
11547,1,0,0,0,0,0
11548,0,0,5,0,0,0
11549,0,0,0,1,0,1
11550,0,0,0,0,0,0
11551,0,0,0,0,0,0
11552,0,0,0,0,0,0
11553,0,0,0,0,0,0
11554,0,0,0,0,0,0
11555,95,221,63,91,133,154
11556,5,3,45,47,36,35
11557,0,0,1,0,0,0
11558,0,0,0,0,0,0
11559,0,0,0,0,0,0
11560,0,0,0,0,0,0
11561,983,1874,1448,1302,1137,1266
11562,0,0,0,0,0,0
11563,0,0,0,0,0,0
11564,0,0,1,0,0,0
11565,0,0,0,0,0,0
11566,0,0,0,0,0,0
11567,0,0,4,1,3,2
11568,0,0,8,6,12,9
11569,0,0,0,0,0,0
11570,0,0,0,0,0,0
11571,1,1,1,1,0,0
11572,0,0,0,0,0,0
11573,10,8,0,0,0,0
11574,0,0,2,0,0,0
11575,38,2,8,20,20,22
11576,0,0,0,0,0,0
11577,0,0,0,0,0,0
11578,0,0,1,2,3,2
11579,0,0,0,0,0,0
11580,1,2,0,0,0,0
11581,0,1,0,17,11,9
11582,0,0,0,0,0,0
11583,0,0,0,0,0,0
11584,0,0,0,0,0,0
11585,2,4,4,7,8,9
11586,0,0,0,0,0,0
11587,0,0,0,0,0,0
11588,42,52,214,90,62,86
11589,121,403,403,704,811,740
11590,0,0,1,2,4,4
11591,0,4,4,2,1,1
11592,0,0,0,0,0,0
11593,0,0,2,0,0,0
11594,0,0,0,1,0,1
11595,28,60,63,61,66,52
11596,1,2,0,32,22,34
11597,0,0,0,0,0,0
11598,0,0,0,0,0,0
11599,0,2,3,0,1,1
11600,0,0,0,0,0,0
11601,2,0,0,0,0,0
11602,0,0,0,0,0,0
11603,0,0,4,8,5,6
11604,0,0,0,0,0,0
11605,0,0,0,0,0,0
11606,0,0,0,0,1,1
11607,0,0,0,0,0,0
11608,0,1,3,0,1,0
11609,0,0,0,0,0,0
11610,0,0,0,0,0,0
11611,0,0,0,0,0,0
11612,0,0,0,0,0,0
11613,0,0,0,0,0,0
11614,0,0,0,0,0,0
11615,0,0,0,0,1,1
11616,3,1,1,2,1,1
11617,0,0,0,0,0,0
11618,0,0,2,0,0,0
11619,1,3,11,2,4,4
11620,0,0,0,0,0,0
11621,0,0,0,0,0,0
11622,3,0,6,4,0,0
11623,0,1,0,0,0,1
11624,1,1,33,22,12,23
11625,0,0,0,0,0,0
11626,6,0,42,9,11,7
11627,0,0,0,0,0,0
11628,0,0,0,0,0,0
11629,1,0,2,1,1,1
11630,0,0,0,0,0,0
11631,0,0,0,0,0,0
11632,0,0,0,0,0,0
11633,0,1,0,0,0,0
11634,5,0,0,0,0,0
11635,0,0,0,0,0,0
11636,0,0,0,0,0,0
11637,0,0,0,2,1,1
11638,0,1,20,21,22,45
11639,0,0,0,1,0,1
11640,26,2,9,5,4,3
11641,0,0,3,2,0,1
11642,0,18,2,36,38,42
11643,2,1,2,2,1,0
11644,3,0,1,2,0,0
11645,0,0,0,0,0,0
11646,0,0,0,0,0,0
11647,0,0,1,0,3,3
11648,0,0,0,0,0,0
11649,1,0,0,3,1,1
11650,0,0,0,0,0,0
11651,0,2,1,3,1,2
11652,0,0,0,0,0,0
11653,0,0,0,0,0,0
11654,0,0,1,0,0,0
11655,0,0,1,2,7,7
11656,0,0,0,0,0,0
11657,0,0,0,0,0,0
11658,123,73,17,15,7,8
11659,2,72,24,99,87,64
11660,0,0,0,0,0,0
11661,2,0,0,2,0,0
11662,6,7,0,1,0,0
11663,234,31,21,39,30,51
11664,0,0,0,0,0,0
11665,4362,10967,10324,3954,8774,8427
11666,2,2,3,6,7,8
11667,0,0,0,0,0,0
11668,154,10,652,157,63,67
11669,0,0,0,0,0,0
11670,0,0,0,0,0,0
11671,0,0,0,0,0,0
11672,0,0,0,2,0,0
11673,0,2,0,0,0,1
11674,0,1,1,1,1,1
11675,0,0,0,0,0,0
11676,2,1,3,6,4,4
11677,0,0,0,0,0,0
11678,0,0,0,0,0,0
11679,0,0,0,0,0,0
11680,0,0,0,0,0,0
11681,20,100,80,104,118,130
11682,222,174,164,278,276,273
11683,0,0,0,0,0,0
11684,11,0,4,3,9,7
11685,0,0,1,0,0,0
11686,1,2,2,15,17,18
11687,0,0,0,0,0,0
11688,0,0,0,0,0,0
11689,0,0,0,0,0,0
11690,0,0,1,0,0,5
11691,0,0,0,1,3,2
11692,0,0,0,0,0,0
11693,0,2,1,0,1,0
11694,0,1,3,6,6,6
11695,0,3,16,29,19,20
11696,0,0,0,0,0,0
11697,0,0,0,0,0,0
11698,0,0,1,1,1,2
11699,0,0,0,0,0,0
11700,17,2,3,0,0,0
11701,13,13,11,24,7,7
11702,0,0,0,0,0,0
11703,0,0,0,0,0,0
11704,0,0,0,0,0,0
11705,0,0,0,0,1,1
11706,0,0,0,0,0,0
11707,115,18,26,30,31,29
11708,0,0,0,0,0,0
11709,0,0,0,0,0,0
11710,1,0,5,3,7,6
11711,0,0,0,0,0,0
11712,0,0,0,0,0,0
11713,8,10,5,3,5,5
11714,0,0,0,0,0,0
11715,0,0,0,0,0,0
11716,0,0,0,0,0,0
11717,10158,9089,9622,5580,6303,5435
11718,0,0,1,0,0,0
11719,3,102,292,432,263,247
11720,0,16,15,79,56,62
11721,0,0,0,0,0,0
11722,0,0,0,0,0,0
11723,0,2,37,42,36,37
11724,746,473,146,79,110,117
11725,0,0,1,0,0,0
11726,0,6,5,1,3,3
11727,0,0,0,0,0,0
11728,0,1,3,0,0,0
11729,0,0,0,0,0,0
11730,0,0,0,0,0,0
11731,0,13,0,4,30,22
11732,0,0,0,0,0,0
11733,0,0,0,0,0,0
11734,1,14,72,20,28,22
11735,0,0,0,0,0,0
11736,0,0,0,0,0,0
11737,0,0,0,0,0,0
11738,0,0,0,0,0,0
11739,224,377,188,363,282,270
11740,0,0,0,0,0,0
11741,1,3,2,3,3,2
11742,0,0,0,0,0,0
11743,0,0,0,0,0,0
11744,1,0,0,0,0,0
11745,0,0,0,0,0,0
11746,0,1,1,1,2,2
11747,0,0,0,0,0,0
11748,0,0,0,0,0,0
11749,0,0,0,0,0,0
11750,0,0,0,1,1,1
11751,56,56,32,109,62,40
11752,0,0,0,0,0,0
11753,0,0,1,0,0,0
11754,0,0,0,0,0,0
11755,1,1,0,1,3,1
11756,0,0,0,0,0,0
11757,0,0,0,0,0,0
11758,6,49,87,43,67,65
11759,0,0,0,0,0,0
11760,0,0,0,0,0,0
11761,0,7,27,56,30,34
11762,0,0,0,0,0,0
11763,0,2,0,1,1,1
11764,0,0,0,0,0,0
11765,0,0,0,0,0,0
11766,3,1,26,49,44,40
11767,0,0,0,0,0,0
11768,0,11,3,0,3,2
11769,0,0,0,0,0,0
11770,0,0,0,0,0,0
11771,0,0,0,0,0,0
11772,0,2,23,11,13,16
11773,0,0,0,0,0,0
11774,0,0,0,0,0,0
11775,0,1,2,6,7,8
11776,7,153,101,88,87,103
11777,8,2,2,5,4,3
11778,0,0,4,0,0,0
11779,0,0,0,0,0,0
11780,0,33,2,3,3,4
11781,2,1,0,0,0,0
11782,19,127,308,337,260,336
11783,0,0,0,0,0,0
11784,0,0,0,0,0,0
11785,0,0,0,0,0,0
11786,194,240,167,315,266,253
11787,0,0,0,0,0,0
11788,0,0,0,0,0,0
11789,8,0,2,0,0,0
11790,0,14,18,0,0,1
11791,1,0,0,1,0,0
11792,44,2,1,2,3,4
11793,0,0,4,2,3,5
11794,3,0,0,0,0,0
11795,0,0,0,0,0,0
11796,0,0,0,0,0,0
11797,0,0,0,0,0,0
11798,0,0,0,0,0,0
11799,1,0,1,1,1,2
11800,0,0,1,2,2,1
11801,0,0,0,0,0,0
11802,0,0,0,1,0,0
11803,0,0,0,0,0,0
11804,0,1,4,4,1,4
11805,0,0,0,0,0,0
11806,0,0,0,0,0,0
11807,0,0,0,1,1,1
11808,0,0,0,0,0,0
11809,0,0,0,0,0,0
11810,4,1,4,0,0,0
11811,0,0,0,0,0,0
11812,0,0,0,0,0,0
11813,5,3,11,1,0,0
11814,0,3,1,3,1,1
11815,0,0,0,0,0,0
11816,0,0,0,0,0,0
11817,0,0,0,0,0,0
11818,0,0,0,5,19,10
11819,0,0,0,0,2,2
11820,32,68,33,29,25,23
11821,0,0,0,1,0,0
11822,0,0,0,0,0,0
11823,0,0,0,1,2,4
11824,0,0,0,0,0,0
11825,1,0,0,1,0,0
11826,2,1,3,1,1,1
11827,47,20,7,16,11,10
11828,0,1,0,10,5,6
11829,1,0,13,56,143,213
11830,0,0,0,0,0,0
11831,0,0,0,0,0,0
11832,0,0,0,0,0,0
11833,0,0,0,0,0,0
11834,6,12,8,15,17,21
11835,0,0,0,0,0,0
11836,0,0,0,0,0,0
11837,0,7,8,15,5,5
11838,0,0,0,0,0,1
11839,0,0,0,0,0,0
11840,7,18,5,4,4,4
11841,0,0,0,0,0,0
11842,0,0,0,0,0,0
11843,0,57,111,129,127,139
11844,0,0,0,0,0,0
11845,0,0,0,1,0,0
11846,0,0,0,0,0,0
11847,0,0,0,0,0,0
11848,0,12,7,19,5,10
11849,0,0,0,0,0,0
11850,0,0,0,2,2,2
11851,0,0,0,0,0,0
11852,0,0,0,0,0,0
11853,5,2,6,30,25,33
11854,0,1,0,0,0,0
11855,0,0,0,0,0,0
11856,0,2,2,4,5,5
11857,0,0,0,0,0,0
11858,0,0,0,0,0,0
11859,0,0,0,0,0,0
11860,1,1,0,0,0,0
11861,119,535,287,220,225,208
11862,0,0,0,0,0,0
11863,0,0,0,0,0,0
11864,4537,163,213,621,452,560
11865,0,1,0,0,0,0
11866,0,0,0,0,0,0
11867,0,0,0,0,0,0
11868,2,0,6,8,3,3
11869,0,1,0,0,1,1
11870,0,0,0,0,0,0
11871,0,0,0,1,1,1
11872,0,4,2,38,26,21
11873,0,14,12,10,4,8
11874,0,0,0,0,0,0
11875,0,0,0,0,0,0
11876,0,0,0,0,0,0
11877,0,0,0,0,0,0
11878,0,0,0,0,0,0
11879,0,0,0,0,0,0
11880,0,0,1,1,1,1
11881,0,0,0,0,0,0
11882,0,0,0,0,0,0
11883,0,2,1,1,0,0
11884,0,0,0,0,0,0
11885,0,0,0,0,0,0
11886,0,0,22,50,42,44
11887,2,1,0,0,0,0
11888,0,0,0,0,0,0
11889,0,0,0,0,0,0
11890,0,0,1,0,1,1
11891,0,0,0,0,0,0
11892,0,0,0,0,0,0
11893,0,1,0,0,2,1
11894,0,0,0,0,0,0
11895,0,0,6,4,3,3
11896,0,0,0,0,0,0
11897,0,0,0,0,0,2
11898,9,9,70,36,70,75
11899,0,0,2,1,4,6
11900,0,1,3,4,7,7
11901,0,0,0,0,0,0
11902,0,0,0,0,0,0
11903,0,0,0,0,0,0
11904,41,0,1,27,21,18
11905,0,0,0,0,0,0
11906,0,1,5,2,7,8
11907,0,0,0,0,0,0
11908,0,0,0,2,1,1
11909,0,0,0,0,0,0
11910,0,0,0,0,0,0
11911,0,0,0,0,0,0
11912,0,0,0,0,0,0
11913,0,4,26,22,41,40
11914,0,0,0,0,0,0
11915,0,1,0,1,2,1
11916,1,7,5,10,7,2
11917,0,0,0,0,0,0
11918,0,0,1,0,0,0
11919,74,138,330,565,205,297
11920,0,0,0,0,0,0
11921,0,0,0,0,0,0
11922,0,0,0,0,0,0
11923,2,0,0,0,2,2
11924,0,0,0,0,0,0
11925,0,0,0,0,0,0
11926,494,48,283,449,246,255
11927,0,21,1,10,19,21
11928,0,0,1,1,1,1
11929,0,0,0,0,0,0
11930,0,0,0,0,0,0
11931,0,0,0,0,0,0
11932,0,0,0,0,0,0
11933,1,24,29,112,104,146
11934,0,4,0,0,1,0
11935,0,0,0,0,0,0
11936,8,9,3,5,1,1
11937,2,1,1,0,0,0
11938,0,0,0,0,0,0
11939,0,0,0,0,0,0
11940,0,0,0,0,0,0
11941,0,3,24,51,56,59
11942,0,0,0,0,0,0
11943,0,0,0,0,0,0
11944,0,0,0,0,4,2
11945,3,4,0,0,1,1
11946,0,0,0,0,0,0
11947,0,1,2,0,2,1
11948,0,0,0,0,0,0
11949,0,0,0,0,0,0
11950,0,0,0,0,0,0
11951,0,0,0,0,0,0
11952,0,0,0,0,0,0
11953,2,0,0,0,0,0
11954,0,0,8,3,4,4
11955,0,0,0,0,0,0
11956,44,14,120,29,60,64
11957,1,1,1,0,0,0
11958,2,0,3,0,0,0
11959,43,7,42,32,68,70
11960,1,0,0,1,0,0
11961,0,0,0,2,0,0
11962,0,0,0,0,0,0
11963,0,0,0,3,1,1
11964,0,0,0,0,0,0
11965,0,0,0,0,0,0
11966,0,0,0,0,0,0
11967,3,37,4,19,44,44
11968,0,0,0,0,0,0
11969,0,0,0,0,0,0
11970,0,2,2,0,0,0
11971,0,0,2,0,2,0
11972,0,0,0,0,0,0
11973,0,0,1,0,0,0
11974,1,2,9,11,3,1
11975,5,13,50,34,31,25
11976,0,0,0,0,0,0
11977,0,0,0,0,0,0
11978,0,0,0,0,0,0
11979,0,0,0,0,0,0
11980,0,0,0,0,0,0
11981,0,0,0,0,0,0
11982,0,1,1,0,0,0
11983,0,0,0,0,0,0
11984,0,0,0,0,0,0
11985,0,0,0,0,0,0
11986,0,0,0,0,0,0
11987,0,0,1,2,3,3
11988,0,0,0,0,0,0
11989,0,0,0,0,0,0
11990,24,2,0,10,7,6
11991,0,1,0,0,1,1
11992,0,0,4,0,1,2
11993,34,50,47,58,54,55
11994,0,0,0,0,0,0
11995,0,2,140,27,22,19
11996,0,0,5,0,0,0
11997,1,16,6,6,4,6
11998,0,0,0,0,0,0
11999,0,0,0,0,0,0
12000,222,130,26,12,7,8
12001,0,0,0,0,0,0
12002,0,0,0,0,0,0
12003,0,0,0,0,0,0
12004,0,0,0,0,0,0
12005,0,0,0,0,0,0
12006,0,0,0,0,0,0
12007,371,28,67,82,60,60
12008,0,0,0,0,0,0
12009,0,0,0,0,0,0
12010,9,16,10,9,143,111
12011,0,0,0,0,0,0
12012,5,38,5,9,7,5
12013,2,0,0,0,0,0
12014,0,1,2,0,0,0
12015,0,0,0,1,1,0
12016,0,0,0,0,0,0
12017,3,2,2,1,0,0
12018,0,0,0,0,0,0
12019,0,0,0,0,0,0
12020,0,0,1,0,0,0
12021,1,10,0,0,0,0
12022,0,0,0,0,0,0
12023,0,0,0,0,0,0
12024,0,1,7,1,2,5
12025,0,0,0,0,0,0
12026,0,0,0,2,2,1
12027,0,0,0,0,0,0
12028,0,0,0,0,0,0
12029,0,0,0,0,0,0
12030,0,0,0,0,0,0
12031,0,0,1,0,0,0
12032,0,0,0,0,0,0
12033,0,6,6,39,49,48
12034,11,2,7,0,1,1
12035,0,0,0,0,0,0
12036,7,7,9,17,18,16
12037,0,0,0,0,0,0
12038,0,0,0,0,0,0
12039,0,0,0,4,7,8
12040,0,0,0,0,0,1
12041,0,0,0,0,0,0
12042,0,0,0,0,0,0
12043,0,0,0,0,0,0
12044,0,0,0,0,0,0
12045,0,0,0,0,0,0
12046,5,0,0,0,0,0
12047,0,0,0,0,0,0
12048,0,0,0,0,0,0
12049,0,0,0,1,0,2
12050,0,5,0,3,1,1
12051,0,0,0,0,0,0
12052,0,0,0,0,0,0
12053,3,27,14,7,6,5
12054,0,0,0,0,0,0
12055,0,0,0,0,0,0
12056,0,0,0,0,0,0
12057,0,7,3,18,24,27
12058,0,0,0,0,0,0
12059,0,0,0,0,0,0
12060,0,0,0,1,1,2
12061,4,34,44,149,127,136
12062,0,0,2,0,0,0
12063,55,216,240,269,256,264
12064,0,0,0,0,1,0
12065,0,0,0,0,0,0
12066,0,0,0,0,0,0
12067,0,0,0,0,0,0
12068,1,0,4,4,4,3
12069,0,0,0,0,0,0
12070,0,0,0,0,0,0
12071,0,0,0,0,0,0
12072,1,1,19,24,10,14
12073,3,0,0,0,2,1
12074,6,14,14,7,10,9
12075,1,0,0,0,0,0
12076,0,0,0,0,0,0
12077,1,18,28,40,38,36
12078,1,0,0,2,2,2
12079,39,20,40,152,82,95
12080,0,0,0,0,0,0
12081,1,0,0,0,0,0
12082,1,0,0,1,1,1
12083,0,0,3,27,50,59
12084,0,0,0,0,0,0
12085,0,0,0,2,4,4
12086,0,0,2,0,0,0
12087,11,172,156,121,197,211
12088,0,1,10,3,3,3
12089,0,0,0,0,0,0
12090,0,0,0,0,0,0
12091,0,0,0,0,0,0
12092,418,880,868,580,442,559
12093,0,0,0,0,0,0
12094,0,0,0,0,0,0
12095,0,0,0,0,0,0
12096,0,0,0,0,1,0
12097,0,0,0,1,1,1
12098,0,0,0,0,0,0
12099,156,46,395,161,197,197
12100,0,0,0,0,0,0
12101,0,0,0,0,0,0
12102,0,0,0,0,0,0
12103,0,0,0,0,0,0
12104,0,0,0,0,0,0
12105,0,0,1,0,0,0
12106,0,0,0,0,0,0
12107,0,0,0,0,0,0
12108,0,0,0,1,1,1
12109,0,0,0,0,0,0
12110,0,0,0,0,0,0
12111,0,0,2,2,0,0
12112,0,0,0,0,0,0
12113,0,0,0,0,0,0
12114,0,0,0,0,0,0
12115,0,0,0,0,0,0
12116,0,0,0,0,0,0
12117,0,0,0,0,0,0
12118,0,0,0,0,0,0
12119,0,0,0,0,0,0
12120,2,2,2,4,5,3
12121,0,0,0,0,0,0
12122,0,0,0,0,0,0
12123,0,0,0,1,0,1
12124,0,0,0,0,0,0
12125,0,0,0,0,0,0
12126,1,1,13,29,36,36
12127,0,0,0,0,0,0
12128,1,0,0,0,0,0
12129,0,0,0,0,0,0
12130,0,0,0,0,0,0
12131,1,0,0,1,1,1
12132,0,0,0,0,0,0
12133,0,0,2,0,0,0
12134,0,0,0,0,0,0
12135,0,0,0,1,1,1
12136,0,0,0,0,0,0
12137,0,0,0,0,0,0
12138,0,0,1,1,2,2
12139,0,0,2,7,4,5
12140,0,0,0,0,0,0
12141,0,0,0,0,0,0
12142,0,0,0,0,0,0
12143,0,0,0,0,0,0
12144,123,311,316,538,659,582
12145,0,0,0,0,0,0
12146,0,0,0,0,0,0
12147,0,0,0,0,0,0
12148,0,0,0,0,0,0
12149,0,0,0,0,0,0
12150,361,1,4,5,5,3
12151,0,0,4,2,3,1
12152,0,0,0,0,0,0
12153,1,2,62,92,64,55
12154,0,0,0,0,0,0
12155,0,0,0,0,0,0
12156,0,1,0,0,0,0
12157,0,0,0,0,0,0
12158,0,0,0,0,0,0
12159,1,0,0,0,0,0
12160,1,7,4,52,45,41
12161,0,0,0,0,0,0
12162,0,0,0,1,1,1
12163,0,0,0,0,0,0
12164,0,0,0,0,0,0
12165,0,0,0,0,0,0
12166,0,12,9,9,16,9
12167,1,0,0,0,0,0
12168,145,542,534,479,277,307
12169,0,0,0,0,0,0
12170,6,1,20,0,1,2
12171,0,0,0,0,0,0
12172,0,0,0,0,0,0
12173,0,9,0,1,0,0
12174,0,0,0,0,0,0
12175,8,1,18,18,29,32
12176,0,0,0,0,0,0
12177,0,3,2,2,1,1
12178,0,0,0,0,0,0
12179,464,29,0,0,0,0
12180,7,4,4,0,0,0
12181,0,0,0,0,0,0
12182,3,17,35,44,59,58
12183,0,0,1,1,1,1
12184,3,0,0,0,0,0
12185,0,0,0,0,0,0
12186,0,4,2,0,0,0
12187,0,0,0,0,0,0
12188,0,0,0,0,0,0
12189,20,15,7,10,10,9
12190,1,0,2,2,3,2
12191,0,0,0,0,0,0
12192,0,0,0,0,0,0
12193,532,106,179,145,125,118
12194,0,0,0,0,0,0
12195,0,0,0,0,0,0
12196,0,0,0,0,0,0
12197,1,0,0,0,0,0
12198,0,0,0,0,0,0
12199,67,142,1,57,61,66
12200,0,0,0,0,0,0
12201,0,0,0,0,0,0
12202,7,2,15,1,1,3
12203,5,16,95,198,106,181
12204,0,0,0,0,0,0
12205,0,0,0,0,0,0
12206,1,6,1,0,0,0
12207,30,16,2,14,26,29
12208,0,0,0,0,0,0
12209,0,0,2,0,3,3
12210,0,0,0,0,0,0
12211,1,0,0,0,0,0
12212,1,0,0,0,0,0
12213,0,0,0,0,0,0
12214,2,6,52,98,121,126
12215,1,7,74,129,74,109
12216,0,0,0,0,0,0
12217,0,0,0,0,0,0
12218,0,0,0,0,0,0
12219,0,0,25,0,0,0
12220,0,0,1,0,0,0
12221,0,0,0,0,0,0
12222,46,22,2,2,4,4
12223,0,0,0,0,0,0
12224,0,0,0,0,0,0
12225,1,0,0,0,0,0
12226,0,0,0,0,0,0
12227,0,0,2,1,0,1
12228,1,0,1,0,0,0
12229,107,94,123,15,54,52
12230,0,0,0,0,0,0
12231,1,0,0,0,0,0
12232,0,0,0,0,0,0
12233,0,1,0,0,0,0
12234,0,0,4,1,0,1
12235,3,8,6,27,26,28
12236,1032,964,1322,1035,1027,1051
12237,0,0,1,0,9,6
12238,11,1,1,2,1,1
12239,0,0,0,3,0,0
12240,0,0,0,1,0,0
12241,0,1,24,8,8,7
12242,0,0,0,0,0,0
12243,1,1,9,14,8,6
12244,25,30,45,48,50,44
12245,0,0,0,0,0,0
12246,0,0,0,0,0,0
12247,1,2,4,3,5,5
12248,0,0,0,0,0,0
12249,0,0,0,0,0,0
12250,0,0,0,0,0,0
12251,5,222,68,22,32,41
12252,12,62,81,39,39,39
12253,3,0,1,0,0,0
12254,0,0,0,0,0,0
12255,0,0,0,0,0,0
12256,0,0,0,0,0,0
12257,0,2,0,4,5,6
12258,5,25,2,11,6,9
12259,0,0,0,0,0,0
12260,0,0,0,1,1,1
12261,0,0,0,1,1,3
12262,0,0,0,0,0,0
12263,2,7,0,6,1,1
12264,67,71,179,190,191,223
12265,0,0,1,0,0,0
12266,0,0,0,0,0,0
12267,0,0,0,0,0,0
12268,1,5,1,0,0,0
12269,19,22,28,14,24,19
12270,0,0,0,0,0,0
12271,0,0,0,0,0,0
12272,0,0,5,6,11,5
12273,0,0,0,0,0,0
12274,220,77,37,59,78,69
12275,0,0,0,0,0,0
12276,0,0,0,2,3,2
12277,0,0,4,8,5,5
12278,1,15,6,16,10,12
12279,0,0,0,0,0,0
12280,20,25,12,9,20,14
12281,0,0,0,0,0,0
12282,0,0,0,0,0,0
12283,4,53,63,26,26,30
12284,0,2,1,1,0,1
12285,0,0,0,0,0,0
12286,0,0,5,4,4,4
12287,0,0,0,0,0,0
12288,0,0,0,0,0,0
12289,4,1,2,2,0,0
12290,0,2,1,2,7,6
12291,0,0,0,0,0,0
12292,0,0,0,0,0,0
12293,0,0,0,0,0,0
12294,149,0,322,164,201,204
12295,0,0,0,0,0,0
12296,0,0,0,1,1,1
12297,5,1,10,13,9,7
12298,0,1,0,0,0,0
12299,79,173,9,12,10,10
12300,110,176,106,379,415,392
12301,4,0,1,3,1,0
12302,3,27,14,21,22,27
12303,0,0,0,0,0,0
12304,0,0,3,1,1,1
12305,0,0,0,0,0,0
12306,0,1,2,9,0,0
12307,0,0,0,0,0,0
12308,0,7,0,0,1,1
12309,0,0,3,1,2,2
12310,2,1,2,0,0,0
12311,0,1,0,0,0,0
12312,0,0,8,7,1,4
12313,0,0,0,0,0,0
12314,0,0,0,0,0,0
12315,0,0,0,13,22,26
12316,0,0,0,0,0,0
12317,0,9,9,1,2,2
12318,0,0,0,0,0,0
12319,0,2,0,3,3,3
12320,1,0,10,11,15,14
12321,0,0,0,0,0,0
12322,0,0,1,0,0,0
12323,0,0,0,0,0,0
12324,0,0,1,0,0,0
12325,0,0,0,0,0,0
12326,0,0,0,0,0,0
12327,1,1,3,1,1,1
12328,0,0,0,0,0,0
12329,0,0,0,0,0,0
12330,0,0,0,0,0,0
12331,0,0,1,1,1,1
12332,0,0,0,0,0,0
12333,0,0,1,0,0,0
12334,0,0,0,0,0,0
12335,11,8,15,10,8,8
12336,0,0,0,0,0,0
12337,12,10,14,14,11,9
12338,0,0,0,0,0,0
12339,0,0,0,0,0,0
12340,0,0,0,0,0,0
12341,0,24,10,7,4,12
12342,0,0,0,1,0,0
12343,476,372,452,476,506,518
12344,0,0,11,3,2,2
12345,0,0,0,0,1,1
12346,6,0,8,14,11,12
12347,1,7,9,26,32,29
12348,0,0,2,1,1,3
12349,4,0,0,2,4,5
12350,6,4,1,0,0,0
12351,0,0,0,0,0,0
12352,0,0,0,0,0,0
12353,482,339,108,107,75,58
12354,0,0,0,0,0,0
12355,3,3,0,1,0,0
12356,0,0,0,0,0,0
12357,0,0,0,0,0,0
12358,64,75,51,68,60,57
12359,0,0,0,0,0,0
12360,0,0,0,0,0,0
12361,5,5,4,2,2,2
12362,0,0,0,0,0,0
12363,0,1,2,13,12,16
12364,0,0,0,0,0,0
12365,1,0,3,0,0,0
12366,12,18,16,4,1,1
12367,0,0,0,0,0,0
12368,0,0,0,0,0,0
12369,0,0,0,0,0,0
12370,0,7,13,5,0,1
12371,2,0,8,9,12,9
12372,0,0,0,0,0,1
12373,0,0,0,0,0,0
12374,0,1,0,0,0,0
12375,0,0,0,0,1,2
12376,1,1,9,12,14,13
12377,0,0,0,0,0,0
12378,0,0,0,0,0,0
12379,0,0,1,1,1,2
12380,0,0,0,0,0,0
12381,2,2,0,0,0,0
12382,0,0,0,0,0,0
12383,9,0,3,0,0,0
12384,2,1,0,0,0,0
12385,0,0,1,7,7,12
12386,0,0,1,0,0,1
12387,0,0,0,0,0,0
12388,4,0,0,0,0,0
12389,6,48,1,3,5,4
12390,0,1,20,15,19,22
12391,0,0,0,0,0,0
12392,0,0,0,0,0,0
12393,0,0,0,0,0,0
12394,0,1,107,37,67,71
12395,0,0,0,0,0,0
12396,0,3,86,40,80,91
12397,0,0,0,0,0,0
12398,0,0,0,1,0,0
12399,1,1,1,0,0,0
12400,2,1,0,0,0,0
12401,0,0,2,0,0,0
12402,0,0,0,0,0,0
12403,0,0,0,0,0,0
12404,0,0,0,0,0,0
12405,0,0,0,0,0,0
12406,0,0,0,0,0,0
12407,0,0,0,0,0,0
12408,1,0,0,0,0,0
12409,0,0,0,0,0,0
12410,0,0,1,0,0,0
12411,0,0,0,0,0,0
12412,0,0,3,0,0,0
12413,0,0,0,0,0,0
12414,0,0,0,1,2,2
12415,0,2,3,39,31,31
12416,0,0,0,0,0,0
12417,0,0,4,4,8,7
12418,0,0,0,0,0,0
12419,0,2,8,2,6,6
12420,0,0,0,0,0,0
12421,0,0,0,0,0,0
12422,0,14,23,75,63,58
12423,0,0,0,0,0,0
12424,0,1,8,34,18,23
12425,0,0,42,5,12,12
12426,0,0,1,0,0,0
12427,0,0,0,0,0,0
12428,2,6,5,2,2,2
12429,0,6,0,6,6,3
12430,29,21,47,92,125,106
12431,0,0,4,1,0,0
12432,0,4,0,5,5,3
12433,0,0,0,0,0,0
12434,6623,3463,2393,1261,602,559
12435,0,4,26,65,92,52
12436,184,89,37,91,104,110
12437,0,0,0,0,0,0
12438,0,0,0,0,0,0
12439,0,0,0,1,1,1
12440,17,3,1,2,1,1
12441,0,0,1,0,1,1
12442,0,0,2,1,0,0
12443,91,41,163,142,140,136
12444,20,5,0,5,67,118
12445,0,0,0,0,0,0
12446,0,0,2,3,3,5
12447,0,0,0,0,0,0
12448,0,0,7,4,0,0
12449,0,0,0,0,0,0
12450,0,0,0,0,0,0
12451,0,0,0,0,0,0
12452,0,0,0,0,0,0
12453,1,0,0,0,0,0
12454,0,0,2,0,0,0
12455,39,20,18,2,5,7
12456,0,0,0,0,0,0
12457,0,14,34,6,53,46
12458,5,2,20,12,19,16
12459,4,66,62,34,35,33
12460,0,0,0,0,0,0
12461,8,8,10,11,16,15
12462,0,0,0,0,1,0
12463,0,2,2,7,6,7
12464,2994,236,652,237,263,145
12465,0,0,0,0,0,0
12466,0,2,1,2,4,5
12467,2,137,11,21,41,37
12468,0,0,0,0,0,0
12469,0,0,0,0,1,1
12470,1,0,0,0,0,0
12471,0,0,0,0,0,0
12472,0,0,0,0,0,0
12473,0,1,7,0,0,0
12474,0,1,0,0,0,0
12475,0,0,0,1,1,1
12476,0,0,0,0,0,0
12477,0,0,0,0,0,0
12478,0,0,0,0,0,0
12479,0,1,0,1,1,1
12480,0,0,0,0,0,0
12481,18,29,297,486,347,264
12482,0,0,0,0,1,0
12483,5,8,5,3,6,5
12484,0,0,0,0,0,0
12485,0,0,2,0,0,0
12486,0,0,0,0,0,0
12487,0,53,82,93,100,91
12488,0,0,3,0,1,1
12489,0,0,1,0,0,0
12490,0,1,2,2,2,2
12491,0,0,0,0,0,0
12492,0,0,1,1,2,1
12493,0,7,25,38,12,13
12494,2,6,12,17,10,12
12495,0,0,0,0,0,0
12496,0,3,2,1,1,1
12497,9,36,38,32,36,38
12498,0,0,0,0,0,0
12499,0,0,0,1,0,0
12500,67,28,21,32,25,28
12501,10,0,0,3,3,2
12502,0,0,0,0,0,0
12503,0,0,0,0,0,0
12504,0,0,0,0,0,0
12505,0,0,0,0,0,0
12506,25,29,267,320,259,320
12507,0,0,0,0,0,0
12508,0,1,1,0,0,0
12509,0,0,2,0,1,1
12510,0,0,0,0,0,0
12511,0,0,0,0,0,0
12512,0,5,5,4,5,4
12513,21,42,20,117,216,165
12514,0,0,0,0,1,1
12515,0,0,0,1,0,0
12516,0,0,0,0,0,0
12517,0,0,0,0,0,0
12518,0,0,0,0,0,0
12519,1,0,1,3,8,7
12520,0,0,0,0,0,0
12521,0,0,0,0,2,2
12522,0,0,0,0,0,0
12523,1,0,0,0,0,0
12524,0,0,0,0,0,0
12525,94,59,95,158,96,114
12526,9,10,20,20,16,18
12527,4,0,9,20,26,31
12528,0,0,1,6,8,6
12529,1,0,0,0,0,0
12530,0,2,27,65,91,135
12531,0,0,0,0,0,0
12532,0,0,0,0,0,0
12533,8,1,4,3,13,9
12534,0,0,0,0,0,0
12535,0,0,0,0,0,0
12536,0,0,0,0,0,0
12537,0,0,0,0,0,0
12538,0,2,0,0,0,0
12539,2,0,0,2,4,5
12540,0,0,0,0,0,0
12541,0,2,3,4,2,1
12542,0,2,9,14,27,30
12543,0,0,0,0,0,0
12544,0,0,0,0,0,0
12545,0,0,0,0,0,0
12546,2,0,2,3,1,2
12547,344,144,875,470,556,486
12548,0,0,0,0,0,0
12549,0,0,0,0,0,0
12550,210,142,23,30,67,83
12551,0,0,0,0,0,0
12552,0,0,10,13,11,10
12553,0,0,0,0,0,0
12554,0,0,0,0,0,0
12555,7,12,25,22,36,32
12556,0,3,4,2,2,1
12557,0,0,0,0,0,0
12558,0,0,0,0,0,0
12559,0,2,1,1,2,1
12560,0,0,0,0,0,0
12561,0,0,0,0,0,0
12562,0,0,0,0,0,0
12563,0,1,0,0,0,0
12564,0,10,20,32,6,8
12565,24,32,38,97,91,83
12566,0,0,0,0,0,0
12567,0,0,0,1,1,0
12568,0,0,0,0,0,0
12569,0,19,0,3,0,0
12570,0,8,1,0,3,0
12571,0,0,0,1,0,0
12572,0,0,0,0,0,0
12573,0,0,4,0,1,0
12574,3,9,17,12,15,13
12575,0,0,0,0,0,0
12576,0,0,1,1,1,1
12577,9,1,95,419,425,412
12578,0,0,0,0,0,0
12579,0,0,0,0,0,0
12580,0,0,0,1,1,1
12581,0,0,0,0,0,0
12582,68,698,317,248,297,317
12583,2,0,5,4,4,4
12584,0,0,0,0,0,0
12585,0,0,0,0,0,0
12586,0,0,0,0,0,0
12587,0,0,0,0,0,0
12588,0,0,0,0,0,0
12589,0,0,0,1,1,1
12590,0,0,0,0,0,0
12591,1,1,2,21,17,11
12592,0,0,0,0,0,0
12593,0,0,0,0,0,0
12594,0,0,0,0,0,0
12595,0,0,2,4,0,0
12596,0,3,2,0,0,0
12597,0,0,0,2,2,2
12598,0,0,1,0,0,0
12599,0,0,0,0,0,0
12600,0,0,0,0,0,0
12601,0,0,0,0,0,0
12602,0,0,0,0,0,0
12603,0,0,0,0,0,0
12604,0,0,0,0,0,0
12605,31,24,3,1,3,4
12606,0,0,0,0,0,0
12607,0,3,2,7,5,5
12608,0,0,0,0,0,0
12609,42,22,25,16,25,19
12610,29,24,6,4,17,15
12611,0,0,0,0,0,0
12612,0,0,0,0,0,0
12613,0,0,0,0,0,0
12614,0,0,2,0,0,0
12615,0,0,0,0,0,0
12616,0,5,3,2,3,2
12617,0,6,4,19,8,5
12618,0,0,0,0,0,0
12619,2,1,2,1,1,1
12620,0,0,0,0,0,0
12621,0,0,0,0,0,0
12622,0,0,0,12,8,8
12623,0,0,0,0,0,0
12624,0,0,0,0,0,0
12625,29,183,142,129,128,123
12626,0,0,0,0,0,0
12627,52,114,72,222,226,226
12628,1,32,87,144,74,79
12629,0,0,0,1,1,1
12630,0,0,0,0,0,0
12631,0,0,0,0,0,0
12632,0,0,0,0,0,0
12633,0,0,0,0,0,0
12634,0,2,0,0,0,0
12635,0,0,0,0,0,0
12636,0,0,18,5,13,13
12637,0,0,0,0,0,0
12638,0,0,0,0,1,1
12639,0,0,0,0,0,0
12640,0,0,0,0,0,0
12641,0,0,0,0,0,0
12642,0,0,0,0,0,0
12643,0,0,0,0,0,0
12644,0,0,0,0,0,0
12645,4,31,11,12,2,4
12646,0,0,0,0,0,0
12647,2,13,280,161,176,127
12648,1,10,53,38,74,85
12649,0,0,0,0,0,0
12650,0,0,0,0,0,0
12651,0,0,0,0,0,0
12652,0,0,1,0,0,0
12653,0,0,0,0,0,0
12654,0,0,0,0,0,0
12655,0,0,0,0,0,0
12656,1,4,22,21,24,18
12657,0,0,0,3,0,2
12658,0,0,11,19,16,18
12659,0,0,0,0,0,0
12660,0,0,0,1,0,0
12661,0,0,0,0,0,0
12662,0,0,0,0,0,0
12663,0,1,0,1,1,2
12664,0,8,8,20,22,23
12665,0,0,0,0,0,0
12666,3,0,13,0,0,0
12667,0,0,0,0,0,0
12668,249,21,70,16,17,29
12669,2,0,0,0,0,0
12670,1,0,0,0,0,0
12671,1,1,0,5,3,3
12672,0,0,2,0,0,0
12673,0,12,5,25,14,12
12674,0,0,0,0,0,0
12675,0,0,0,0,0,0
12676,0,0,0,0,0,0
12677,3,40,20,3,3,5
12678,0,0,0,0,0,0
12679,23,37,26,13,12,12
12680,0,0,0,0,0,0
12681,0,0,0,0,0,0
12682,0,0,0,0,0,0
12683,0,2,0,1,0,0
12684,0,0,0,0,0,0
12685,2,3,1,0,0,0
12686,0,0,0,0,0,0
12687,7,92,99,38,158,235
12688,0,2,2,3,2,2
12689,0,0,0,0,0,0
12690,3,0,0,0,0,0
12691,0,0,0,0,0,0
12692,0,3,1,1,1,1
12693,0,0,0,0,0,0
12694,0,0,1,1,2,2
12695,0,0,0,0,0,0
12696,0,0,0,0,0,0
12697,0,0,0,0,0,0
12698,7,5,15,24,15,18
12699,0,2,0,3,3,2
12700,0,0,0,0,0,0
12701,0,0,0,0,0,0
12702,0,0,0,0,0,0
12703,0,0,0,0,0,0
12704,0,0,0,0,0,0
12705,0,0,0,0,0,0
12706,1,0,4,5,4,4
12707,0,0,6,3,3,5
12708,0,0,0,0,0,0
12709,0,0,0,0,0,0
12710,4,2,17,13,12,13
12711,64,522,25,104,160,198
12712,10,31,28,4,9,8
12713,9693,11700,3160,1660,1547,1670
12714,60,4,14,12,16,16
12715,0,0,0,0,0,0
12716,0,0,0,0,0,0
12717,0,0,0,0,0,0
12718,0,0,0,0,0,0
12719,0,0,0,0,0,0
12720,0,0,0,0,0,0
12721,0,11,9,8,9,9
12722,0,0,0,0,0,0
12723,0,0,0,0,1,0
12724,11,1,9,23,15,18
12725,0,0,0,0,0,0
12726,9,2,1,0,0,0
12727,0,0,0,0,0,0
12728,0,0,0,1,1,1
12729,12,17,109,93,85,66
12730,0,0,2,1,1,0
12731,0,0,0,0,0,0
12732,0,0,0,0,1,1
12733,0,0,0,0,0,0
12734,0,0,0,0,0,0
12735,0,0,0,0,0,0
12736,0,0,0,0,0,0
12737,2,0,1,3,9,12
12738,0,0,0,0,0,0
12739,0,0,0,4,7,6
12740,1,4,10,0,0,0
12741,0,0,0,0,0,0
12742,0,0,1,0,0,0
12743,0,0,0,0,0,0
12744,6,0,6,6,4,4
12745,0,0,0,0,0,0
12746,0,0,0,0,0,0
12747,0,2,0,0,0,0
12748,0,0,0,0,0,0
12749,0,0,0,0,0,0
12750,0,0,0,0,1,1
12751,0,0,1,1,1,1
12752,209,0,84,75,83,91
12753,0,0,0,0,0,0
12754,0,0,0,0,0,0
12755,0,0,0,5,3,3
12756,0,8,10,13,14,15
12757,0,0,2,0,0,0
12758,0,0,0,0,0,0
12759,0,0,0,0,0,0
12760,0,0,0,0,0,0
12761,0,0,4,2,3,2
12762,0,0,0,0,0,0
12763,0,0,0,0,0,0
12764,0,1,0,1,1,1
12765,0,0,0,0,0,0
12766,0,0,0,0,0,0
12767,0,0,0,0,0,0
12768,0,0,0,1,0,0
12769,0,1,0,0,0,0
12770,128,57,108,116,103,102
12771,0,0,0,0,0,0
12772,0,1,2,0,0,0
12773,0,0,0,0,0,0
12774,0,0,0,0,0,0
12775,0,0,0,0,0,0
12776,0,0,0,0,0,0
12777,0,0,0,2,1,1
12778,0,0,0,0,1,1
12779,0,0,0,0,0,0
12780,0,0,0,0,0,0
12781,0,0,0,0,0,0
12782,0,0,1,0,0,0
12783,2,5,14,21,40,95
12784,1,0,0,1,2,1
12785,0,0,0,0,0,0
12786,1,1,0,0,0,0
12787,0,0,0,0,0,0
12788,0,0,0,0,0,0
12789,14,11,0,4,1,2
12790,1,0,0,3,3,4
12791,0,0,0,0,0,0
12792,0,0,0,3,1,1
12793,0,0,0,0,0,0
12794,0,0,0,0,2,0
12795,0,0,0,0,0,0
12796,0,0,0,0,0,0
12797,0,0,0,0,0,0
12798,0,0,1,0,0,0
12799,0,0,0,0,0,0
12800,0,0,0,0,0,0
12801,0,0,0,0,0,0
12802,0,0,0,0,0,0
12803,0,0,0,0,5,14
12804,0,0,0,0,0,0
12805,0,1,9,22,23,26
12806,0,0,0,0,0,0
12807,0,4,3,0,0,0
12808,0,1,1,2,2,2
12809,0,0,0,0,0,0
12810,0,0,0,0,0,0
12811,0,0,0,1,1,1
12812,0,0,1,10,8,5
12813,5,0,2,1,1,2
12814,4,0,0,0,0,0
12815,0,0,0,0,0,0
12816,0,18,1,1,0,1
12817,0,0,0,0,0,0
12818,0,0,0,0,0,0
12819,0,3,1,1,1,1
12820,0,3,2,0,0,0
12821,0,1,0,0,0,0
12822,0,0,0,0,1,1
12823,0,0,0,0,0,0
12824,8,16,5,2,5,5
12825,0,0,0,0,0,0
12826,0,1,0,0,0,0
12827,0,0,0,0,0,0
12828,0,0,0,0,0,0
12829,3,0,14,4,10,9
12830,0,0,0,0,0,0
12831,0,0,0,0,0,0
12832,0,0,1,0,0,0
12833,0,0,0,0,0,0
12834,0,0,0,0,0,0
12835,13,26,12,48,7,7
12836,0,0,1,1,1,1
12837,39,6,10,1,4,3
12838,3,0,14,6,4,2
12839,0,0,0,0,0,0
12840,0,0,0,0,1,0
12841,0,0,2,2,0,0
12842,0,0,41,43,54,58
12843,270,230,162,160,213,220
12844,0,0,0,0,0,0
12845,0,0,0,0,0,0
12846,0,0,0,0,0,0
12847,0,0,0,0,0,0
12848,0,0,3,1,2,2
12849,4,3,34,42,35,54
12850,0,0,2,0,0,0
12851,0,0,0,0,1,2
12852,0,1,0,0,0,0
12853,0,0,0,0,0,0
12854,0,0,0,0,0,0
12855,0,0,0,0,0,0
12856,0,0,0,1,0,0
12857,4,6,5,2,1,1
12858,23,21,18,22,20,21
12859,0,0,0,3,4,7
12860,0,9,1,7,6,4
12861,0,0,0,0,0,0
12862,0,0,0,0,0,0
12863,0,0,0,0,0,0
12864,0,7,0,4,1,3
12865,4,0,2,16,16,22
12866,2,356,696,970,582,724
12867,10,6,0,0,0,0
12868,0,0,0,0,0,0
12869,0,0,0,0,0,0
12870,0,0,0,1,1,1
12871,0,9,9,11,35,35
12872,0,0,0,0,0,0
12873,1,0,0,0,0,0
12874,0,0,0,0,0,0
12875,0,0,18,21,17,16
12876,0,0,1,1,1,2
12877,0,29,0,0,0,0
12878,13,1,0,3,2,2
12879,1,0,1,0,0,0
12880,0,0,0,0,0,0
12881,0,2,0,4,2,2
12882,0,0,0,0,0,0
12883,2,0,0,3,0,0
12884,0,0,0,0,0,0
12885,0,0,0,0,0,0
12886,0,0,0,1,1,1
12887,0,0,0,0,0,0
12888,1,6,0,1,0,0
12889,0,0,0,0,0,0
12890,0,16,4,12,14,15
12891,21,759,168,197,245,238
12892,0,0,0,0,0,0
12893,0,0,0,0,0,0
12894,0,0,0,0,0,0
12895,0,15,37,34,25,24
12896,0,1,1,2,1,1
12897,0,0,3,0,0,0
12898,0,0,0,0,0,0
12899,0,0,0,0,0,0
12900,0,0,0,0,0,0
12901,0,0,0,0,0,0
12902,0,0,0,0,0,0
12903,0,0,0,1,2,1
12904,0,0,0,0,0,0
12905,0,0,0,0,0,0
12906,0,0,0,0,0,0
12907,0,0,0,0,0,0
12908,0,0,0,0,0,0
12909,0,11,82,183,79,77
12910,0,0,2,1,0,0
12911,16,0,2,0,0,0
12912,0,2,1,1,1,1
12913,0,0,0,0,0,0
12914,71,26,4,1,14,7
12915,0,0,0,0,0,0
12916,1,22,25,24,22,24
12917,0,0,0,0,1,1
12918,0,0,0,0,1,1
12919,0,0,1,0,0,0
12920,0,0,0,0,0,0
12921,0,0,3,0,1,1
12922,0,0,0,0,0,0
12923,0,0,0,1,0,0
12924,0,0,0,0,0,0
12925,0,0,0,0,0,0
12926,18,7,52,95,211,243
12927,0,0,0,5,4,4
12928,0,0,0,0,0,0
12929,0,0,0,0,0,0
12930,0,0,0,0,0,0
12931,1,1,2,11,11,11
12932,0,1,0,1,0,0
12933,0,0,0,0,0,0
12934,0,0,0,0,0,0
12935,3,11,11,9,15,9
12936,0,0,0,0,0,0
12937,0,1,3,12,2,4
12938,0,0,0,0,0,0
12939,0,0,0,0,0,0
12940,0,0,0,0,0,0
12941,171,184,484,134,149,167
12942,0,0,0,0,0,0
12943,0,0,0,1,1,0
12944,0,0,0,0,0,0
12945,2,14,65,8,19,21
12946,0,0,0,0,0,0
12947,3,0,21,0,0,0
12948,0,0,0,0,0,0
12949,9,0,3,8,12,13
12950,0,0,0,0,0,0
12951,0,0,0,0,0,0
12952,0,0,0,0,0,0
12953,3,5,3,4,5,6
12954,0,0,0,0,0,0
12955,0,0,0,0,0,0
12956,0,1,0,0,1,2
12957,2,0,0,0,0,0
12958,0,0,0,2,3,2
12959,0,0,0,0,0,0
12960,9,2,3,0,1,2
12961,228,301,700,322,388,379
12962,0,0,0,0,0,0
12963,0,0,0,0,0,0
12964,1,6,0,1,0,0
12965,0,0,0,0,0,0
12966,0,0,0,0,0,0
12967,0,0,0,0,0,0
12968,54,89,49,62,64,59
12969,0,0,0,0,0,0
12970,0,0,1,1,0,0
12971,0,0,0,0,0,0
12972,1,3,0,0,0,0
12973,0,0,0,0,0,0
12974,0,0,0,0,0,0
12975,0,0,0,0,0,0
12976,0,0,0,0,0,0
12977,22,26,30,33,42,50
12978,0,0,0,0,0,0
12979,0,0,0,0,0,0
12980,0,0,0,0,0,0
12981,0,0,0,0,0,0
12982,0,0,0,0,0,0
12983,0,0,0,0,1,1
12984,0,0,3,19,23,22
12985,0,0,0,0,0,0
12986,0,0,0,2,0,0
12987,0,0,0,1,1,1
12988,0,3,2,0,1,1
12989,2,27,11,6,19,19
12990,0,1,1,2,3,3
12991,0,0,0,0,0,0
12992,0,0,0,0,0,0
12993,0,0,0,1,1,1
12994,0,0,0,1,0,0
12995,0,0,0,0,0,0
12996,0,0,2,0,0,0
12997,0,0,0,0,0,0
12998,0,0,0,0,0,0
12999,5,0,0,1,1,1
13000,53,35,30,44,44,35
13001,0,0,0,0,0,0
13002,0,0,0,0,0,0
13003,2,1,2,5,4,6
13004,0,0,0,0,0,0
13005,0,0,0,0,0,0
13006,6,8,11,81,37,55
13007,0,0,0,0,0,0
13008,0,0,0,0,0,0
13009,0,0,0,0,0,0
13010,0,2,0,2,0,2
13011,0,0,0,0,0,0
13012,1,0,0,1,0,0
13013,0,0,0,0,0,0
13014,0,0,0,0,0,0
13015,0,0,0,0,0,0
13016,0,0,5,5,8,8
13017,10,1,2,1,2,3
13018,0,0,0,0,0,0
13019,0,0,0,0,0,0
13020,21,61,15,47,38,38
13021,0,0,0,0,0,0
13022,0,0,0,0,0,0
13023,0,0,0,0,1,2
13024,0,0,0,0,0,0
13025,2,0,0,0,0,0
13026,0,0,0,0,0,0
13027,0,0,0,0,0,0
13028,0,0,0,0,0,0
13029,0,0,0,1,2,4
13030,0,0,0,0,0,0
13031,0,0,1,2,3,2
13032,0,0,0,0,0,0
13033,7,3,63,18,109,79
13034,0,0,0,0,0,0
13035,0,0,0,0,0,0
13036,0,0,1,3,4,3
13037,2,9,13,36,26,26
13038,0,0,0,0,0,0
13039,0,0,0,0,0,0
13040,0,0,0,0,0,0
13041,1,21,1,0,0,0
13042,0,0,0,0,0,0
13043,2,1,0,0,0,0
13044,0,0,0,0,0,0
13045,0,0,0,0,0,0
13046,44,9,7,13,10,10
13047,0,0,0,0,0,0
13048,29,183,529,247,705,555
13049,0,2,0,1,1,1
13050,20,7,87,89,72,79
13051,0,0,0,0,0,0
13052,0,0,0,0,0,0
13053,0,0,0,0,0,0
13054,0,0,0,0,0,0
13055,0,0,0,0,0,0
13056,0,0,0,0,0,0
13057,0,0,0,1,1,1
13058,0,2,1,2,2,2
13059,0,0,0,0,0,0
13060,3,39,198,22,9,13
13061,0,0,0,0,0,0
13062,44,7,65,129,260,230
13063,0,0,0,0,0,0
13064,0,0,0,0,0,0
13065,0,0,2,11,27,22
13066,0,0,1,1,6,7
13067,0,4,15,21,7,12
13068,0,0,0,0,0,0
13069,0,0,0,0,0,0
13070,0,0,0,0,0,0
13071,1,5,1,13,9,11
13072,0,0,3,1,1,1
13073,7,55,25,0,9,9
13074,0,0,0,0,0,0
13075,0,0,0,0,0,0
13076,0,12,1,1,16,12
13077,0,0,0,0,0,0
13078,0,0,0,0,0,0
13079,0,0,0,0,0,0
13080,0,5,0,0,0,0
13081,0,0,1,0,0,0
13082,0,0,0,0,0,0
13083,1,0,0,1,1,1
13084,0,0,0,0,0,0
13085,0,0,0,0,0,0
13086,0,0,0,0,0,0
13087,0,0,0,0,0,0
13088,0,2,1,2,2,2
13089,0,0,0,0,0,0
13090,0,0,0,0,0,0
13091,0,0,0,0,0,0
13092,0,0,0,0,0,0
13093,4,2,5,8,3,6
13094,0,0,0,0,0,0
13095,0,4,9,1,12,8
13096,0,0,0,0,0,0
13097,0,0,0,0,0,0
13098,3,0,0,0,0,0
13099,0,0,0,0,0,0
13100,0,0,0,0,0,0
13101,0,0,0,0,0,0
13102,0,0,0,10,10,10
13103,23,51,12,26,21,23
13104,1,0,3,1,5,3
13105,9,7,0,3,2,2
13106,0,0,0,0,0,0
13107,2,67,10,7,12,16
13108,0,0,0,0,0,0
13109,0,0,0,1,1,1
13110,0,0,0,1,0,0
13111,35,7,0,0,0,0
13112,0,7,4,8,4,5
13113,11,1,8,2,1,1
13114,0,0,7,4,7,7
13115,0,0,0,0,0,0
13116,0,0,0,0,0,0
13117,1,4,3,2,5,6
13118,0,45,2,11,32,29
13119,0,0,0,0,0,0
13120,0,0,0,0,0,0
13121,0,0,0,0,0,0
13122,0,1,0,0,1,0
13123,0,0,0,0,0,0
13124,0,0,0,0,0,0
13125,0,0,0,0,0,0
13126,0,0,0,1,1,1
13127,0,0,0,0,0,0
13128,0,0,0,0,0,0
13129,0,0,0,0,0,0
13130,0,0,0,0,0,0
13131,0,0,0,0,0,0
13132,0,0,0,0,0,0
13133,1,4,16,22,22,22
13134,0,0,0,1,1,0
13135,0,0,0,0,0,0
13136,1,5,4,1,1,1
13137,0,0,1,0,0,0
13138,0,19,66,78,225,218
13139,0,2,0,0,0,0
13140,0,0,0,0,1,2
13141,1,1,0,1,2,2
13142,0,0,0,0,0,0
13143,0,0,0,0,0,0
13144,0,0,1,0,0,0
13145,1,0,28,34,68,68
13146,0,0,0,0,0,0
13147,5,1,2,0,2,2
13148,0,0,0,0,0,0
13149,0,0,0,0,0,0
13150,0,0,0,0,0,0
13151,0,0,0,0,0,0
13152,98,64,68,46,18,13
13153,69,30,8,3,2,4
13154,0,4,6,9,9,6
13155,0,0,1,1,1,2
13156,0,0,0,0,0,0
13157,0,0,0,0,0,0
13158,0,1,1,2,3,3
13159,1,3,4,3,6,6
13160,0,0,0,0,0,0
13161,0,0,0,0,0,0
13162,0,0,0,0,0,0
13163,0,0,0,0,0,0
13164,0,0,1,1,1,1
13165,0,0,0,0,0,0
13166,0,0,0,0,0,0
13167,0,0,0,0,0,0
13168,0,0,0,0,0,0
13169,0,0,0,0,0,0
13170,5,8,22,4,4,2
13171,0,0,0,1,0,0
13172,47,218,198,216,246,246
13173,0,1,0,0,1,1
13174,1,2,0,0,10,15
13175,5,0,18,5,5,4
13176,0,0,0,0,0,0
13177,0,0,0,1,2,2
13178,0,0,0,0,0,0
13179,0,0,0,2,1,1
13180,0,0,0,0,0,0
13181,1,1,3,2,3,4
13182,0,0,1,0,0,0
13183,0,0,0,0,1,1
13184,8,0,0,0,0,0
13185,0,0,0,0,1,1
13186,0,0,0,1,1,1
13187,9,9,144,83,133,94
13188,0,1,1,0,0,0
13189,0,0,0,0,0,0
13190,0,0,0,0,0,0
13191,0,0,0,1,1,1
13192,0,1,0,0,0,0
13193,0,0,0,2,0,1
13194,0,0,0,0,0,0
13195,8,3,16,0,0,0
13196,0,0,0,0,0,0
13197,0,0,0,0,0,0
13198,0,0,0,0,0,0
13199,0,0,0,0,0,0
13200,0,0,0,0,0,0
13201,88,56,47,73,81,70
13202,45,61,29,26,24,15
13203,0,2,0,2,0,0
13204,6,9,0,3,2,0
13205,0,0,0,0,0,0
13206,0,0,0,0,0,0
13207,0,0,0,0,0,0
13208,0,0,2,3,4,4
13209,0,1,0,4,7,4
13210,0,19,0,9,15,19
13211,0,0,0,0,0,0
13212,0,0,0,0,0,0
13213,0,2,1,0,5,1
13214,0,0,1,1,1,1
13215,0,0,0,0,0,0
13216,2,2,8,0,0,0
13217,0,0,0,0,0,0
13218,0,0,0,0,0,0
13219,1,5,13,24,17,16
13220,0,0,2,9,8,8
13221,1,0,2,1,3,3
13222,0,0,0,0,0,0
13223,0,0,0,0,0,0
13224,0,0,0,0,0,0
13225,0,0,0,0,0,0
13226,0,2,0,0,0,0
13227,0,0,0,0,0,0
13228,0,0,0,0,0,0
13229,0,0,0,0,0,0
13230,0,0,25,2,2,2
13231,0,0,0,0,0,0
13232,0,2,2,12,6,5
13233,0,0,1,1,0,0
13234,0,0,0,0,0,0
13235,0,0,0,0,0,0
13236,0,0,0,0,0,0
13237,26,0,0,0,0,0
13238,1,19,14,26,22,29
13239,0,0,0,5,1,1
13240,0,0,0,0,0,0
13241,0,0,0,0,0,0
13242,0,0,0,2,1,2
13243,0,0,0,0,0,0
13244,519,242,154,204,223,206
13245,0,6,2,1,3,3
13246,0,1,2,1,0,0
13247,0,0,1,3,3,3
13248,0,0,306,979,922,789
13249,0,0,0,0,0,0
13250,6,2,3,8,3,2
13251,0,0,0,0,0,0
13252,0,0,0,0,0,0
13253,0,0,0,0,0,0
13254,0,31,22,16,23,25
13255,0,2,26,34,35,38
13256,0,0,0,0,0,0
13257,0,1,2,0,0,0
13258,4,0,18,21,9,6
13259,8,0,0,0,0,0
13260,7,3,22,4,10,8
13261,12,9,0,0,4,2
13262,0,0,0,0,0,0
13263,21,5,5,2,3,4
13264,0,0,0,0,0,0
13265,0,0,0,0,0,0
13266,0,0,0,0,0,0
13267,0,0,0,0,0,0
13268,0,0,0,1,0,0
13269,7,20,60,27,23,23
13270,0,0,0,0,0,0
13271,0,0,0,0,0,0
13272,0,0,0,0,0,0
13273,0,0,0,0,0,0
13274,0,0,0,0,0,0
13275,2,98,82,68,104,107
13276,0,1,3,4,4,4
13277,7,60,72,134,116,149
13278,1,0,1,0,1,1
13279,20,0,2,0,7,0
13280,0,0,0,0,0,0
13281,9,1,2,6,3,3
13282,1,20,0,7,2,4
13283,0,0,5,18,24,28
13284,0,0,0,0,0,0
13285,0,0,0,0,0,0
13286,0,0,0,0,0,0
13287,0,0,1,0,0,0
13288,0,1,0,0,0,0
13289,0,0,0,0,0,0
13290,51,60,69,49,42,45
13291,0,0,1,1,1,1
13292,6,31,16,17,33,38
13293,0,0,0,0,0,0
13294,0,0,0,0,0,0
13295,0,0,0,0,0,0
13296,0,0,0,0,0,0
13297,0,0,0,0,0,0
13298,0,0,3,3,3,3
13299,0,0,0,0,0,0
13300,0,0,0,0,0,0
13301,2,1,4,0,0,0
13302,268,877,291,242,233,180
13303,0,0,0,0,0,0
13304,0,0,4,3,3,3
13305,0,0,0,0,0,0
13306,0,0,0,1,2,2
13307,0,0,1,1,0,0
13308,0,0,0,0,0,0
13309,0,0,0,0,0,0
13310,0,0,0,0,0,0
13311,0,0,0,0,0,0
13312,0,0,0,0,0,0
13313,3,11,6,15,34,30
13314,0,0,0,0,0,0
13315,0,0,0,0,0,0
13316,78,78,138,91,111,113
13317,3,7,6,15,19,22
13318,0,0,0,0,0,0
13319,0,0,0,0,0,0
13320,0,0,0,0,0,0
13321,0,3,30,11,12,16
13322,14,45,19,232,218,248
13323,3,10,8,12,11,13
13324,0,7,3,2,0,1
13325,0,0,0,0,0,0
13326,6,11,41,18,12,14
13327,77,135,143,360,330,241
13328,2,13,18,16,15,15
13329,0,0,6,0,1,1
13330,2333,1496,1027,783,762,725
13331,0,0,0,0,0,0
13332,2,13,1,0,0,0
13333,0,0,0,0,0,0
13334,11,3,2,3,2,3
13335,14,0,0,1,1,1
13336,0,0,0,0,0,0
13337,0,0,6,14,2,2
13338,0,0,1,6,6,4
13339,0,0,0,0,0,0
13340,0,0,0,0,0,0
13341,0,0,0,0,0,0
13342,0,0,0,0,0,0
13343,0,0,0,0,0,0
13344,2,11,19,53,61,61
13345,0,0,0,0,0,0
13346,0,0,12,39,14,14
13347,0,5,9,5,7,4
13348,0,0,0,0,0,0
13349,0,4,1,1,0,0
13350,1,7,9,4,5,5
13351,0,0,0,0,0,0
13352,12,5,9,6,6,7
13353,21,34,16,12,13,9
13354,0,0,0,0,0,0
13355,0,0,10,7,2,2
13356,0,0,0,0,0,0
13357,0,0,0,0,0,0
13358,0,2,2,2,1,1
13359,0,0,0,0,0,0
13360,0,0,0,0,0,0
13361,36,129,99,27,52,58
13362,0,0,6,0,0,0
13363,0,0,0,0,0,0
13364,0,0,0,0,0,0
13365,0,0,0,0,0,0
13366,392,665,462,339,156,149
13367,0,0,0,0,0,0
13368,1511,1191,1181,1212,875,778
13369,0,0,5,1,2,2
13370,0,1,1,0,0,0
13371,1,0,0,3,1,1
13372,0,25,22,22,30,36
13373,0,0,0,2,0,1
13374,0,0,1,1,2,1
13375,0,0,0,0,0,0
13376,2,0,0,0,0,0
13377,1536,2090,1343,1183,1367,1444
13378,0,0,0,0,0,0
13379,0,0,0,1,1,0
13380,0,3,1,4,4,4
13381,15,17,3,1,15,11
13382,142,175,144,168,184,186
13383,0,0,0,0,0,0
13384,12,1,3,3,3,2
13385,0,1,1,4,5,5
13386,0,0,0,0,0,0
13387,0,0,1,2,2,2
13388,0,0,0,0,0,0
13389,1,0,1,3,2,3
13390,0,0,0,0,1,1
13391,0,0,0,0,0,0
13392,0,0,0,0,0,0
13393,0,0,0,0,0,0
13394,0,0,0,0,0,0
13395,0,0,4,8,9,10
13396,0,0,0,0,0,0
13397,0,0,0,0,0,0
13398,0,0,0,0,0,0
13399,13,66,72,85,49,58
13400,0,0,0,0,0,0
13401,0,0,0,0,0,1
13402,0,0,0,0,0,0
13403,5,5,10,22,19,22
13404,0,0,0,0,0,0
13405,0,0,0,0,0,0
13406,0,0,1,0,1,1
13407,0,0,0,0,0,0
13408,0,3,0,0,0,0
13409,0,0,0,4,8,10
13410,0,0,0,0,0,0
13411,0,0,0,0,0,0
13412,0,3,1,1,0,0
13413,0,0,0,0,0,0
13414,55,3,1,1,0,1
13415,0,0,0,0,0,0
13416,0,0,0,1,0,0
13417,0,1,27,15,11,10
13418,0,0,0,0,0,0
13419,0,0,0,0,0,0
13420,0,0,0,0,0,0
13421,0,0,0,0,0,0
13422,0,0,0,0,0,0
13423,11,48,71,80,111,100
13424,0,0,1,0,0,0
13425,14,2,4,3,1,1
13426,0,0,0,0,0,0
13427,0,1,0,1,0,0
13428,0,0,0,0,0,0
13429,7,2,102,320,355,356
13430,0,0,0,0,0,0
13431,0,0,0,0,0,0
13432,0,0,0,1,1,1
13433,0,5,4,1,10,10
13434,0,0,0,0,0,0
13435,0,0,0,0,0,0
13436,0,0,0,0,0,0
13437,0,0,0,0,0,0
13438,0,0,14,0,1,0
13439,0,0,0,1,1,1
13440,0,0,0,0,1,1
13441,0,1,0,0,0,0
13442,0,0,0,0,0,0
13443,0,0,0,0,0,0
13444,0,0,0,0,0,0
13445,0,0,0,0,0,0
13446,0,0,0,2,2,2
13447,0,0,0,0,0,0
13448,0,0,0,0,0,0
13449,0,0,0,0,0,0
13450,0,0,0,0,0,0
13451,0,0,0,0,0,0
13452,0,0,1,1,3,2
13453,0,0,0,4,3,3
13454,0,0,0,0,0,0
13455,0,0,0,0,0,0
13456,0,0,0,1,1,1
13457,1,2,14,43,42,43
13458,0,0,0,0,0,0
13459,0,0,0,0,0,0
13460,0,0,0,0,0,0
13461,13,3,5,2,4,5
13462,2,31,82,120,114,113
13463,0,0,0,0,0,0
13464,0,0,0,0,0,0
13465,1,0,0,0,0,0
13466,0,0,0,0,0,0
13467,0,0,1,5,4,4
13468,0,0,0,0,0,0
13469,0,3,13,0,0,0
13470,0,0,0,0,0,0
13471,7,7,2,13,5,4
13472,0,0,1,0,2,2
13473,0,0,0,0,0,0
13474,0,2,10,5,6,5
13475,0,0,0,0,0,0
13476,0,1,0,0,0,0
13477,82,130,54,78,43,36
13478,0,0,0,0,0,0
13479,0,0,0,0,0,0
13480,0,0,9,25,20,24
13481,1021,704,2830,1059,944,1025
13482,0,0,0,0,0,0
13483,0,0,1,0,2,2
13484,0,0,0,0,0,0
13485,0,0,0,0,0,0
13486,0,0,4,3,2,2
13487,0,0,0,0,0,0
13488,2,9,1,3,3,3
13489,8,0,0,0,0,0
13490,7,2,30,8,7,7
13491,0,0,0,0,0,0
13492,0,0,0,0,0,0
13493,0,0,2,2,2,2
13494,0,1,3,2,2,2
13495,0,0,0,0,0,0
13496,0,3,9,2,5,4
13497,0,0,1,2,8,9
13498,0,0,0,0,0,0
13499,58,23,17,151,256,161
13500,0,0,0,0,0,0
13501,0,0,0,0,0,0
13502,0,0,0,0,0,0
13503,0,0,0,0,0,0
13504,0,1,1,13,30,22
13505,0,0,0,0,0,0
13506,13,17,84,103,124,147
13507,0,0,1,3,3,2
13508,0,0,0,0,0,0
13509,0,0,0,2,1,2
13510,0,0,0,0,0,0
13511,0,0,1,1,1,1
13512,33,10,11,1,9,9
13513,3,1,4,5,3,3
13514,0,7,2,7,6,7
13515,0,0,0,0,0,0
13516,0,0,1,1,1,1
13517,0,0,0,0,0,0
13518,0,4,3,4,7,6
13519,6,0,0,0,0,0
13520,2764,1698,665,994,592,689
13521,0,0,0,0,0,0
13522,0,0,1,0,0,0
13523,0,0,0,0,0,0
13524,0,0,2,1,1,1
13525,0,0,0,0,0,0
13526,1,0,0,0,0,1
13527,0,0,0,0,0,0
13528,12,2,2,13,2,1
13529,0,0,0,0,0,0
13530,324,171,207,330,245,276
13531,0,0,0,0,0,0
13532,0,1,7,1,2,2
13533,0,0,0,0,0,0
13534,0,0,0,0,0,0
13535,0,0,0,0,0,0
13536,0,0,0,0,0,0
13537,0,0,3,0,0,0
13538,0,0,0,0,0,0
13539,0,0,0,0,0,0
13540,0,0,0,0,0,0
13541,4,7,29,69,63,65
13542,0,0,0,0,0,0
13543,5,1,2,14,0,0
13544,2,0,0,0,0,0
13545,0,0,0,0,0,0
13546,93,13,70,4,26,45
13547,749,727,787,171,71,78
13548,1,2,2,2,6,7
13549,0,0,1,0,0,0
13550,0,0,0,0,0,0
13551,0,0,0,0,2,3
13552,0,0,0,0,0,0
13553,0,0,0,0,0,0
13554,0,0,1,0,0,0
13555,0,0,0,0,0,0
13556,0,0,0,0,1,1
13557,1,17,65,185,187,202
13558,0,0,50,9,11,21
13559,0,0,0,0,0,0
13560,0,0,0,0,0,0
13561,0,0,0,0,0,0
13562,0,0,0,0,0,0
13563,0,0,0,0,0,0
13564,0,0,0,0,0,0
13565,0,0,0,0,0,0
13566,0,1,1,0,0,0
13567,0,1,0,0,0,0
13568,147,76,153,66,76,65
13569,0,0,0,0,0,0
13570,2,0,0,0,0,0
13571,0,2,0,0,0,0
13572,0,0,0,0,0,0
13573,0,0,0,0,1,1
13574,0,0,0,5,1,2
13575,0,0,0,0,0,0
13576,2,0,0,2,1,1
13577,0,0,0,0,0,0
13578,0,0,0,0,0,0
13579,0,0,0,0,0,0
13580,33,2,6,16,8,2
13581,2,0,0,1,0,0
13582,1,546,219,4,7,18
13583,0,0,0,0,0,0
13584,0,0,0,0,0,0
13585,1,0,6,23,22,24
13586,0,0,0,0,0,0
13587,13,40,36,27,47,38
13588,0,0,0,0,0,0
13589,0,0,0,0,0,0
13590,0,0,0,0,0,0
13591,0,0,0,0,0,0
13592,0,0,0,0,0,0
13593,0,0,0,0,0,0
13594,0,1,1,1,0,0
13595,0,0,0,0,0,0
13596,0,0,0,0,0,0
13597,0,0,0,0,0,0
13598,0,0,0,0,0,0
13599,2,1,1,0,0,2
13600,0,0,0,0,0,0
13601,0,0,0,0,0,0
13602,0,0,0,1,1,1
13603,2,0,0,1,1,1
13604,0,0,0,0,0,0
13605,0,0,0,0,0,0
13606,0,0,2,1,1,1
13607,0,2,14,5,10,6
13608,0,0,1,0,0,0
13609,5,3,0,0,0,0
13610,0,0,9,8,10,7
13611,0,1,0,1,0,0
13612,0,0,0,2,1,0
13613,0,0,0,0,0,0
13614,0,0,0,0,0,0
13615,0,0,0,0,0,0
13616,1,3,0,1,2,2
13617,0,0,2,0,1,1
13618,0,0,0,0,0,0
13619,0,0,0,0,0,0
13620,0,0,0,0,0,0
13621,0,0,0,0,0,0
13622,0,0,0,0,0,0
13623,3,21,14,23,11,15
13624,37,158,22,55,66,68
13625,0,0,0,0,0,0
13626,1,0,2,2,9,7
13627,0,0,0,0,0,0
13628,0,1,1,0,0,0
13629,0,0,0,0,0,0
13630,0,14,8,22,15,18
13631,0,0,0,0,0,0
13632,0,1,1,1,0,0
13633,0,0,0,0,0,0
13634,2,0,4,4,4,5
13635,0,0,0,0,0,0
13636,0,0,1,1,1,1
13637,0,0,0,0,0,0
13638,0,0,0,0,0,0
13639,0,0,0,0,0,0
13640,0,0,0,0,0,0
13641,0,0,0,0,0,0
13642,0,0,0,0,0,0
13643,128,59,148,143,106,127
13644,0,0,0,0,0,0
13645,0,0,0,0,0,0
13646,0,0,0,0,0,0
13647,0,0,0,0,0,0
13648,68,19,4,17,21,25
13649,33,1,10,5,4,4
13650,0,1,0,0,1,0
13651,0,0,0,0,0,0
13652,0,0,0,0,0,0
13653,0,0,0,0,0,0
13654,0,0,0,0,0,0
13655,0,0,0,0,0,0
13656,0,0,0,0,0,0
13657,0,0,0,0,0,0
13658,0,0,0,0,0,0
13659,0,0,0,0,0,0
13660,0,72,27,29,41,45
13661,0,0,0,0,0,0
13662,0,0,0,0,0,0
13663,0,0,0,0,0,0
13664,1,40,11,36,30,18
13665,0,0,0,0,0,0
13666,0,0,18,4,9,11
13667,0,0,0,0,0,0
13668,0,10,0,53,43,57
13669,7,0,14,20,11,11
13670,21,13,164,191,114,114
13671,0,0,0,0,0,0
13672,0,0,0,0,0,0
13673,0,0,5,11,11,11
13674,0,0,0,0,0,0
13675,3,1,0,6,1,1
13676,0,0,0,0,0,0
13677,14,1,7,6,5,4
13678,3,2,1,0,0,0
13679,0,0,0,0,0,0
13680,169,198,497,456,373,411
13681,0,1,0,0,0,0
13682,0,0,0,0,0,0
13683,0,0,0,3,3,3
13684,2,5,0,2,3,1
13685,35,40,17,17,27,24
13686,0,0,0,0,0,0
13687,1,0,0,0,0,0
13688,0,10,9,20,32,33
13689,12,27,10,33,19,28
13690,244,880,491,653,836,934
13691,0,1,0,0,0,0
13692,21,3,19,25,25,28
13693,0,0,0,0,0,0
13694,0,0,0,0,0,0
13695,0,0,0,0,0,0
13696,0,0,0,0,0,0
13697,0,0,0,2,0,1
13698,0,0,0,0,2,2
13699,0,0,0,0,0,0
13700,0,0,0,0,0,0
13701,0,0,0,0,0,0
13702,0,1,0,0,0,0
13703,0,2,6,1,1,1
13704,0,0,0,0,0,0
13705,0,0,0,0,0,0
13706,0,0,0,0,0,0
13707,0,0,0,0,0,0
13708,0,0,1,0,2,2
13709,0,0,0,0,0,0
13710,0,0,0,0,0,0
13711,2,4,3,9,20,23
13712,0,0,0,0,0,0
13713,1,2,3,6,19,15
13714,0,0,0,0,0,0
13715,0,0,0,0,0,0
13716,0,0,0,0,0,0
13717,0,0,0,0,2,0
13718,14,8,16,13,10,10
13719,0,0,0,0,0,0
13720,9,14,5,7,8,8
13721,0,0,0,0,0,1
13722,0,0,0,0,0,0
13723,0,0,0,1,0,0
13724,7,40,11,57,35,36
13725,0,0,0,0,0,0
13726,4,4,4,2,2,1
13727,0,0,0,0,0,0
13728,0,0,0,0,0,0
13729,0,15,0,23,39,40
13730,10,5,3,1,5,5
13731,0,0,0,0,0,0
13732,0,4,0,0,0,0
13733,65,2,0,1,0,0
13734,0,0,0,0,0,0
13735,8,32,9,14,8,8
13736,0,0,0,0,0,0
13737,0,0,0,0,0,0
13738,0,0,0,0,0,0
13739,1,1,11,17,44,46
13740,2,0,0,0,0,0
13741,0,0,0,0,0,0
13742,1,0,0,0,0,0
13743,0,5,39,4,15,10
13744,0,0,0,1,0,1
13745,0,0,0,0,0,0
13746,0,0,0,0,0,0
13747,0,0,0,0,0,0
13748,0,0,0,0,0,0
13749,0,8,16,2,18,26
13750,1,28,48,48,56,56
13751,0,0,1,2,4,4
13752,0,0,0,0,0,0
13753,795,39,113,143,154,115
13754,0,0,0,0,0,0
13755,0,1,1,1,1,1
13756,0,0,0,0,0,0
13757,6,5,3,3,8,8
13758,0,0,156,65,45,36
13759,0,0,0,0,0,0
13760,0,0,0,0,0,0
13761,0,0,0,0,0,0
13762,0,0,35,14,32,35
13763,0,0,0,0,0,0
13764,0,0,0,0,0,0
13765,0,0,0,0,0,0
13766,0,0,0,0,0,0
13767,2,0,3,8,4,5
13768,126,635,248,325,310,271
13769,715,92,111,194,158,179
13770,0,0,1,0,0,0
13771,0,0,0,0,0,0
13772,0,0,0,0,0,0
13773,0,0,0,0,0,0
13774,0,0,0,0,0,0
13775,0,0,1,1,1,1
13776,0,0,0,2,1,1
13777,1,4,2,16,14,15
13778,0,1,0,0,0,0
13779,0,0,0,0,0,0
13780,0,0,0,0,0,0
13781,0,0,0,0,0,0
13782,0,0,0,0,0,0
13783,0,0,0,0,0,0
13784,0,0,63,105,77,70
13785,0,0,0,1,0,1
13786,0,0,0,0,0,0
13787,1,0,0,3,1,1
13788,1,20,0,2,1,0
13789,0,0,0,1,0,0
13790,0,0,0,0,0,0
13791,0,0,0,0,1,0
13792,1,4,3,17,3,6
13793,0,1,0,0,0,0
13794,0,0,0,0,0,0
13795,8,0,30,8,12,12
13796,0,0,0,0,0,0
13797,0,0,2,1,2,1
13798,0,4,1,1,1,1
13799,0,0,0,0,0,0
13800,0,0,0,0,0,0
13801,1,3,1,2,3,3
13802,4,0,17,174,111,148
13803,0,0,0,41,19,15
13804,0,0,1,0,0,0
13805,1,0,0,0,0,0
13806,3,2,2,4,4,4
13807,0,0,0,0,0,0
13808,0,1,0,0,1,0
13809,6,0,1,7,12,10
13810,0,1,0,0,0,0
13811,0,0,0,0,0,0
13812,0,0,0,0,1,1
13813,2,1,0,0,0,0
13814,0,0,1,0,0,0
13815,0,0,0,0,0,0
13816,0,0,0,0,2,4
13817,0,0,0,0,0,0
13818,0,4,30,17,15,16
13819,0,0,0,0,0,0
13820,0,0,0,0,0,0
13821,585,875,658,365,375,402
13822,0,0,10,7,4,8
13823,0,0,0,0,0,0
13824,0,0,0,0,0,0
13825,9,0,4,1,1,2
13826,0,0,0,0,0,0
13827,1,12,8,8,13,10
13828,0,0,0,0,0,0
13829,0,0,0,0,0,0
13830,0,1,4,1,1,1
13831,0,0,0,0,0,0
13832,0,0,0,0,0,0
13833,0,22,6,0,0,0
13834,0,0,0,0,0,0
13835,0,0,0,0,0,0
13836,0,0,0,0,0,0
13837,0,0,0,0,0,0
13838,0,0,0,0,0,0
13839,0,0,0,0,0,0
13840,0,0,0,0,0,0
13841,0,1,4,8,5,2
13842,0,0,0,2,1,2
13843,0,0,0,3,2,2
13844,0,0,3,5,4,4
13845,0,0,0,0,0,0
13846,0,29,1,0,0,0
13847,1,2,25,28,18,28
13848,2,2,4,2,2,2
13849,0,0,1,0,0,0
13850,0,0,0,0,0,0
13851,0,327,2,4,5,10
13852,0,0,0,0,0,0
13853,3,8,7,11,10,7
13854,4,9,33,15,23,28
13855,0,0,0,0,0,0
13856,2,23,39,8,17,31
13857,3,10,5,5,3,4
13858,14,16,6,4,4,2
13859,0,3,11,20,13,12
13860,1,0,0,0,0,0
13861,0,0,0,2,2,1
13862,0,0,0,0,0,0
13863,0,2,0,4,1,2
13864,0,0,0,3,3,3
13865,0,3,1,3,4,2
13866,8,0,0,0,0,0
13867,0,0,0,0,0,0
13868,0,0,0,0,0,0
13869,0,0,1,0,1,1
13870,0,0,4,0,0,0
13871,0,0,0,0,0,0
13872,1,0,0,0,0,0
13873,0,0,0,0,0,0
13874,0,0,0,0,0,0
13875,0,0,1,2,0,1
13876,0,0,1,0,0,0
13877,0,0,0,0,0,0
13878,0,0,0,0,0,0
13879,0,0,0,1,1,1
13880,0,0,0,0,0,0
13881,0,4,0,0,0,0
13882,0,0,0,0,0,0
13883,0,0,0,0,0,0
13884,0,2,9,0,1,2
13885,0,5,7,10,18,16
13886,0,0,0,0,0,0
13887,0,1,0,1,1,1
13888,0,0,1,0,0,0
13889,0,0,0,0,0,0
13890,0,0,0,0,0,0
13891,0,0,0,0,0,0
13892,0,0,0,0,0,0
13893,0,0,0,0,0,0
13894,0,0,0,1,0,0
13895,0,0,0,0,0,0
13896,0,6,2,2,3,2
13897,0,0,1,0,4,5
13898,0,2,2,0,2,2
13899,0,0,2,2,2,3
13900,0,0,0,0,0,0
13901,0,0,0,0,0,0
13902,0,0,0,0,0,0
13903,0,0,0,0,0,0
13904,0,0,0,0,0,0
13905,0,0,0,0,0,0
13906,0,0,0,0,0,0
13907,0,0,0,0,0,0
13908,0,0,0,1,0,0
13909,0,0,0,0,0,0
13910,0,0,0,0,0,0
13911,0,0,0,0,0,0
13912,1,0,0,0,0,0
13913,0,0,0,0,0,0
13914,0,0,0,0,0,0
13915,0,0,0,0,0,0
13916,0,2,1,2,1,1
13917,0,0,0,0,0,0
13918,0,0,0,0,0,0
13919,5,2,4,3,3,1
13920,1,0,0,0,0,0
13921,0,0,2,0,0,0
13922,0,0,0,0,0,0
13923,0,0,0,0,0,0
13924,0,0,0,0,0,0
13925,0,0,0,1,1,1
13926,2,0,0,0,0,0
13927,3,6,5,4,2,4
13928,0,1,0,0,0,0
13929,0,0,0,0,0,0
13930,0,1,2,2,4,4
13931,0,0,0,2,2,2
13932,0,0,0,0,1,1
13933,0,0,6,13,18,16
13934,0,0,0,0,0,0
13935,0,0,0,0,0,0
13936,0,0,1,0,1,1
13937,123,0,109,109,272,320
13938,0,0,0,0,0,0
13939,0,0,0,0,0,0
13940,0,0,0,1,2,1
13941,0,0,0,0,0,0
13942,0,0,6,0,1,1
13943,0,7,21,37,54,51
13944,0,0,20,13,11,11
13945,0,0,0,0,0,0
13946,0,0,0,0,0,0
13947,0,0,0,0,0,0
13948,0,0,0,0,0,0
13949,0,0,0,0,0,0
13950,0,0,0,0,0,0
13951,0,0,0,0,0,0
13952,0,0,0,7,8,9
13953,0,0,0,0,0,0
13954,0,0,0,0,0,0
13955,0,0,0,0,0,0
13956,0,0,0,0,0,0
13957,31,7,41,24,20,17
13958,0,0,0,0,0,0
13959,0,0,0,1,1,2
13960,0,1,123,241,230,240
13961,0,0,0,0,0,0
13962,0,1,6,3,2,4
13963,0,0,0,0,1,1
13964,0,0,0,0,0,0
13965,0,0,0,0,0,0
13966,0,0,0,0,0,0
13967,1,0,0,1,1,0
13968,0,8,2,4,5,7
13969,0,0,0,0,0,0
13970,0,0,0,0,0,1
13971,0,0,0,0,0,0
13972,0,2,1,3,10,10
13973,0,0,0,0,0,0
13974,0,0,0,1,1,0
13975,12,154,110,53,48,58
13976,0,0,0,0,0,0
13977,12,0,1,2,1,1
13978,0,0,0,0,0,0
13979,0,0,0,0,0,0
13980,0,1,9,10,7,6
13981,0,0,0,0,0,0
13982,0,4,6,5,5,4
13983,1,7,87,116,109,99
13984,0,0,0,0,0,0
13985,0,0,0,1,0,0
13986,0,0,0,0,0,0
13987,3,2,1,18,31,32
13988,1,0,7,5,6,4
13989,0,0,0,0,0,0
13990,0,0,0,0,0,0
13991,0,1,0,0,0,0
13992,0,0,0,0,0,0
13993,1,4,5,4,12,17
13994,54,132,356,74,100,108
13995,38,67,174,133,40,41
13996,0,0,0,0,0,0
13997,0,0,0,0,0,0
13998,0,0,0,1,0,0
13999,2,0,13,15,13,18
14000,12,0,0,0,0,0
14001,0,0,0,0,0,0
14002,1,1,3,11,5,7
14003,4,6,9,7,8,8
14004,4,0,10,18,6,9
14005,0,0,0,0,0,0
14006,0,0,0,0,0,0
14007,0,0,0,0,0,0
14008,0,0,0,0,0,0
14009,43,27,9,343,289,213
14010,0,0,0,0,0,0
14011,0,0,0,7,2,4
14012,0,0,0,0,0,0
14013,13,10,6,21,6,6
14014,105,11,81,240,408,376
14015,13,30,111,609,787,695
14016,43,73,29,15,14,13
14017,0,0,0,0,0,0
14018,1,0,1,0,0,0
14019,1,0,4,8,9,4
14020,0,0,0,0,0,0
14021,0,0,6,4,5,5
14022,28,67,132,155,263,242
14023,0,1,6,7,15,16
14024,0,0,0,0,0,0
14025,0,0,0,0,0,0
14026,0,0,0,0,0,0
14027,0,0,40,14,17,20
14028,0,0,0,0,0,1
14029,69,29,45,59,37,39
14030,2,2,1,1,1,1
14031,1,1,0,2,1,1
14032,0,0,0,0,0,0
14033,0,0,0,0,0,0
14034,0,0,0,0,0,0
14035,0,0,0,0,0,0
14036,6,17,45,28,18,19
14037,0,0,0,0,0,0
14038,0,0,0,0,0,0
14039,0,0,0,0,0,0
14040,0,1,1,9,8,6
14041,0,7,0,1,4,3
14042,0,0,0,0,0,0
14043,0,0,0,0,0,0
14044,0,0,0,0,0,0
14045,0,0,0,0,0,0
14046,34,16,32,60,60,79
14047,0,0,0,0,0,0
14048,2,0,102,88,73,71
14049,0,0,0,1,2,1
14050,0,0,0,0,0,0
14051,0,0,11,6,13,16
14052,0,19,20,20,23,26
14053,0,0,0,0,0,0
14054,2,0,0,0,0,0
14055,0,7,4,1,4,5
14056,52,10,21,0,2,1
14057,0,0,1,0,0,0
14058,0,0,0,0,0,0
14059,29,6,0,20,30,29
14060,0,0,1,3,7,7
14061,28,0,0,0,0,0
14062,0,3,19,6,8,6
14063,0,0,0,0,0,0
14064,2,2,22,7,2,6
14065,0,0,0,0,0,0
14066,1,2,4,6,10,10
14067,0,0,0,0,0,0
14068,0,0,0,0,0,0
14069,0,0,9,0,0,2
14070,0,0,0,0,0,0
14071,0,0,3,2,2,4
14072,0,0,0,0,0,0
14073,1,0,0,0,0,0
14074,74,94,99,51,30,28
14075,93,86,2,26,53,60
14076,0,0,0,0,2,2
14077,4,1,0,0,0,0
14078,0,0,0,0,0,0
14079,1,18,12,24,34,30
14080,0,0,0,0,0,0
14081,3,0,0,0,0,0
14082,1,2,0,0,0,0
14083,0,0,0,0,0,0
14084,6,11,0,31,33,43
14085,0,0,0,0,0,0
14086,0,0,0,0,0,0
14087,0,0,0,0,0,0
14088,0,0,0,0,0,0
14089,0,0,0,0,0,0
14090,0,0,0,0,0,0
14091,0,0,0,0,0,0
14092,0,0,0,0,0,0
14093,0,0,2,2,4,3
14094,0,0,7,1,2,0
14095,0,0,0,0,0,0
14096,0,0,0,0,0,0
14097,0,0,0,0,0,0
14098,0,0,0,0,0,0
14099,0,0,0,0,0,1
14100,0,10,0,2,1,1
14101,1,1,13,75,77,53
14102,0,3,2,4,4,4
14103,0,0,0,2,2,3
14104,0,0,0,0,0,0
14105,0,0,0,0,0,0
14106,4,6,8,11,15,17
14107,0,0,0,0,0,0
14108,0,0,0,0,0,0
14109,0,0,2,2,3,3
14110,2823,169,3491,4844,1685,1598
14111,0,0,0,0,0,0
14112,0,0,0,0,0,0
14113,0,0,1,2,2,2
14114,0,2,0,0,0,0
14115,179,18,75,175,184,200
14116,0,0,0,1,1,1
14117,0,0,0,0,0,0
14118,0,0,0,0,0,0
14119,0,0,0,0,0,0
14120,0,0,0,0,0,0
14121,0,0,0,0,0,1
14122,8810,8103,1672,4410,2014,1824
14123,0,0,0,3,7,4
14124,0,0,0,0,0,0
14125,0,0,1,0,0,0
14126,0,0,0,0,0,0
14127,0,0,0,0,0,0
14128,0,0,29,52,34,23
14129,0,0,0,0,0,0
14130,0,0,0,0,1,1
14131,2,2,0,0,0,0
14132,0,0,0,2,0,0
14133,0,0,0,0,0,0
14134,1,0,6,1,2,3
14135,0,0,0,0,0,0
14136,0,0,0,0,0,0
14137,0,0,0,0,0,0
14138,0,0,0,0,0,0
14139,10,0,0,10,8,13
14140,0,0,1,0,0,0
14141,0,1,1,1,0,0
14142,0,0,0,0,0,0
14143,0,0,0,0,0,0
14144,0,0,0,0,0,0
14145,0,1,0,0,0,0
14146,0,0,0,0,0,0
14147,0,18,5,18,7,6
14148,0,0,0,0,0,0
14149,0,0,0,0,0,0
14150,0,0,0,0,0,0
14151,4,50,75,35,27,24
14152,0,0,0,0,0,0
14153,0,0,1,0,0,1
14154,0,0,0,0,0,0
14155,0,2,2,1,1,1
14156,0,0,0,0,0,0
14157,0,0,0,0,0,0
14158,0,0,0,0,0,0
14159,2,1,3,1,3,1
14160,0,0,0,0,0,0
14161,1,1,4,1,2,2
14162,0,0,0,0,0,0
14163,0,0,0,0,0,0
14164,0,0,0,0,0,0
14165,1020,1086,739,911,828,798
14166,0,0,0,0,0,0
14167,1,0,18,10,4,2
14168,0,0,0,0,0,0
14169,0,0,0,0,0,0
14170,0,0,0,0,0,0
14171,0,7,3,1,1,1
14172,0,0,0,0,0,0
14173,0,0,0,0,0,0
14174,0,0,0,1,1,1
14175,0,0,3,2,1,1
14176,0,0,0,0,0,0
14177,1,3,11,2,6,7
14178,0,0,0,0,0,0
14179,0,0,0,0,0,0
14180,0,0,0,0,0,0
14181,0,0,0,0,0,0
14182,0,0,0,0,1,1
14183,0,0,0,0,0,0
14184,0,0,0,1,1,1
14185,0,0,0,0,0,0
14186,0,0,21,29,23,27
14187,0,0,0,0,0,0
14188,1,0,0,1,0,0
14189,0,0,0,0,0,0
14190,0,33,10,9,9,7
14191,0,0,2,0,1,3
14192,1,0,0,5,0,0
14193,6,4,0,0,0,0
14194,0,0,0,0,0,0
14195,0,0,0,0,0,0
14196,0,1,0,0,0,0
14197,71,246,14,83,113,100
14198,0,0,0,0,0,0
14199,0,8,6,26,17,16
14200,0,0,0,0,0,0
14201,0,0,0,0,0,0
14202,31,165,1009,476,919,937
14203,2,0,0,0,0,0
14204,0,0,0,0,0,0
14205,0,0,0,0,0,0
14206,0,0,1,2,0,0
14207,5,5,5,17,27,39
14208,0,1,0,6,0,0
14209,9,0,2,7,12,9
14210,0,0,0,0,0,0
14211,0,1,0,0,0,0
14212,0,0,0,0,0,0
14213,0,0,0,1,1,1
14214,0,0,0,1,0,0
14215,0,0,0,0,1,0
14216,0,0,0,0,0,0
14217,1,0,0,2,2,2
14218,0,0,0,0,0,0
14219,0,0,0,0,0,0
14220,0,3,0,21,2,6
14221,0,0,0,0,0,0
14222,0,5,19,46,38,39
14223,0,0,0,1,0,0
14224,0,0,0,0,0,0
14225,0,0,0,0,0,0
14226,0,0,0,0,0,0
14227,0,0,0,0,0,0
14228,0,0,0,0,0,0
14229,0,10,3,24,41,59
14230,0,0,0,0,0,0
14231,0,1,1,2,1,1
14232,0,0,2,0,0,0
14233,0,0,0,0,0,0
14234,4,3,11,5,1,1
14235,0,0,0,0,0,0
14236,0,0,0,0,0,0
14237,0,0,0,0,0,0
14238,3,8,39,22,17,17
14239,6,33,41,61,43,39
14240,0,0,0,0,0,0
14241,0,0,0,0,0,0
14242,0,0,0,0,0,0
14243,0,0,0,0,0,0
14244,0,2,2,1,1,1
14245,0,0,0,0,0,0
14246,0,3,0,0,0,0
14247,0,0,0,0,0,0
14248,0,0,0,0,0,0
14249,0,0,0,0,0,0
14250,0,0,1,0,0,0
14251,0,0,0,0,0,0
14252,0,0,0,0,0,0
14253,0,0,0,0,0,0
14254,0,10,35,11,3,1
14255,1,1,2,0,0,1
14256,1,4,4,7,6,6
14257,0,0,0,0,0,0
14258,0,0,0,0,0,0
14259,0,2,8,6,5,4
14260,0,0,0,0,0,0
14261,0,0,0,0,0,0
14262,0,0,0,0,0,0
14263,0,0,0,0,0,0
14264,0,0,0,0,5,9
14265,0,0,0,0,0,0
14266,59,28,36,16,23,28
14267,0,0,0,0,0,0
14268,0,0,0,0,0,0
14269,0,0,1,7,1,2
14270,0,1,2,3,4,4
14271,2,2,2,1,1,1
14272,0,0,0,0,0,0
14273,0,1,1,3,2,4
14274,0,4,0,0,0,0
14275,64,193,93,96,66,59
14276,17,97,691,571,553,564
14277,28,8,4,2,3,4
14278,0,0,3,6,6,6
14279,0,0,0,0,0,0
14280,0,7,12,14,15,14
14281,0,2,0,1,1,1
14282,0,0,0,0,0,0
14283,0,0,0,0,0,0
14284,8,12,12,11,28,22
14285,6,17,16,9,10,10
14286,0,0,0,2,0,0
14287,6,0,4,0,1,1
14288,0,0,0,1,0,0
14289,0,0,0,0,0,0
14290,0,0,0,0,0,0
14291,4,1,0,3,2,3
14292,1,0,1,0,0,0
14293,0,0,0,1,0,0
14294,0,0,0,0,1,1
14295,1,15,4,2,4,4
14296,1,0,0,0,0,0
14297,0,0,0,0,0,0
14298,0,0,1,1,1,1
14299,4,37,105,83,80,83
14300,0,0,3,1,1,2
14301,5,4,1,1,1,0
14302,0,0,0,0,0,0
14303,0,0,0,0,0,0
14304,0,0,0,0,0,0
14305,0,0,0,0,0,0
14306,2,9,17,23,22,21
14307,0,0,0,0,0,0
14308,0,0,0,0,0,0
14309,0,0,0,0,0,0
14310,0,0,0,0,0,0
14311,3,0,0,0,0,0
14312,0,0,0,1,1,1
14313,0,0,0,0,0,0
14314,0,0,0,0,0,0
14315,3,0,0,1,1,1
14316,0,0,0,2,3,3
14317,0,0,0,0,0,0
14318,0,1,1,0,0,0
14319,2,1,1,0,0,0
14320,0,9,0,0,0,0
14321,0,0,0,0,0,0
14322,0,0,0,0,0,0
14323,7,6,7,1,10,12
14324,0,0,0,0,0,0
14325,0,0,0,0,0,0
14326,0,0,0,0,0,0
14327,0,0,0,0,0,0
14328,0,0,0,0,0,0
14329,0,0,4,2,0,0
14330,0,0,4,3,2,2
14331,0,0,0,0,0,0
14332,0,0,0,0,0,0
14333,0,0,0,0,0,0
14334,0,0,0,0,0,0
14335,0,0,0,0,0,0
14336,0,0,0,0,0,0
14337,0,0,0,0,0,0
14338,1,19,14,4,6,5
14339,0,0,0,0,0,0
14340,0,0,0,0,0,0
14341,0,0,0,0,0,0
14342,0,0,0,0,1,1
14343,0,0,0,1,0,0
14344,140,15,1,15,13,14
14345,0,0,2,0,1,1
14346,0,0,0,0,0,0
14347,0,0,0,0,0,0
14348,0,0,0,0,0,0
14349,0,0,0,0,0,0
14350,0,0,0,0,0,0
14351,0,3,8,3,3,3
14352,0,0,5,2,5,3
14353,0,0,0,1,0,0
14354,0,0,0,0,0,0
14355,0,0,0,0,0,0
14356,0,0,0,0,0,0
14357,0,0,0,0,0,0
14358,0,1,9,31,22,20
14359,13,14,42,58,39,40
14360,0,0,0,0,0,0
14361,0,0,0,0,0,0
14362,1,0,1,6,3,3
14363,0,0,0,0,0,0
14364,0,0,0,0,0,0
14365,11,25,3,5,7,7
14366,0,0,0,0,0,0
14367,0,0,0,0,0,0
14368,0,0,0,0,0,0
14369,2,11,1,14,42,38
14370,0,0,2,1,1,1
14371,0,2,0,1,1,1
14372,0,0,0,1,3,3
14373,0,0,0,0,0,0
14374,0,0,0,0,1,1
14375,0,0,8,18,10,11
14376,0,0,0,0,0,0
14377,0,0,2,0,0,0
14378,111,223,221,217,201,201
14379,0,0,0,0,0,0
14380,0,0,1,1,2,2
14381,0,0,0,0,0,0
14382,0,0,0,0,0,0
14383,0,13,0,0,0,0
14384,0,0,0,0,0,0
14385,2,0,6,2,0,1
14386,0,0,0,1,0,1
14387,0,0,3,0,0,0
14388,1,0,1,2,3,3
14389,0,0,1,0,0,0
14390,0,0,5,0,0,0
14391,0,0,0,0,0,0
14392,39,154,291,126,147,136
14393,0,0,0,0,0,0
14394,0,0,1,0,2,0
14395,0,0,0,0,0,0
14396,1054,1462,1347,1598,1821,1962
14397,13,38,20,27,14,22
14398,0,0,0,0,0,0
14399,0,0,1,2,2,2
14400,0,0,0,0,0,0
14401,0,0,0,0,0,0
14402,0,0,1,10,7,9
14403,0,3,3,12,5,5
14404,0,0,0,4,1,0
14405,0,0,0,0,0,0
14406,0,0,0,0,0,0
14407,3,0,4,2,2,2
14408,0,1,0,1,0,0
14409,0,0,0,1,1,3
14410,0,0,0,0,0,0
14411,1,14,0,4,5,3
14412,0,0,0,0,0,0
14413,0,0,0,0,0,0
14414,0,0,0,0,0,0
14415,33,1,1,2,4,4
14416,284,396,478,712,664,670
14417,0,1,0,1,2,2
14418,0,0,0,0,0,0
14419,0,0,0,0,0,0
14420,0,0,0,0,0,0
14421,0,0,0,0,0,0
14422,0,0,0,0,0,0
14423,24,23,178,282,292,281
14424,0,0,0,0,0,0
14425,0,1,1,1,1,1
14426,0,0,36,131,89,97
14427,0,1,1,1,1,1
14428,0,0,4,4,4,4
14429,0,0,0,0,0,0
14430,0,0,0,0,0,0
14431,0,0,1,1,1,1
14432,0,0,0,0,0,0
14433,0,0,0,0,0,0
14434,0,0,0,0,0,0
14435,0,0,0,0,0,0
14436,0,0,0,0,0,0
14437,0,0,0,0,0,0
14438,0,0,0,0,0,0
14439,124,13,15,27,20,25
14440,0,0,0,0,0,0
14441,0,27,48,31,32,39
14442,1,0,0,0,0,0
14443,0,0,0,0,0,0
14444,0,0,0,0,0,0
14445,0,1,1,1,0,0
14446,4,7,1,6,8,9
14447,0,0,2,6,7,7
14448,0,9,4,0,0,0
14449,0,0,0,0,1,1
14450,0,0,0,0,0,0
14451,0,0,0,0,0,0
14452,0,0,0,0,0,0
14453,0,0,1,7,7,7
14454,0,0,0,0,0,0
14455,0,0,0,0,0,0
14456,1,0,2,0,5,7
14457,0,1,0,0,0,0
14458,0,0,0,0,0,0
14459,0,2,0,7,5,4
14460,0,0,0,0,0,0
14461,5,1,0,1,0,0
14462,0,0,0,0,0,0
14463,1,0,1,3,3,2
14464,0,1,0,0,0,0
14465,0,0,0,0,0,0
14466,0,0,0,0,0,0
14467,0,0,0,0,0,0
14468,0,0,0,0,0,0
14469,0,6,2,9,4,6
14470,1,1,2,1,1,1
14471,0,2,7,7,4,4
14472,0,0,0,0,0,0
14473,0,0,0,0,0,0
14474,0,0,0,0,0,0
14475,0,0,0,0,0,0
14476,10,27,25,21,29,26
14477,0,0,0,0,1,1
14478,0,0,0,0,0,0
14479,1,0,0,1,1,1
14480,0,0,0,0,0,0
14481,0,1,0,0,0,0
14482,0,1,4,2,1,1
14483,0,0,0,0,0,0
14484,0,0,0,0,0,0
14485,0,0,0,0,0,0
14486,0,0,0,0,0,0
14487,0,0,0,2,2,1
14488,0,1,1,3,2,2
14489,0,0,1,0,0,0
14490,0,0,0,0,0,0
14491,6,0,5,2,3,4
14492,0,0,0,0,0,0
14493,0,0,3,0,0,0
14494,2,53,5,2,8,9
14495,325,1560,2368,1700,1581,1563
14496,8,0,18,15,19,18
14497,0,0,0,1,1,1
14498,55,3,0,5,11,9
14499,189,163,606,506,415,399
14500,0,0,0,15,7,4
14501,0,0,0,0,0,0
14502,0,0,0,0,0,0
14503,0,0,2,0,0,0
14504,0,0,0,0,0,0
14505,0,0,0,0,0,0
14506,0,0,0,0,0,0
14507,0,0,0,0,0,0
14508,0,0,0,0,0,0
14509,0,0,0,0,0,0
14510,0,0,0,0,0,0
14511,0,0,1,0,0,1
14512,0,0,0,0,0,0
14513,0,0,0,0,0,0
14514,1,1,6,3,3,3
14515,0,0,0,0,1,0
14516,0,0,0,0,0,0
14517,0,1,0,2,2,2
14518,0,0,0,0,0,0
14519,0,0,2,1,1,1
14520,0,0,0,0,0,0
14521,0,0,0,0,0,0
14522,0,0,0,0,0,0
14523,0,0,0,0,0,0
14524,0,0,0,0,0,0
14525,22,2,36,23,12,14
14526,2,0,4,2,3,3
14527,1,5,5,6,4,4
14528,0,0,84,61,126,94
14529,0,0,0,0,0,0
14530,0,0,0,0,0,0
14531,0,0,0,0,0,0
14532,0,0,0,0,0,0
14533,0,2,50,97,150,139
14534,0,0,0,0,0,0
14535,0,0,0,7,12,17
14536,0,0,2,0,0,0
14537,0,0,0,0,0,0
14538,10,20,7,11,17,11
14539,0,0,0,0,0,0
14540,0,0,0,0,0,0
14541,0,0,0,0,0,0
14542,0,0,0,0,0,0
14543,8,1,1,0,0,0
14544,0,0,0,0,0,0
14545,0,0,0,0,0,0
14546,0,0,0,0,0,1
14547,0,0,0,0,0,0
14548,0,0,0,0,0,0
14549,1,3,1,5,4,5
14550,0,0,2,0,0,0
14551,0,0,0,0,0,0
14552,1,1,0,0,0,0
14553,1,0,0,0,0,0
14554,0,0,0,0,0,0
14555,13,21,7,31,50,37
14556,0,0,0,0,0,0
14557,0,0,1,1,1,1
14558,0,0,0,0,0,0
14559,0,0,1,1,6,2
14560,731,1381,339,990,1071,974
14561,98,247,203,379,493,416
14562,0,0,0,0,0,0
14563,0,0,0,0,0,0
14564,0,0,0,0,0,0
14565,0,0,0,0,0,0
14566,0,0,0,0,0,0
14567,0,0,0,0,0,0
14568,0,0,1,1,2,2
14569,0,0,0,0,0,0
14570,164,544,179,270,283,285
14571,0,0,0,0,0,0
14572,0,0,1,4,1,0
14573,1,0,0,0,0,0
14574,0,0,0,0,0,0
14575,0,0,0,0,0,0
14576,0,0,0,3,7,4
14577,0,0,0,0,0,0
14578,0,3,0,1,0,1
14579,0,0,0,0,0,0
14580,0,0,0,0,0,0
14581,11,174,3,27,58,104
14582,0,0,0,0,0,0
14583,0,0,0,0,0,1
14584,11,71,31,20,30,35
14585,4,9,3,1,0,0
14586,0,0,0,0,0,0
14587,0,0,0,0,0,0
14588,0,0,0,0,0,0
14589,0,0,0,0,0,0
14590,16,1,0,0,0,0
14591,0,0,6,0,0,0
14592,1464,1022,1931,1830,1956,1964
14593,0,0,0,0,0,0
14594,0,0,0,0,0,0
14595,0,0,0,0,0,0
14596,0,0,0,0,0,0
14597,0,0,0,0,0,0
14598,3,0,50,32,66,68
14599,0,0,0,0,0,0
14600,12,14,2,2,7,7
14601,0,0,0,0,0,0
14602,3,0,2,19,13,11
14603,0,0,0,0,0,0
14604,0,0,0,0,0,0
14605,0,0,5,4,3,2
14606,0,0,0,0,0,0
14607,0,0,0,0,0,0
14608,0,0,0,0,0,0
14609,0,0,0,0,0,0
14610,0,0,0,0,0,0
14611,0,0,0,0,0,0
14612,0,0,8,9,11,5
14613,4,0,0,0,0,0
14614,0,0,0,0,0,0
14615,0,0,0,0,0,0
14616,3,6,0,0,0,2
14617,3,8,16,3,6,3
14618,0,0,0,0,0,0
14619,0,0,0,0,0,0
14620,0,0,4,11,5,7
14621,0,0,0,0,0,0
14622,7,166,13,2,5,2
14623,0,3,3,7,3,3
14624,3,27,13,3,8,8
14625,0,0,0,0,0,0
14626,0,0,0,0,0,0
14627,0,0,0,0,0,0
14628,0,24,31,35,32,30
14629,0,0,0,0,0,0
14630,0,0,0,0,0,0
14631,1,21,19,20,18,19
14632,0,0,0,0,0,0
14633,5,3,5,0,0,0
14634,0,1,3,0,0,0
14635,0,0,0,0,0,0
14636,0,3,0,0,1,1
14637,2,22,8,16,7,7
14638,0,0,0,0,0,0
14639,0,0,3,0,0,0
14640,0,0,0,0,0,0
14641,0,0,0,0,0,0
14642,5787,4515,2538,1774,1637,1591
14643,2,2,8,2,4,4
14644,0,0,0,0,0,0
14645,0,2,1,2,2,2
14646,12,0,1,3,4,2
14647,0,0,0,0,0,0
14648,0,0,0,0,0,0
14649,244,902,597,841,804,884
14650,0,0,0,0,0,0
14651,0,0,0,2,1,1
14652,0,0,0,0,0,0
14653,0,0,0,0,0,0
14654,0,0,0,0,0,0
14655,201,463,731,988,1122,1493
14656,0,0,0,0,0,0
14657,0,4,8,11,9,8
14658,0,0,0,0,0,0
14659,5,1,4,17,3,1
14660,0,0,0,0,0,0
14661,0,0,0,0,0,0
14662,0,0,0,0,0,0
14663,0,0,0,0,0,0
14664,0,2,1,23,36,32
14665,0,0,3,1,5,2
14666,0,0,0,0,1,1
14667,0,0,1,1,0,0
14668,5,0,2,3,1,0
14669,0,3,4,5,5,5
14670,0,0,0,0,0,0
14671,38,36,97,120,95,87
14672,0,0,1,5,5,5
14673,0,0,1,1,1,0
14674,0,0,0,0,0,0
14675,0,2,12,19,18,16
14676,0,0,0,0,0,0
14677,1,0,0,0,0,0
14678,0,0,0,0,0,0
14679,1,2,3,5,7,9
14680,0,2,1,4,4,4
14681,0,0,0,0,0,0
14682,5,9,13,9,20,14
14683,0,0,0,0,0,0
14684,0,0,0,0,0,0
14685,1,11,22,50,20,27
14686,166,627,1242,828,631,781
14687,0,0,0,0,1,1
14688,0,0,0,0,1,1
14689,0,0,0,0,0,0
14690,0,0,0,0,0,0
14691,0,0,0,0,0,0
14692,1,60,9,7,8,13
14693,4,12,2,2,2,4
14694,0,0,0,0,0,0
14695,0,0,0,0,0,0
14696,0,0,0,0,0,0
14697,0,0,0,0,0,0
14698,0,0,1,1,1,1
14699,0,0,0,0,0,0
14700,6,0,2,18,22,21
14701,0,0,0,0,0,0
14702,0,2,0,0,0,0
14703,0,5,28,25,20,20
14704,0,0,0,0,0,0
14705,0,0,0,0,0,0
14706,6,4,17,7,3,4
14707,6,0,12,54,35,19
14708,0,5,36,17,25,20
14709,27,3,6,20,32,25
14710,0,0,0,0,0,0
14711,0,0,0,0,0,0
14712,2,1,1,1,0,0
14713,31,1,4,1,1,1
14714,0,0,0,0,0,0
14715,0,0,0,0,0,0
14716,0,0,7,6,13,10
14717,0,0,0,0,0,0
14718,14,58,99,27,29,27
14719,0,0,0,0,0,0
14720,1,0,0,2,5,5
14721,1,1,0,0,0,0
14722,0,0,0,0,0,0
14723,0,0,0,0,0,0
14724,0,0,0,0,0,0
14725,0,0,0,0,0,0
14726,0,0,0,0,0,0
14727,0,1,1,3,2,2
14728,0,1,2,0,0,0
14729,0,0,0,0,0,0
14730,0,0,0,0,0,0
14731,0,0,0,0,0,0
14732,4,12,2,2,3,3
14733,0,1,0,0,0,0
14734,0,0,0,0,0,0
14735,7,0,1,3,4,4
14736,0,0,0,0,0,0
14737,0,61,0,25,85,90
14738,0,0,0,0,0,0
14739,1,2,39,23,4,4
14740,0,0,0,0,0,0
14741,0,0,0,0,0,0
14742,0,0,0,0,0,0
14743,0,0,0,0,0,0
14744,1,0,6,11,17,13
14745,0,0,0,0,0,0
14746,0,0,0,0,0,0
14747,262,1208,101,225,209,170
14748,0,0,0,0,0,0
14749,14,9,12,4,10,13
14750,0,0,0,0,0,0
14751,0,0,0,1,2,2
14752,0,0,0,0,0,0
14753,0,2,37,8,9,13
14754,0,0,2,3,6,4
14755,1,19,4,13,19,18
14756,0,0,0,0,0,0
14757,0,0,0,0,1,1
14758,0,5,7,13,10,15
14759,0,0,0,0,0,0
14760,0,0,0,0,0,0
14761,0,0,0,0,0,0
14762,0,3,1,2,2,2
14763,1,5,6,4,6,6
14764,0,0,0,0,0,0
14765,0,0,0,1,0,0
14766,0,0,0,0,0,0
14767,0,0,0,0,0,0
14768,0,4,9,5,7,8
14769,0,0,0,0,0,0
14770,15,11,19,15,10,12
14771,0,0,0,0,0,0
14772,0,0,0,0,0,1
14773,0,0,0,0,0,0
14774,0,0,0,0,0,0
14775,0,0,0,0,0,0
14776,0,0,0,0,0,0
14777,0,0,0,0,0,0
14778,0,0,0,0,0,0
14779,0,0,0,0,0,0
14780,0,6,26,14,6,6
14781,0,0,0,0,0,0
14782,26,0,25,37,23,24
14783,0,0,0,0,0,0
14784,0,0,0,0,0,0
14785,1,15,5,12,13,14
14786,0,17,6,12,25,29
14787,0,1,0,2,2,2
14788,0,0,0,0,0,0
14789,0,0,0,0,0,0
14790,0,0,0,0,0,1
14791,4,8,3,16,40,35
14792,2,1,1,2,0,1
14793,0,0,0,10,4,5
14794,0,0,0,0,0,0
14795,0,0,0,0,0,0
14796,0,0,0,0,0,0
14797,3,29,19,11,11,11
14798,0,0,0,0,0,0
14799,0,0,0,0,0,0
14800,0,18,17,40,44,50
14801,0,0,0,0,0,0
14802,0,1,0,0,0,0
14803,0,0,0,21,7,4
14804,0,0,0,0,0,0
14805,0,2,1,4,5,6
14806,0,0,0,0,0,0
14807,2,0,0,0,0,0
14808,0,0,0,0,0,0
14809,0,0,2,1,0,0
14810,0,0,0,0,0,0
14811,0,0,5,12,13,17
14812,0,3,6,34,28,31
14813,0,0,11,11,11,10
14814,0,0,0,0,0,0
14815,0,0,0,0,0,0
14816,0,3,3,140,107,100
14817,44,1,271,193,61,61
14818,0,0,1,1,7,7
14819,0,1,0,4,2,3
14820,0,0,1,0,0,0
14821,0,0,0,0,0,0
14822,0,0,0,0,0,0
14823,0,0,1,1,1,1
14824,0,0,0,0,0,0
14825,0,0,0,0,0,0
14826,0,0,0,0,0,0
14827,0,0,0,0,1,1
14828,0,0,0,0,0,0
14829,0,0,1,1,1,1
14830,774,6824,3903,2581,2799,2525
14831,0,1,2,4,2,3
14832,0,0,0,0,0,0
14833,2,27,48,2,6,6
14834,5,1,22,5,8,9
14835,0,0,0,0,0,0
14836,0,43,8,37,27,27
14837,1,1,1,0,1,0
14838,0,0,0,1,0,0
14839,0,0,0,0,0,0
14840,0,0,0,0,0,0
14841,0,0,0,0,0,0
14842,0,0,0,0,0,0
14843,0,0,0,0,0,0
14844,0,0,0,0,0,0
14845,3,0,0,0,0,0
14846,0,0,1,0,0,0
14847,0,0,0,0,0,0
14848,0,0,0,0,0,0
14849,0,1,0,1,1,1
14850,1,3,4,4,3,3
14851,0,2,3,2,1,1
14852,6,7,13,13,18,19
14853,0,3,22,9,6,10
14854,4,147,5,41,130,94
14855,0,0,1,0,1,0
14856,0,0,0,0,2,0
14857,0,3,1,1,2,2
14858,0,0,0,3,1,1
14859,0,0,0,0,0,0
14860,16,71,44,58,72,104
14861,0,0,1,7,2,3
14862,0,0,0,0,0,0
14863,1,0,0,0,0,0
14864,0,0,2,0,1,0
14865,0,0,0,0,0,0
14866,1,0,0,0,0,0
14867,0,0,0,0,0,0
14868,0,0,0,0,0,0
14869,0,0,0,0,0,0
14870,0,0,0,0,0,0
14871,0,0,0,0,0,0
14872,0,0,2,18,36,17
14873,0,0,0,0,0,0
14874,0,0,0,0,0,0
14875,0,0,0,0,0,0
14876,0,0,1,0,0,0
14877,0,0,0,0,0,0
14878,0,0,0,0,1,1
14879,0,0,0,0,0,0
14880,0,0,0,0,0,0
14881,0,0,0,0,0,0
14882,1,0,0,1,0,0
14883,0,0,0,2,1,1
14884,0,0,0,0,0,0
14885,10,101,92,92,70,64
14886,0,0,0,0,0,0
14887,0,0,0,0,0,0
14888,0,0,16,22,26,27
14889,0,0,0,1,1,1
14890,0,0,0,0,1,1
14891,0,0,4,1,1,1
14892,0,0,0,3,6,8
14893,0,0,0,0,0,0
14894,0,0,0,0,0,0
14895,0,0,0,0,0,0
14896,45,10,16,16,34,34
14897,20,54,57,173,139,136
14898,0,0,0,0,0,0
14899,0,0,0,0,0,0
14900,0,0,3,3,2,4
14901,0,0,0,0,0,0
14902,0,0,0,0,0,0
14903,0,0,0,0,0,0
14904,3,3,2,6,10,9
14905,1,0,0,0,0,0
14906,122,417,740,325,283,323
14907,0,0,0,0,0,0
14908,0,0,1,0,0,0
14909,0,0,0,0,1,0
14910,2,1,7,70,65,90
14911,0,0,0,0,0,0
14912,0,0,0,0,0,0
14913,0,0,0,0,0,0
14914,0,0,0,0,0,0
14915,0,0,0,0,0,0
14916,144,156,821,1129,2324,2826
14917,0,0,0,0,0,0
14918,0,0,0,0,0,0
14919,0,0,0,0,0,0
14920,1,0,0,1,0,0
14921,0,0,0,0,0,0
14922,0,0,0,0,0,0
14923,0,0,0,0,1,1
14924,13,0,5,32,21,18
14925,0,2,2,3,1,1
14926,0,0,0,0,0,0
14927,11,0,0,0,0,0
14928,0,0,0,0,0,0
14929,0,0,0,0,0,0
14930,0,0,0,0,0,0
14931,0,0,0,0,0,0
14932,0,0,0,0,0,0
14933,2,0,0,1,0,0
14934,0,0,0,0,0,0
14935,2,3,12,11,12,5
14936,0,0,0,0,0,0
14937,0,0,0,0,0,0
14938,0,0,0,0,0,0
14939,0,0,0,0,0,0
14940,0,1,1,0,0,0
14941,0,0,0,0,0,0
14942,6,50,36,108,112,99
14943,0,0,0,0,0,0
14944,0,0,3,5,5,5
14945,2,2,1,4,8,6
14946,0,1,4,1,1,1
14947,0,0,0,0,0,0
14948,0,0,0,1,0,0
14949,7,0,11,37,48,41
14950,1,1,2,1,6,4
14951,0,0,1,1,0,0
14952,0,93,2,2,0,0
14953,3,0,211,11,8,6
14954,0,0,0,0,0,0
14955,0,0,0,1,0,0
14956,0,1,0,2,0,1
14957,0,0,4,0,0,0
14958,10,10,9,8,7,6
14959,0,0,0,0,0,0
14960,0,0,1,0,0,0
14961,0,0,0,0,0,0
14962,0,0,0,0,0,0
14963,0,0,0,0,0,0
14964,0,0,0,0,0,0
14965,1396,832,1164,506,730,703
14966,2,4,4,3,4,1
14967,0,0,0,2,1,1
14968,0,0,0,0,0,0
14969,0,0,0,0,0,0
14970,0,4,2,1,1,1
14971,0,1,3,4,2,3
14972,95,13,50,19,16,5
14973,0,0,0,0,2,2
14974,0,0,3,0,3,3
14975,0,26,2,2,6,6
14976,0,0,4,4,2,2
14977,0,0,0,0,0,0
14978,0,0,0,0,0,0
14979,90,36,42,17,26,26
14980,0,0,0,0,0,0
14981,0,0,0,0,0,0
14982,2,1,16,15,16,12
14983,0,0,0,0,0,0
14984,2,1,17,19,32,30
14985,0,0,0,0,0,0
14986,47,138,160,129,116,131
14987,0,0,0,0,0,0
14988,0,0,7,12,7,9
14989,0,0,0,0,2,2
14990,1,0,0,0,0,0
14991,0,0,0,0,0,0
14992,0,0,0,0,1,1
14993,0,0,0,0,0,0
14994,0,0,0,0,0,0
14995,0,0,1,0,0,0
14996,0,0,0,0,0,0
14997,0,0,0,0,0,0
14998,0,0,0,0,0,0
14999,0,0,0,0,0,0
15000,0,0,0,0,0,0
15001,1,1,1,5,0,0
15002,0,0,1,0,1,1
15003,0,0,0,0,0,0
15004,0,0,0,0,0,0
15005,0,0,0,0,0,0
15006,0,0,0,0,0,0
15007,0,0,0,2,2,1
15008,0,0,0,0,0,0
15009,0,0,0,0,1,1
15010,2,1,1,0,1,1
15011,0,0,0,0,0,0
15012,0,0,1,0,0,0
15013,0,0,0,0,0,0
15014,0,10,51,102,126,91
15015,0,0,0,0,0,0
15016,1,0,0,1,0,0
15017,0,0,0,0,0,0
15018,0,0,0,0,0,0
15019,0,11,12,16,12,12
15020,0,0,0,0,0,0
15021,0,0,0,0,0,0
15022,0,0,0,0,0,0
15023,0,4,1,4,2,2
15024,0,0,0,0,0,0
15025,0,1,0,0,0,0
15026,0,0,0,0,0,0
15027,0,7,18,4,8,7
15028,1,0,33,25,16,25
15029,0,11,36,34,58,56
15030,0,0,0,0,0,0
15031,0,0,0,0,0,0
15032,1,0,5,3,5,3
15033,0,0,0,0,0,0
15034,11,3,1,0,0,0
15035,0,0,0,0,0,0
15036,0,0,1,0,1,1
15037,1,3,13,0,1,0
15038,560,474,751,671,740,737
15039,0,0,0,0,0,0
15040,0,0,0,1,0,0
15041,0,0,0,0,0,0
15042,0,0,0,1,0,0
15043,0,0,0,0,0,0
15044,0,0,0,0,0,0
15045,0,0,0,0,0,0
15046,0,0,0,0,0,0
15047,0,2,1,1,2,2
15048,14,10,0,0,3,3
15049,0,0,0,0,0,0
15050,341,505,649,384,455,457
15051,0,0,0,0,0,0
15052,6,4,33,0,2,1
15053,0,0,0,3,1,1
15054,0,0,0,0,0,0
15055,0,0,0,0,0,0
15056,0,0,0,0,0,0
15057,0,0,0,0,0,0
15058,0,0,0,0,0,0
15059,0,0,0,0,0,0
15060,0,0,0,0,0,0
15061,517,536,517,686,577,418
15062,0,0,1,0,0,0
15063,0,0,0,0,0,0
15064,0,1,1,0,0,0
15065,1,0,0,0,0,0
15066,0,0,0,0,0,0
15067,1,0,0,2,1,1
15068,0,0,0,0,0,0
15069,1,6,15,46,11,11
15070,0,0,0,0,0,0
15071,14,1,1,4,6,7
15072,49,25,25,22,18,18
15073,0,0,0,0,0,0
15074,0,0,0,0,0,0
15075,5,9,6,4,3,3
15076,4,9,12,22,12,18
15077,0,0,0,0,0,0
15078,1,1,0,0,0,0
15079,0,1,0,0,0,0
15080,0,0,0,0,0,0
15081,2,21,13,71,26,27
15082,0,0,0,0,0,0
15083,0,0,0,0,0,0
15084,30,19,43,10,38,39
15085,0,0,0,0,0,0
15086,0,0,1,1,1,1
15087,2,0,0,0,1,1
15088,0,0,0,0,0,0
15089,0,0,18,1,1,1
15090,7,0,6,5,10,10
15091,1,0,0,0,0,0
15092,0,0,0,0,0,0
15093,5,3,65,411,499,518
15094,0,0,0,0,1,2
15095,0,0,0,0,0,0
15096,0,0,0,0,0,0
15097,0,5,4,0,1,1
15098,0,0,0,0,0,0
15099,0,0,0,0,0,0
15100,0,0,0,0,0,0
15101,2,18,34,26,32,26
15102,23,12,12,26,24,22
15103,0,0,0,0,0,0
15104,0,0,0,0,0,1
15105,0,0,0,1,0,0
15106,0,0,0,0,0,0
15107,0,0,0,0,0,0
15108,0,0,0,0,0,0
15109,0,0,1,9,15,12
15110,0,0,0,0,0,0
15111,70,530,904,224,274,312
15112,0,0,1,0,0,0
15113,0,0,1,2,1,1
15114,1,0,1,0,0,0
15115,195,372,49,47,23,17
15116,1,0,12,19,22,22
15117,0,0,0,0,0,0
15118,0,0,0,0,0,0
15119,0,0,0,0,0,0
15120,10,28,34,83,107,107
15121,0,0,0,1,1,1
15122,2,0,0,0,0,0
15123,0,0,5,5,21,25
15124,0,0,0,0,0,0
15125,0,0,0,0,0,0
15126,2,0,0,3,1,1
15127,0,0,0,0,0,0
15128,0,0,0,1,3,3
15129,0,0,0,0,0,0
15130,0,0,0,0,0,0
15131,0,0,0,0,0,0
15132,2,2,7,0,0,0
15133,655,375,292,335,404,415
15134,0,0,0,0,0,0
15135,345,148,1180,846,445,528
15136,0,0,0,0,0,0
15137,0,0,1,1,2,2
15138,0,0,0,0,0,0
15139,0,0,0,0,0,0
15140,0,0,0,1,0,2
15141,0,0,0,0,0,0
15142,9,9,4,1,1,1
15143,0,0,6,8,14,13
15144,0,0,0,0,0,0
15145,0,0,0,0,0,0
15146,0,0,0,0,0,0
15147,1,2,0,0,1,1
15148,0,0,0,0,0,0
15149,0,0,0,0,0,0
15150,0,0,0,0,0,0
15151,0,0,0,0,0,0
15152,0,1,4,1,1,2
15153,2,65,0,0,0,0
15154,0,0,0,0,0,0
15155,2,0,1,0,0,0
15156,0,0,0,0,0,0
15157,0,0,2,0,2,2
15158,0,0,0,0,0,0
15159,0,0,0,1,0,1
15160,0,1,8,1,1,4
15161,0,0,0,0,0,0
15162,10,60,63,135,60,48
15163,0,0,0,0,0,0
15164,12,14,5,20,12,13
15165,0,5,2,1,0,0
15166,0,1,1,1,1,1
15167,0,0,0,0,0,0
15168,34,7,43,1,14,9
15169,0,0,0,0,0,0
15170,0,0,10,4,6,5
15171,0,28,28,55,18,19
15172,0,0,0,0,0,0
15173,0,0,0,0,0,0
15174,0,0,0,0,0,0
15175,0,0,0,1,0,0
15176,1,1,1,0,2,1
15177,0,0,0,0,0,0
15178,1,0,0,0,0,1
15179,0,0,1,2,2,2
15180,0,0,0,0,0,0
15181,0,0,0,0,0,0
15182,0,1,2,31,11,18
15183,181,263,138,143,136,127
15184,0,0,0,0,0,0
15185,0,0,0,0,0,0
15186,0,9,6,10,11,11
15187,0,0,0,0,0,0
15188,1,0,0,0,0,0
15189,0,0,0,0,0,0
15190,0,0,1,0,0,0
15191,0,0,0,0,0,0
15192,9,16,26,27,32,36
15193,0,0,0,0,0,0
15194,0,0,0,0,0,0
15195,0,0,0,0,0,0
15196,2,0,0,0,0,0
15197,0,0,0,0,0,0
15198,0,0,0,0,0,0
15199,0,0,0,0,1,1
15200,0,1,1,7,5,8
15201,0,0,0,0,0,0
15202,0,0,0,1,1,2
15203,0,0,0,0,0,0
15204,0,0,0,4,4,6
15205,0,0,0,0,0,0
15206,0,0,0,0,0,0
15207,0,0,0,0,0,0
15208,0,0,0,0,0,0
15209,0,0,0,0,0,0
15210,0,0,0,0,0,0
15211,0,0,0,0,0,0
15212,0,0,1,0,0,0
15213,0,0,0,0,2,2
15214,0,0,9,45,41,52
15215,78,53,98,47,77,84
15216,0,0,0,0,0,0
15217,0,28,6,4,2,2
15218,0,0,0,0,0,0
15219,0,0,0,0,0,0
15220,0,0,0,1,1,1
15221,0,0,0,0,0,0
15222,1,0,0,1,0,0
15223,3,2,10,4,4,5
15224,0,0,0,1,1,1
15225,0,0,0,0,0,0
15226,0,0,0,0,0,0
15227,0,0,5,0,0,0
15228,0,0,0,0,0,0
15229,1,0,0,0,0,0
15230,1,1,1,1,1,1
15231,5,1,1,0,0,0
15232,0,1,0,0,0,0
15233,0,0,4,0,3,4
15234,0,0,0,0,0,0
15235,0,0,0,0,0,0
15236,0,0,0,0,0,0
15237,0,0,9,5,4,5
15238,0,0,0,0,0,0
15239,6,8,38,4,4,4
15240,0,0,0,0,0,0
15241,0,0,0,0,0,0
15242,0,0,0,0,0,0
15243,0,4,6,10,10,9
15244,0,0,0,1,1,1
15245,0,4,3,13,14,14
15246,0,0,0,0,0,0
15247,2,0,0,0,0,0
15248,26,32,215,27,16,14
15249,0,1,11,62,15,20
15250,0,0,0,0,0,0
15251,0,0,0,0,0,0
15252,0,0,0,0,0,0
15253,1,1,5,1,2,3
15254,98,115,84,67,89,79
15255,0,1,3,4,4,4
15256,0,0,0,0,0,0
15257,0,0,0,0,0,0
15258,1,15,20,51,52,54
15259,0,0,1,0,0,0
15260,0,0,0,0,0,0
15261,0,0,0,0,0,0
15262,0,0,0,0,0,0
15263,0,0,0,2,2,2
15264,0,0,0,0,0,0
15265,1,0,0,0,0,0
15266,0,0,0,0,0,0
15267,0,0,0,0,0,0
15268,0,0,0,0,0,0
15269,0,0,0,0,0,0
15270,0,1,0,1,1,1
15271,0,0,0,0,0,0
