ids,epoch_19,epoch_39,epoch_79,epoch_99,epoch_100
0,1666,713,1597,828,828
1,1031,117,405,479,918
2,1670,7748,459,722,2075
3,2128,1270,1086,2163,2163
4,7985,2232,7531,151,1598
5,900,1138,1491,1609,1609
6,1217,1478,939,1011,1011
7,1962,1508,790,1673,1037
8,1560,303,1978,1978,1978
9,1855,367,1831,1831,2180
10,1756,1535,8709,2006,2006
11,5898,1636,5624,8819,8819
12,882,5333,7701,5744,5744
13,9192,4978,5760,6024,6024
14,8754,1564,6284,5884,5884
15,7763,7289,9127,4447,9153
16,1017,870,8055,1359,1359
17,2154,2001,452,628,93
18,3296,4062,723,723,723
19,1236,1908,403,8034,8034
20,4450,4242,3890,3200,3200
21,164,1068,1123,1833,1833
22,1274,1879,1133,1133,2179
23,954,627,169,836,836
24,3526,3645,3151,2558,8766
25,7498,4150,676,4410,3086
26,6943,5262,7647,5229,5229
27,3954,7876,3290,5257,9139
28,885,1981,332,1297,650
29,1172,408,525,675,525
30,2277,721,768,768,768
31,5,752,7415,7612,7612
32,1501,906,494,1983,1528
33,186,2152,2152,2152,2152
34,196,590,757,365,365
35,437,2286,734,1969,322
36,1354,6627,6748,6748,6748
37,708,5945,5271,6412,6412
38,1564,1868,5678,5678,5678
39,1279,756,1126,2031,2031
40,7052,2241,737,1032,1032
41,2288,2266,1517,1517,1517
42,1911,532,1885,1885,1885
43,1697,2056,1479,1200,1200
44,995,1921,645,2196,1435
45,913,908,1324,257,1332
46,726,1421,237,254,254
47,1667,838,1176,925,925
48,1144,2906,312,1936,1936
49,1172,2016,1123,2064,1412
50,1210,1343,7689,1813,1813
51,883,1468,836,2169,2169
52,2299,1538,1412,1884,1884
53,1529,1617,1493,501,501
54,148,7909,1193,1193,1193
55,1475,269,1017,1509,1706
56,1528,1263,690,8935,8935
57,1564,842,1351,1905,1905
58,1624,1202,1175,1202,1202
59,1538,7534,1442,1442,1442
60,1680,655,72,585,72
61,1479,1425,894,627,894
62,1053,1556,7856,101,101
63,1375,1375,836,1852,403
64,1262,1699,978,1188,1188
65,982,300,2232,2232,2232
66,915,1706,2239,1050,1050
67,8988,4089,6442,5515,6834
68,214,483,303,509,1392
69,223,1381,1444,1381,1381
70,705,302,1869,1869,1869
71,1166,596,800,1295,380
72,76,990,74,411,411
73,1508,1159,1150,1150,2228
74,1200,1425,338,1652,1652
75,2058,458,25,25,25
76,2289,1965,1380,1246,1246
77,281,847,896,896,896
78,1556,1168,1008,352,352
79,2258,1888,1286,935,935
80,1296,627,1983,1376,1376
81,4060,8872,7072,7072,7072
82,970,1900,918,1505,1505
83,617,972,612,2042,2042
84,2125,1240,970,1771,1771
85,1991,1101,1592,1704,2154
86,750,1178,77,1499,1617
87,8663,1638,1756,1756,1756
88,1307,2194,1394,1772,1772
89,686,2187,1014,1014,1014
90,2204,1637,7833,9059,9059
91,1943,443,627,1007,1007
92,8077,561,2213,1380,1380
93,988,1497,2247,1518,90
94,1743,1497,1956,1748,1748
95,752,1875,656,1413,1413
96,193,2253,1933,1933,1933
97,1552,45,2212,2212,2212
98,1105,2234,1478,527,1875
99,1912,2073,766,2284,2284
100,667,2012,1247,1520,1520
101,2133,1315,646,1462,524
102,17,1997,1018,1018,1018
103,395,1407,6243,1109,5399
104,26,373,373,464,464
105,2088,2160,2197,1882,1882
106,382,724,531,1515,1598
107,1862,1667,1626,1626,1584
108,1637,1268,364,54,1829
109,467,91,1992,1691,1139
110,1158,2085,1667,1667,1667
111,2024,74,49,7179,960
112,1870,2006,1148,1246,459
113,6998,2076,886,482,482
114,2162,1879,956,956,1773
115,1712,7856,386,386,386
116,1690,920,99,99,99
117,8505,5455,4417,4417,4417
118,1040,7109,681,2455,2455
119,1115,7504,7504,7504,7504
120,324,2047,1393,2013,1393
121,896,1953,1580,1419,1580
122,157,1004,1982,1982,1982
123,775,2275,1189,1322,750
124,654,8609,739,739,739
125,1055,959,7849,921,921
126,133,1253,2204,482,2275
127,846,4846,976,976,976
128,2089,298,605,298,298
129,1344,608,749,749,749
130,29,1276,388,1238,1238
131,1489,8940,2247,78,78
132,1764,419,1758,1425,2107
133,830,2159,2198,457,457
134,8098,8264,52,52,7749
135,636,2060,1950,1950,770
136,3870,805,3948,3870,3272
137,821,1717,87,437,437
138,1670,1558,1802,1452,1452
139,2152,664,438,438,1702
140,228,1425,44,44,44
141,7376,2604,9150,9150,7126
142,1406,1919,1401,1401,1401
143,2247,1536,1181,1181,1181
144,3512,3317,4075,6432,6432
145,3676,7624,3251,3251,3251
146,7876,8168,8887,7819,7819
147,198,2134,1866,2037,2292
148,1327,802,1979,1053,1053
149,2297,323,1953,1307,1307
150,2477,115,1087,237,237
151,653,153,129,129,447
152,1006,564,1610,1711,1859
153,687,143,1736,1736,1736
154,184,9193,1335,1177,1055
155,2182,1331,2057,8752,1019
156,1747,695,1792,7221,7221
157,1264,758,2684,819,819
158,847,1388,1903,2043,2043
159,6726,817,1796,5123,4682
160,7862,8739,2270,1721,1721
161,1876,1789,487,773,1489
162,719,1535,377,1543,1543
163,9,1630,1523,1523,1523
164,2124,1964,631,9052,9052
165,779,7748,290,1153,1153
166,1023,865,2234,2234,2234
167,393,1514,2018,820,820
168,1194,1442,1870,1870,1870
169,890,2228,1161,1161,1161
170,1327,2223,1966,1966,1966
171,905,3856,8538,9192,9192
172,3071,3847,4382,4382,4382
173,1206,1206,7485,8091,8091
174,3821,7357,4436,4717,4436
175,2582,976,9105,9065,888
176,1067,1258,1067,1067,1067
177,227,847,8209,1814,1814
178,2906,8360,4640,5794,4640
179,908,1392,257,257,257
180,474,750,1504,169,169
181,657,668,761,2708,2708
182,3008,1459,1746,2098,2098
183,1779,1810,906,1093,1093
184,1926,25,2162,939,939
185,8367,304,7628,7628,7836
186,8179,2125,265,199,199
187,58,311,1869,1869,1869
188,264,2150,674,1983,1702
189,1924,841,55,327,55
190,645,1698,1891,1148,2076
191,1891,1267,1306,397,397
192,736,959,8523,1852,1852
193,1346,326,1742,90,1298
194,7073,184,1326,1135,158
195,8935,9022,8868,674,674
196,802,1861,1861,826,826
197,1706,779,2033,2061,2061
198,7091,1949,320,1509,9193
199,254,69,2198,1995,839
200,36,347,1676,1754,722
201,1187,8634,1187,1187,1187
202,1879,1249,9089,7643,657
203,585,1712,7256,7256,7256
204,2499,6116,2958,2958,2958
205,1346,1573,6678,2706,6453
206,5710,5710,6339,6339,3226
207,7399,9038,3978,5847,4032
208,1956,4440,3692,2887,2887
209,2487,3431,4957,632,6649
210,257,5732,1362,2172,608
211,1840,6962,1852,26,1852
212,432,1750,2194,2134,2134
213,1330,9180,208,208,208
214,7364,9110,7108,3933,1085
215,933,1330,1511,1511,1511
216,1041,1030,1676,1053,1405
217,1983,390,2042,2042,1810
218,801,1467,461,1446,1446
219,1208,219,1040,253,253
220,613,1722,10,2276,10
221,2148,139,4385,1706,1706
222,664,1072,815,367,367
223,2018,1078,1273,1388,1388
224,509,158,2088,233,233
225,1939,157,977,977,977
226,937,1879,8898,8898,8898
227,1104,2002,1871,101,1509
228,364,1742,2166,2166,2166
229,1797,883,968,968,968
230,2203,2043,1880,1880,1880
231,842,527,375,684,684
232,958,203,372,457,1326
233,1900,295,1218,1218,1218
234,7073,727,611,1130,1130
235,142,324,1170,959,959
236,1702,9128,6961,7521,453
237,1623,1741,1741,1741,1743
238,1714,377,697,697,697
239,1392,961,2196,947,947
240,3119,2700,3113,3113,8666
241,3474,1205,4569,4569,4569
242,9068,638,977,651,7256
243,4603,7601,7725,7725,7725
244,1691,282,49,1107,1107
245,1927,938,1274,1042,1042
246,543,1030,997,997,1074
247,4384,4846,5368,3860,3860
248,1321,1922,1646,909,909
249,537,164,422,796,422
250,307,1764,207,207,207
251,1971,9052,7719,1528,1528
252,6153,753,2378,7571,7571
253,1317,1985,1864,1864,1864
254,8609,2247,8509,1298,1298
255,536,227,1704,1102,1102
256,1721,2009,1532,1939,86
257,1723,6928,2130,2130,2130
258,390,1252,1351,788,788
259,2264,2198,241,1820,241
260,2199,2289,946,2264,100
261,6980,6980,6966,7646,7646
262,1126,575,2072,378,2072
263,5171,1729,2040,221,221
264,4161,3570,7363,999,2446
265,2192,1088,560,560,560
266,5666,6703,7265,8956,8956
267,1659,2135,1479,1653,1653
268,1398,2159,1435,2249,2249
269,7821,8591,8419,7293,7648
270,7069,870,4590,4252,6194
271,1456,1721,17,17,17
272,9181,7437,2378,1796,888
273,1208,2115,1605,8025,7838
274,9017,7151,1605,1605,1605
275,7840,1614,2078,983,983
276,177,1418,1899,4400,4400
277,256,256,1335,2138,1011
278,2076,1463,5440,5243,5243
279,1501,7856,5696,1702,1702
280,2077,1859,2085,1042,1042
281,350,7284,7038,7294,7294
282,127,8832,409,387,387
283,467,1273,1884,1326,605
284,1005,1113,495,495,1597
285,884,1475,89,465,465
286,1989,757,1696,498,498
287,246,1433,1433,1433,517
288,1200,194,918,816,816
289,1953,194,517,184,184
290,967,602,1219,1219,1219
291,2286,6175,149,149,149
292,2277,734,540,1342,1342
293,2214,1252,169,1691,1691
294,820,1937,46,46,46
295,1146,1511,2261,298,668
296,2159,161,430,1345,1345
297,8886,7631,4861,8787,6777
298,993,666,1650,1208,1208
299,6968,1031,937,733,718
300,1612,2703,681,631,7541
301,2222,1722,478,2708,2708
302,2084,1660,2241,2241,2241
303,1164,500,500,500,500
304,976,1273,4652,2796,4652
305,9,2076,1448,674,87
306,7780,802,8663,1739,8693
307,1359,1315,2110,1219,1598
308,1806,1482,1309,33,33
309,259,1258,373,373,373
310,1432,4619,534,5171,534
311,7533,3004,1990,1990,1990
312,878,357,130,130,8405
313,1466,1597,242,2078,636
314,884,1442,2156,2156,299
315,208,1578,4401,5819,5819
316,1025,3204,1292,1227,1227
317,1887,2234,60,1961,1961
318,1773,674,9052,9052,9052
319,1271,687,1706,1064,1064
320,800,175,288,288,253
321,1162,2030,1179,1179,1179
322,535,941,358,1253,1253
323,561,965,2277,496,496
324,5896,5326,6767,5093,9201
325,125,2175,552,552,552
326,162,6758,7640,7048,3037
327,1680,918,1250,1782,7370
328,674,269,1949,1765,1765
329,2227,956,405,1111,4521
330,1179,1888,819,819,819
331,1047,279,1475,1475,552
332,1225,1391,897,897,897
333,5247,8527,7024,7690,3164
334,417,7890,417,8348,3631
335,7515,9059,7249,7934,7934
336,2180,1257,2298,8821,8821
337,620,1682,1287,1512,1287
338,1749,1602,2224,2224,511
339,1497,2019,780,780,780
340,438,150,438,674,674
341,2156,1218,544,544,544
342,7667,7193,7193,7903,7903
343,904,2104,144,467,2755
344,1005,1351,842,197,197
345,219,2172,1644,1807,1724
346,2238,1915,2046,734,734
347,412,1356,1358,8906,8906
348,221,2083,7783,512,512
349,1177,1071,3310,1577,1577
350,8262,4460,8979,8979,8979
351,208,1702,8717,1191,1191
352,686,1130,367,1706,1706
353,1605,2044,823,823,823
354,241,963,1672,745,745
355,9110,1505,2043,1180,479
356,3477,839,1085,3068,3068
357,1069,7126,280,280,280
358,57,623,2100,2100,2242
359,8199,697,7041,7041,7041
360,506,1413,1671,1618,1618
361,2161,1319,2080,2080,971
362,1584,384,346,346,346
363,436,1208,2078,1693,2078
364,217,384,2250,687,2250
365,7363,7571,840,840,840
366,7821,1924,898,1354,1354
367,2261,298,1670,2253,2253
368,267,220,1433,746,746
369,1543,1543,1543,1543,1543
370,1187,2287,1171,1121,1171
371,1543,1543,1543,1543,1543
372,1813,1902,961,357,2040
373,8294,8538,3555,6722,6722
374,995,80,2258,2258,2258
375,1861,8029,7521,1405,1405
376,2154,2225,1619,2212,2212
377,593,7020,3616,761,2126
378,1641,7495,2205,810,781
379,4983,2944,5804,8526,8569
380,2238,1489,522,267,2287
381,836,106,1863,433,433
382,69,1232,2003,2003,2003
383,543,9035,7686,7686,7686
384,1818,1276,336,2155,661
385,847,2003,1261,1341,967
386,1034,290,982,1532,1324
387,1273,6595,4,8039,7073
388,6,2058,33,33,33
389,1845,5574,4840,3431,6882
390,1796,8658,7927,7927,7927
391,1260,1809,1030,890,890
392,1501,2209,1751,980,666
393,54,1999,654,654,654
394,792,1519,1652,2172,2172
395,1983,267,746,746,746
396,1865,665,2114,2015,2015
397,911,1498,1896,1896,1111
398,2269,359,2269,2269,1265
399,1394,1027,1027,1027,8920
400,489,1447,7719,737,737
401,661,8359,92,1217,1217
402,7821,180,2001,2001,384
403,170,149,59,1514,1514
404,1746,2261,1233,324,7237
405,1832,21,381,1801,1462
406,9191,3090,6852,6852,5781
407,1722,65,1442,1442,1442
408,1869,2121,1812,1812,1074
409,1673,2229,2092,661,928
410,167,1030,346,346,346
411,8137,3954,2783,8946,1417
412,593,1280,1909,1909,1909
413,425,1773,2281,1690,1690
414,2156,253,253,253,253
415,2026,408,686,408,686
416,1932,1781,1133,913,913
417,7620,8276,8811,1527,8097
418,1344,1027,2136,1085,1085
419,1031,296,1532,522,522
420,2270,1551,1721,2235,2235
421,1039,1566,823,823,2298
422,467,8335,8634,1400,8634
423,3023,7129,3811,3811,3811
424,128,1997,1630,1630,26
425,8938,916,916,3718,3718
426,1125,8657,8356,1580,1580
427,1519,1276,2186,2186,2186
428,1016,7069,49,7069,163
429,686,1079,1518,1079,1079
430,636,1028,1962,2194,2194
431,2194,432,1276,1858,1858
432,2298,1295,1635,494,494
433,549,1276,8405,8405,8405
434,1254,1114,309,890,2190
435,4390,566,8616,6815,6815
436,8332,3201,560,2818,2818
437,9123,8243,5514,7830,7830
438,487,1232,2181,206,356
439,1570,357,1887,1713,1713
440,1340,281,1700,1383,151
441,1039,2705,8868,1288,1814
442,1414,2201,558,558,558
443,1702,7410,1684,4695,8843
444,8048,7529,2342,4449,4449
445,1616,1733,785,1501,158
446,1921,589,1750,1865,786
447,6128,5042,5021,6414,6414
448,187,654,618,319,319
449,4448,3364,2331,888,888
450,734,1577,1829,1829,1829
451,1829,6135,1829,1829,1829
452,166,166,166,166,166
453,8078,217,8656,8656,8656
454,300,2084,722,1953,1953
455,7606,7724,7962,7962,7962
456,806,1604,713,713,713
457,1731,303,1319,1319,1319
458,2201,2287,1452,2201,2201
459,633,1270,912,912,912
460,10,816,4338,382,27
461,928,1852,1017,789,1236
462,1633,2210,1172,1172,1214
463,205,953,392,1593,1593
464,2080,1450,1164,791,791
465,6147,6784,4692,6896,6896
466,3,695,449,295,295
467,752,950,344,344,1383
468,176,1010,1074,2196,2196
469,1764,1536,467,514,514
470,1924,863,918,467,1354
471,1250,1080,310,1428,1428
472,1121,586,1447,1447,1447
473,1385,777,1739,777,777
474,8863,8765,1684,1684,7571
475,1948,228,378,228,228
476,1373,883,664,664,664
477,7382,8154,7493,8260,9025
478,2272,1425,1170,2095,2095
479,408,3342,408,1649,408
480,1274,1480,545,545,545
481,1276,8693,494,494,494
482,217,713,1574,1154,1154
483,2559,7859,6471,6471,7755
484,401,495,981,760,760
485,846,5302,871,660,660
486,603,1426,335,568,568
487,352,4332,1373,1373,1373
488,453,2172,1683,1683,1683
489,1459,1388,472,1903,1903
490,1772,9050,1064,1064,1064
491,1627,1592,203,203,203
492,403,1489,1296,898,898
493,45,1247,1315,2115,2115
494,826,696,1821,1821,1821
495,842,776,1187,93,93
496,1396,955,175,175,1896
497,7250,1440,1113,1845,2257
498,2187,1813,950,2229,1600
499,677,1064,1626,775,1724
500,165,89,1399,1256,1461
501,205,1405,2175,2192,748
502,2104,6618,2014,1709,2014
503,811,206,8663,90,90
504,7592,7069,7069,7069,7069
505,1701,7821,434,1924,1924
506,1879,1249,1908,1908,1908
507,1706,1497,7699,988,988
508,1427,1911,961,630,961
509,1482,1602,1117,804,1509
510,8956,390,6079,5868,5868
511,2247,980,723,8579,8579
512,226,1964,9013,8015,8015
513,8348,3123,8616,6013,6013
514,566,7703,8726,8726,8827
515,1702,736,6791,6791,6791
516,1442,1262,1486,1486,1590
517,8609,9080,7290,834,834
518,1483,633,1116,1765,805
519,964,2043,253,60,60
520,2238,7561,16,16,16
521,1040,780,453,1078,1501
522,709,5628,6624,6624,6624
523,727,177,444,444,444
524,1085,3762,7836,7836,5584
525,296,8662,458,970,970
526,453,2921,7363,7363,7363
527,1472,1800,1800,2095,2095
528,1259,5047,1217,2084,1217
529,4378,1702,952,700,700
530,2044,9229,4811,2591,2591
531,1893,524,985,646,3572
532,1497,2019,2302,620,555
533,1708,6126,1223,4454,4454
534,1764,482,920,561,561
535,422,2133,1162,1733,1733
536,7225,2175,2175,1680,194
537,1871,1373,737,7358,7358
538,7736,8591,6702,4768,8361
539,2232,7885,1922,1922,1127
540,1813,294,932,1421,1421
541,1264,725,2168,672,672
542,1369,326,1878,2187,2187
543,2102,1404,1777,21,21
544,1587,37,490,2015,2015
545,2249,684,931,1318,1318
546,2173,1696,1846,2000,2000
547,5157,5371,9158,9158,9158
548,505,504,504,616,616
549,285,1025,2262,9017,413
550,48,1211,48,1115,1115
551,239,330,1545,1968,1968
552,1828,1621,1504,1490,1490
553,2254,2244,840,1562,1562
554,2026,2163,2165,373,373
555,2014,41,41,41,6602
556,664,2708,700,700,700
557,915,78,36,942,284
558,7001,117,52,52,52
559,1535,307,803,828,2287
560,8221,11,1965,1563,1563
561,1821,9093,1631,894,894
562,1924,904,176,1781,1231
563,495,1538,1021,1021,1021
564,1497,780,583,2175,7412
565,1646,980,1532,1519,1519
566,1497,1535,1433,1433,1433
567,2271,10,171,2190,941
568,1748,32,641,668,2109
569,254,1754,590,1387,1387
570,1532,1329,852,852,852
571,8335,2145,1888,1156,1425
572,1930,1329,1033,1033,1033
573,1821,521,1341,1124,1124
574,1540,1560,1707,189,189
575,540,2193,2216,1178,1178
576,942,21,116,572,1549
577,499,1610,1565,1565,1565
578,1072,570,1448,1128,1128
579,2015,1376,486,42,42
580,1640,1019,2130,1864,2130
581,2173,1280,2099,2099,2099
582,122,1015,1103,1015,1015
583,1771,2095,1849,1849,1849
584,516,516,1468,642,642
585,1229,1140,2097,427,427
586,202,603,1844,1123,1123
587,1780,2178,967,1466,1466
588,1195,703,1499,39,1484
589,330,1863,2241,1669,1081
590,2293,2082,146,2155,146
591,1221,1440,464,1234,1234
592,1834,249,2084,1837,1837
593,106,1107,2173,281,281
594,2179,7256,741,272,741
595,1536,1672,1536,1225,1225
596,459,2179,1365,740,740
597,1646,1522,1452,1452,1452
598,835,166,2099,474,474
599,831,354,1063,1063,1063
600,2286,1596,536,831,831
601,1349,654,747,54,747
602,1581,2306,645,634,634
603,3322,3290,3882,2507,4604
604,4071,828,2276,2276,86
605,409,10,305,10,10
606,1545,686,1867,1867,1867
607,2049,1069,4019,4019,4019
608,8204,1909,178,928,928
609,732,1075,815,177,815
610,1128,695,1770,850,850
611,1753,1923,138,138,1576
612,1893,1991,2292,563,574
613,1659,2195,955,955,955
614,2190,1224,1736,3209,315
615,988,283,1526,1526,1526
616,5703,9096,5745,5755,5755
617,8329,5519,8521,8521,8521
618,1947,1940,7598,3822,3822
619,391,1828,1095,1640,1640
620,2238,1711,2023,7862,667
621,294,1868,932,932,932
622,986,2074,2074,986,986
623,828,105,340,340,340
624,1747,669,718,761,761
625,1567,1839,1492,1107,1397
626,54,872,644,644,2302
627,1770,1307,1931,244,244
628,1106,1940,1723,1723,1723
629,450,2071,2154,2154,2154
630,925,1075,1878,1878,1878
631,2005,958,838,1878,1878
632,283,275,509,1287,509
633,1278,8262,8359,1509,8359
634,1918,558,986,986,986
635,1063,6038,8869,8869,8869
636,775,1301,286,343,597
637,881,225,753,1375,1375
638,419,2172,689,611,689
639,525,2183,1395,343,379
640,1086,2065,894,1194,1194
641,2221,2292,1342,1342,1342
642,1722,608,186,183,183
643,1604,1825,1276,1741,1741
644,1825,1825,303,8638,8638
645,1859,1463,1042,1042,2146
646,547,1329,2148,517,1303
647,1954,893,1134,1134,1134
648,1452,797,100,100,100
649,1055,2036,713,806,806
650,756,2182,1874,1874,1874
651,1919,172,1302,2215,2158
652,383,138,1893,1893,1893
653,7253,6314,6496,6496,6496
654,2012,1006,623,1987,1987
655,1753,8532,6380,9045,9045
656,1302,2125,2058,1370,1609
657,1250,709,709,15,15
658,161,1485,1943,1911,1911
659,1561,1057,1661,1052,2030
660,605,2285,1392,1392,2007
661,1187,8113,657,657,657
662,1317,696,9,1139,1139
663,568,94,1023,1819,1023
664,997,3314,311,227,227
665,436,2023,2029,1694,169
666,1945,959,2143,2143,2143
667,2224,2043,8717,305,1191
668,102,2264,4089,2150,2150
669,2172,1833,2305,2305,2305
670,2028,1554,1550,2112,2112
671,277,2258,1569,617,617
672,1787,1494,36,2238,2238
673,958,1128,4,1581,1581
674,1640,1882,1640,200,200
675,1395,1105,2068,990,990
676,1072,687,2011,248,248
677,1534,1729,765,1911,1625
678,1882,429,347,1690,1690
679,1667,324,1060,1060,1060
680,1341,7429,1666,1900,1900
681,1529,1876,498,498,498
682,1316,2129,570,1925,1925
683,1319,1679,1504,1860,294
684,394,1335,255,1232,1232
685,72,314,72,1139,1139
686,255,1834,255,2072,2072
687,2085,1399,416,790,1340
688,1300,2277,1289,1289,1289
689,1511,5134,4309,9013,531
690,1144,143,755,551,551
691,2304,410,358,34,34
692,537,2104,2084,1197,1197
693,85,876,536,909,128
694,1908,472,116,116,116
695,3139,2047,1510,1240,1240
696,7376,669,995,995,995
697,510,1065,8294,8294,8294
698,7288,2308,2308,2308,2308
699,1728,1951,1593,1951,1951
700,774,1505,163,163,163
701,1698,59,2072,1410,1410
702,552,3744,1623,943,1453
703,1819,1750,1393,7297,1393
704,117,246,2301,605,605
705,994,250,95,1844,1844
706,1639,516,33,33,33
707,2048,2258,1503,1503,193
708,509,2064,1565,1679,1679
709,1901,646,2137,1223,1223
710,1494,334,1610,901,901
711,585,1953,322,425,2046
712,8176,142,2137,595,3954
713,1789,1471,1001,1555,1001
714,2303,167,1033,1033,2182
715,406,383,477,1630,1630
716,531,268,8144,8139,8139
717,2215,923,692,2213,1359
718,189,1150,1651,699,699
719,1917,1462,1223,2295,2295
720,2284,524,165,1230,1230
721,353,1895,454,1786,2059
722,2124,1463,1704,1703,2269
723,1614,958,1839,1098,2264
724,1958,4386,129,129,129
725,709,138,639,724,1890
726,2209,289,1073,85,85
727,1965,1331,203,203,203
728,1030,887,67,769,36
729,3587,556,885,758,758
730,1204,8950,6247,2851,3195
731,6995,440,2280,4321,4321
732,1095,1922,1356,2065,2065
733,1823,254,612,7598,612
734,444,444,2067,3209,3209
735,686,4,922,922,922
736,433,1434,820,1123,1123
737,886,2147,1062,1114,302
738,5285,1238,1300,2093,2093
739,1479,1781,1788,798,1013
740,199,1277,1533,851,1901
741,759,2249,369,759,759
742,1733,2190,2190,664,2190
743,1263,2284,28,361,2203
744,981,7780,137,137,137
745,1472,1017,420,1090,1567
746,565,1299,884,1926,1926
747,746,1789,177,177,177
748,212,1038,1561,1431,567
749,2148,1624,1101,102,1487
750,643,1403,454,2295,2295
751,1124,1306,626,626,2015
752,964,232,649,1521,1912
753,642,1720,344,1215,1215
754,699,1140,215,215,215
755,1066,944,728,728,728
756,9001,419,487,1771,1771
757,1702,9072,8843,7363,7363
758,9176,3631,7194,8385,8253
759,1027,2300,1449,1999,1999
760,1,1985,751,751,751
761,185,6530,6966,6966,6966
762,1203,100,7168,2299,2299
763,641,1743,2086,1503,1503
764,1452,393,156,996,156
765,188,1720,420,1007,1007
766,212,374,165,1662,1662
767,2289,6999,3681,986,3681
768,7171,5234,6538,4596,4596
769,8306,4785,6444,3848,6444
770,5706,6538,6538,3878,3878
771,1052,1753,1753,1753,1753
772,1052,1873,1763,154,154
773,450,1285,2190,1524,584
774,2258,2258,1336,1336,1336
775,2212,979,873,442,626
776,1876,1783,8281,8281,8281
777,7648,7797,142,7293,2051
778,1922,1805,721,9169,721
779,419,1518,8293,300,792
780,826,327,2148,834,1125
781,2234,2234,1039,2234,2234
782,1466,2092,1205,1215,452
783,887,1151,1315,1584,1315
784,248,2162,425,44,44
785,184,1178,1242,1242,1242
786,444,1766,1285,1310,1310
787,6715,847,1356,1498,1498
788,2564,1820,623,623,623
789,787,1537,737,968,968
790,1390,85,1666,1666,1666
791,1466,2246,253,823,823
792,2057,2195,2268,1475,1475
793,1720,2215,599,599,599
794,1838,1227,2146,966,229
795,1112,725,183,183,183
796,1385,8097,1765,1765,1765
797,2048,1064,1349,1349,330
798,1518,7640,1354,8098,8098
799,517,2106,1799,580,580
800,708,330,936,1684,1684
801,2024,2094,1763,1948,1948
802,1824,1824,1390,587,587
803,655,55,1391,1391,1391
804,1885,1500,1635,1038,429
805,731,385,406,406,406
806,7081,960,1187,1373,1373
807,1702,1117,2906,2906,2906
808,164,1780,913,940,1996
809,659,2011,1037,418,418
810,155,890,499,1893,1893
811,1085,8361,1276,8717,8717
812,195,1529,1528,2136,1485
813,843,603,207,589,589
814,83,2375,5285,1270,1936
815,896,1018,959,1875,1875
816,2295,2295,2200,2200,2200
817,21,1499,1777,1835,1835
818,1553,1387,583,583,583
819,8014,940,2233,2233,2233
820,667,1687,1610,1610,1610
821,3,1591,119,1496,1496
822,554,1889,2030,1095,1095
823,1339,1339,762,1610,1610
824,2118,1518,1142,1142,1142
825,843,442,2196,1597,2196
826,57,1166,6,644,644
827,2295,1296,946,946,946
828,2143,1305,2182,2182,2182
829,2113,559,1917,2228,1989
830,379,1591,1640,1640,1640
831,1531,955,112,617,617
832,1709,36,1781,740,740
833,7184,315,331,1559,584
834,2103,756,517,517,517
835,865,219,8638,8638,8638
836,1495,2111,1215,419,419
837,2269,7192,8209,8209,4228
838,8244,3689,8819,8819,8819
839,1575,7830,8241,8241,8241
840,2254,564,1817,1817,1817
841,741,359,132,1292,1292
842,643,1060,1441,561,561
843,3693,5487,4081,234,7192
844,8254,7176,7176,7176,7176
845,224,1120,2087,2087,2087
846,2137,452,1302,1524,317
847,1133,1113,1351,1554,1554
848,1381,2131,963,2147,2147
849,3366,358,4290,4290,4290
850,88,986,285,159,159
851,952,1459,7711,1441,2134
852,3808,5467,8646,8646,8646
853,8191,3157,3070,3847,3847
854,7801,6518,5590,5590,5590
855,1738,1470,1470,1470,1470
856,1992,617,2141,1324,2141
857,724,1102,723,1224,1224
858,2162,1156,901,750,750
859,1900,206,2011,1522,1522
860,735,1559,1345,1873,1799
861,898,783,1062,962,962
862,1579,589,2041,1408,1408
863,1705,1942,811,1309,1234
864,889,578,540,1664,1664
865,2048,787,8602,1933,1933
866,1887,2224,2103,2103,2103
867,74,459,1687,2128,2128
868,1155,1841,1572,838,14
869,1285,1378,1481,1503,2048
870,686,297,1226,811,1583
871,1862,1994,533,2297,2297
872,1681,2304,580,1128,193
873,1073,1309,2029,1110,887
874,1186,1913,1865,1681,187
875,1740,1537,36,36,233
876,2118,685,1975,1975,1975
877,64,64,523,523,2202
878,64,64,64,1609,1609
879,6722,2007,975,975,975
880,346,8722,7953,326,9050
881,1841,2256,8,8,8
882,614,614,614,614,614
883,614,614,614,614,614
884,1629,1107,2018,295,1647
885,375,230,2112,1699,1699
886,375,2051,2183,431,488
887,216,1876,1165,1936,1527
888,1205,533,2215,548,548
889,1185,1496,1705,1705,1705
890,559,909,1862,1862,1862
891,1454,2283,169,2227,1252
892,132,1999,1492,1099,838
893,1279,2010,1303,4,378
894,1593,636,1325,877,1955
895,1024,688,1898,1889,1889
896,1313,2271,252,41,598
897,1359,1632,890,890,890
898,513,1201,1426,1426,1426
899,1731,672,320,507,507
900,2301,2301,1538,1538,1538
901,9093,466,1714,1884,1714
902,1456,1669,7675,819,819
903,1309,1669,1623,2299,7168
904,2179,741,37,2270,2179
905,1255,630,7179,1504,1400
906,1339,1377,96,1533,1220
907,1379,250,2225,2047,2047
908,2173,1197,1919,205,1501
909,1378,1475,530,480,480
910,1179,1237,2200,2062,2062
911,2091,277,1391,1066,1066
912,1631,970,1098,564,564
913,1842,617,420,237,420
914,2092,47,7909,7909,7909
915,1898,1365,1384,450,450
916,710,676,2089,2089,2089
917,625,391,365,769,1413
918,893,1004,1479,1279,1279
919,1099,914,1617,2028,370
920,2085,539,1463,1463,1463
921,264,2227,2191,1813,1813
922,1276,2126,700,7189,4734
923,1155,2061,1970,2070,2070
924,546,546,903,903,546
925,1296,1403,35,35,35
926,1599,1687,1687,1687,2112
927,621,9050,344,1540,1673
928,8774,4645,4030,6320,2115
929,1465,487,7821,487,487
930,657,761,1551,1551,1551
931,734,1428,1183,1183,1183
932,2076,2440,7260,101,101
933,700,1885,47,2086,2086
934,2304,948,1384,2282,1384
935,2088,2125,556,556,556
936,2061,397,2073,2303,2073
937,197,337,733,1660,1660
938,1054,1850,487,487,1771
939,704,310,1624,545,599
940,2288,1367,671,189,189
941,1893,111,834,834,834
942,1924,918,918,337,2220
943,1836,1967,1543,246,1543
944,857,411,164,2226,2226
945,845,1319,781,115,115
946,2007,1005,2089,1469,1469
947,1197,622,655,644,644
948,1572,902,8678,5222,5222
949,7581,8487,8764,7464,7464
950,8934,9064,6810,8171,7648
951,1808,920,886,2172,2172
952,1550,1639,1863,1863,1863
953,204,1026,719,100,100
954,103,7270,1016,1016,1016
955,1240,1808,1947,1947,1947
956,7427,6496,1624,1624,1624
957,602,616,1832,1832,1832
958,2169,1375,1375,1375,1375
959,806,2119,105,1357,1194
960,1686,2164,246,828,828
961,770,1184,1069,1069,1069
962,1615,1723,1869,343,343
963,907,262,1824,1824,1824
964,2007,981,466,466,466
965,1257,822,1012,1012,1012
966,591,1485,1073,798,1451
967,1534,343,2195,2195,2195
968,829,1893,1893,1403,1403
969,672,4321,779,2134,183
970,9185,1638,2628,4632,4632
971,17,8863,2018,1071,1071
972,478,1622,176,1318,1318
973,478,1152,1788,577,577
974,2213,1371,9,1970,1970
975,2430,2749,8052,4008,8106
976,8030,1647,259,259,259
977,1029,8736,8999,8999,5033
978,2073,2266,1229,32,32
979,218,635,1566,919,919
980,1948,995,6012,7048,7048
981,1692,562,978,978,978
982,747,475,8708,33,33
983,1217,1724,2286,879,2036
984,32,7,626,626,626
985,1714,1986,1902,1902,1902
986,1306,1327,1143,924,924
987,1433,7545,1988,8617,8617
988,1657,1967,8394,4331,4331
989,8981,7678,7354,7537,7723
990,208,8972,1505,1505,1505
991,1078,878,324,2227,2227
992,7749,1560,390,4019,4019
993,786,532,532,400,532
994,398,248,588,588,588
995,499,8381,982,982,982
996,1701,1437,174,174,174
997,30,410,602,2020,2020
998,6928,2241,1592,236,1927
999,2214,1055,1050,1050,1518
1000,1367,1612,1167,1167,1167
1001,1961,1055,883,222,222
1002,1686,1898,1914,994,994
1003,1518,1305,1391,1391,1391
1004,1543,514,2011,42,709
1005,7502,1023,2189,1720,1720
1006,19,1934,944,944,944
1007,204,2150,94,94,94
1008,2291,42,730,788,788
1009,1701,1690,239,718,792
1010,201,570,2190,2190,851
1011,1208,65,2242,2242,2242
1012,972,603,1892,1032,129
1013,1695,413,1285,1285,965
1014,854,306,1896,210,210
1015,1397,192,364,734,734
1016,2256,364,1013,1821,1821
1017,6,1727,7,7,7
1018,1912,2196,716,2081,1166
1019,1521,126,126,126,126
1020,369,815,383,1449,1449
1021,2153,1155,2288,459,459
1022,1914,861,188,1120,1980
1023,1699,6010,8663,8663,5198
1024,2247,121,39,2240,2240
1025,593,1630,364,453,453
1026,2160,1455,318,318,318
1027,716,798,13,13,929
1028,1996,1195,1833,782,1833
1029,2059,1832,2187,2187,1046
1030,1410,1382,1319,1805,1698
1031,890,826,936,1648,1556
1032,107,2247,29,810,810
1033,1278,1278,2294,555,2294
1034,1266,1262,196,196,196
1035,2039,664,1709,1148,1148
1036,443,1885,667,1989,1989
1037,2156,1039,4071,787,787
1038,500,1281,2217,2217,2217
1039,379,874,874,874,874
1040,69,883,437,437,437
1041,2275,1037,6,990,990
1042,186,7290,1772,2182,1772
1043,1457,1569,6,6,6
1044,1490,159,890,1847,485
1045,869,658,7490,1201,1201
1046,1764,282,1587,318,550
1047,1762,1256,454,564,454
1048,243,8720,3924,2132,2132
1049,2154,5047,652,528,470
1050,450,2284,1785,1463,1463
1051,2157,972,1100,85,85
1052,1608,1485,133,370,370
1053,1747,2029,876,244,244
1054,1840,936,2297,1641,1737
1055,1938,319,132,132,132
1056,1921,246,676,1868,1868
1057,1157,1986,1986,549,549
1058,1049,1171,1157,7782,7782
1059,2643,229,19,1366,19
1060,3823,1334,191,1892,1892
1061,1418,7209,513,1057,1057
1062,1722,1961,1825,2234,2234
1063,1307,1846,941,941,941
1064,340,1184,1442,1184,553
1065,609,1528,1559,322,1034
1066,2014,984,206,1898,1898
1067,1549,793,56,8576,807
1068,874,1177,393,2000,2000
1069,175,1083,281,1450,881
1070,491,2162,1604,642,642
1071,158,2299,32,32,32
1072,1171,1390,459,36,2131
1073,2090,1392,2299,2299,2299
1074,2156,3197,1961,1961,1961
1075,1478,1875,1478,1875,1875
1076,1202,645,1327,1327,1327
1077,522,2250,1840,1482,1482
1078,1876,1353,2171,293,2171
1079,1969,1378,1874,1874,1378
1080,756,2212,1190,2271,2271
1081,1406,1634,2097,1666,1666
1082,1959,1069,1402,1402,1402
1083,8399,1590,967,709,709
1084,2269,8972,1814,128,1765
1085,706,1747,412,412,425
1086,3962,1077,1716,1278,1278
1087,109,5575,7772,4397,6905
1088,1442,269,63,1630,1630
1089,2172,2220,318,1658,1658
1090,1811,1942,1693,1762,1693
1091,532,7587,2887,1421,1421
1092,1066,1462,1434,796,796
1093,2129,813,1094,1418,1418
1094,1512,3526,92,1199,1199
1095,1814,319,1839,1839,1839
1096,313,2041,1705,570,570
1097,1888,842,248,1371,367
1098,1905,1743,1171,1543,1543
1099,9013,1122,1995,1416,1416
1100,7939,7986,455,8083,8083
1101,811,418,743,1062,1340
1102,179,698,72,360,360
1103,1624,74,1278,1278,1278
1104,756,1276,2087,1791,1791
1105,1791,8394,1730,675,1793
1106,708,1026,1791,1791,1791
1107,1861,4361,902,8722,902
1108,1841,1276,1964,1964,1964
1109,2070,1753,1985,1985,1985
1110,1234,811,1279,940,940
1111,1920,649,1773,704,704
1112,1548,587,1176,682,682
1113,1938,2102,913,913,2300
1114,1101,629,906,188,343
1115,837,1806,102,827,102
1116,1147,1163,1723,1723,1723
1117,347,685,1662,1563,1563
1118,2042,2150,1299,1299,1299
1119,1909,1167,973,973,973
1120,321,981,1559,146,146
1121,815,1442,550,550,550
1122,611,7735,631,4401,4401
1123,3382,7768,8253,803,7942
1124,1208,205,7699,1326,1326
1125,2199,1466,1426,663,1426
1126,381,431,2005,729,729
1127,917,61,113,2262,113
1128,7580,8081,7186,8143,8143
1129,1610,6116,922,395,395
1130,1395,265,548,265,548
1131,362,3085,2531,3071,3071
1132,1595,1877,553,882,8485
1133,7035,7948,8423,8423,8423
1134,8137,226,2122,9231,9231
1135,1556,1187,153,153,635
1136,952,163,104,1670,1558
1137,2234,304,737,737,737
1138,8767,8939,8142,7980,8956
1139,284,1722,478,478,478
1140,2195,1842,1821,556,556
1141,398,705,610,1526,1526
1142,679,1767,610,610,610
1143,7700,8306,669,8174,7952
1144,575,1567,688,2272,2272
1145,1982,31,2291,1729,1729
1146,422,950,1905,897,897
1147,828,1441,1742,2277,1005
1148,7782,2104,272,828,1554
1149,1687,202,901,861,901
1150,1438,1065,861,861,861
1151,188,1567,1998,2003,2003
1152,2218,1560,5880,114,3910
1153,369,1753,402,1420,1359
1154,753,1486,1865,786,2298
1155,1029,584,937,2163,2163
1156,1291,423,2230,148,148
1157,1324,530,267,2261,267
1158,467,1989,231,231,231
1159,1119,2220,1407,788,1687
1160,890,1624,2034,29,1673
1161,2091,716,716,2196,2196
1162,2212,929,691,2195,691
1163,810,2050,1555,1013,1013
1164,1519,2080,898,477,477
1165,29,472,1105,1105,1105
1166,776,776,2122,2122,917
1167,1061,2308,365,386,1574
1168,1829,750,149,826,826
1169,1480,618,202,202,202
1170,510,1986,144,9203,9203
1171,520,288,1925,1925,1925
1172,247,2941,2755,2755,2755
1173,395,1197,444,177,693
1174,58,511,1131,629,629
1175,986,9125,1023,1023,1023
1176,212,212,1662,1366,1366
1177,2224,2033,1895,88,88
1178,89,1600,173,984,984
1179,1651,142,2269,1667,2269
1180,1221,8513,145,5699,8692
1181,751,931,2263,2263,2263
1182,397,1074,397,1929,1929
1183,180,1345,397,1035,1035
1184,634,894,369,468,369
1185,1032,294,1069,1069,1069
1186,684,2195,625,2293,1264
1187,2236,1003,301,301,301
1188,1307,1210,1604,1604,1604
1189,521,78,920,1865,1865
1190,1397,140,1987,887,887
1191,339,1448,318,1448,1448
1192,481,1550,278,278,278
1193,339,2292,2060,1372,1372
1194,827,1816,1954,410,922
1195,440,1640,720,1942,1942
1196,119,587,608,2166,2166
1197,782,1377,452,356,449
1198,320,1698,957,499,499
1199,1383,1956,89,2298,2044
1200,2046,1551,49,1252,1409
1201,154,193,2275,2199,1210
1202,696,336,1876,2204,2204
1203,728,1783,8912,8912,8912
1204,2022,1154,2232,2232,2232
1205,1164,1848,459,1349,459
1206,1471,2049,689,1334,1914
1207,1310,2153,2244,2078,2078
1208,1998,1998,331,331,1426
1209,1507,182,929,2196,2133
1210,1951,1938,716,716,716
1211,1272,1181,1891,1368,811
1212,963,1767,1698,1815,1584
1213,452,807,240,1797,1797
1214,969,1300,2140,514,514
1215,1415,6236,6476,3983,1642
1216,223,423,1866,223,223
1217,959,2162,1778,2230,2230
1218,1851,1178,571,571,571
1219,1705,2022,447,447,447
1220,1705,525,233,233,233
1221,2145,200,2169,2169,2169
1222,1354,2069,625,2168,2293
1223,1490,1890,1881,1881,1881
1224,1839,2108,2154,2154,2154
1225,962,459,1309,1309,1309
1226,1359,452,334,893,334
1227,680,10,449,23,23
1228,1413,2096,994,994,994
1229,122,1610,1835,511,511
1230,2237,1950,143,273,2266
1231,519,480,658,908,1383
1232,800,644,185,1553,947
1233,974,676,1689,1689,1689
1234,2120,2174,7487,7487,7487
1235,1960,511,1729,1429,1429
1236,3141,4024,7219,3953,3953
1237,1593,8314,3689,7950,7950
1238,1090,2150,2290,2290,2290
1239,100,1100,1336,1481,1378
1240,1951,804,861,861,132
1241,57,961,296,1748,1748
1242,304,203,9068,768,1627
1243,871,404,1249,8940,8940
1244,2099,1684,7429,369,369
1245,1198,638,134,134,587
1246,890,1065,716,716,716
1247,615,2280,822,1531,1662
1248,1589,1452,1080,1080,1080
1249,1217,1482,1509,2079,2079
1250,2198,720,934,934,7240
1251,181,181,1996,504,1761
1252,552,7909,1361,851,851
1253,2265,3034,5533,6624,5533
1254,989,389,2250,65,65
1255,2194,305,1487,2033,2033
1256,1622,1786,1287,1435,42
1257,1362,1764,1035,1035,1035
1258,1992,920,164,9,9
1259,1250,2007,1879,7415,7415
1260,365,2183,831,314,314
1261,426,1762,1625,501,501
1262,37,1661,1802,969,969
1263,1171,1065,650,650,650
1264,1517,1986,842,1564,842
1265,1246,2159,409,409,409
1266,1038,1537,1408,1541,1541
1267,1227,1655,1359,1632,1632
1268,749,7784,2208,293,293
1269,1079,5830,2134,1393,1393
1270,1813,438,212,279,686
1271,8378,1613,15,2004,139
1272,1297,758,1730,675,675
1273,1425,950,964,1682,949
1274,52,1078,1778,501,501
1275,1161,1001,1142,1142,1142
1276,972,3,2301,143,143
1277,551,1391,1007,1354,1354
1278,2253,661,1641,388,199
1279,307,1494,1816,927,927
1280,148,2043,1489,2238,504
1281,301,61,1448,1448,3036
1282,543,1652,1939,1066,1066
1283,2162,1119,7748,4521,1694
1284,1821,768,246,1171,630
1285,2062,222,779,2287,2043
1286,3445,6726,6177,3842,3842
1287,1143,166,2150,2150,2150
1288,542,343,2085,925,925
1289,449,86,878,438,438
1290,2130,983,2253,26,837
1291,1624,1533,8967,1770,1770
1292,1753,1807,919,2158,2158
1293,817,9192,817,817,817
1294,1206,6628,6390,3689,6390
1295,2077,4127,3975,3975,3975
1296,410,1343,2135,1512,2139
1297,1723,54,942,1932,1932
1298,1804,1627,477,1038,1038
1299,1569,1425,559,2212,2212
1300,1408,980,164,1542,1542
1301,1996,753,447,447,447
1302,1391,22,1730,2247,2247
1303,1921,655,466,466,466
1304,220,8823,933,472,472
1305,7301,6626,4007,2752,2752
1306,5243,7552,2783,5825,5825
1307,1014,2134,395,414,414
1308,2017,1105,199,199,199
1309,1278,1885,1278,1896,1885
1310,2215,381,2150,2150,2150
1311,1362,384,85,85,85
1312,1391,164,1674,1622,1622
1313,624,617,282,920,138
1314,633,1088,6722,9180,9180
1315,1040,970,780,320,320
1316,1971,52,1177,1177,1177
1317,323,1917,1075,1075,1075
1318,106,2008,360,8335,8335
1319,107,1624,1480,402,402
1320,456,1499,125,159,159
1321,1561,345,1431,1635,429
1322,2284,2173,1808,1808,1808
1323,2153,1681,13,13,13
1324,69,183,1849,955,1589
1325,1895,160,533,533,1919
1326,1820,291,333,333,439
1327,3209,1736,1736,1736,1736
1328,2068,1075,7,1759,1610
1329,8318,240,254,1340,254
1330,1017,2118,1188,1188,1188
1331,1991,1335,385,2057,2057
1332,2138,22,1388,1388,1388
1333,766,1163,873,873,252
1334,4903,5646,6210,5646,5646
1335,368,171,2255,979,184
1336,2221,1542,2093,2060,893
1337,1911,1503,1282,1157,1157
1338,2069,247,228,375,375
1339,408,1623,1810,2138,2138
1340,2104,1781,1866,360,9093
1341,1710,2221,1822,254,254
1342,2287,2298,2287,479,404
1343,2109,9093,650,666,650
1344,795,1661,7,7,7
1345,88,955,1161,786,580
1346,2164,1287,880,880,880
1347,675,1905,164,1870,1141
1348,1232,955,1080,860,474
1349,2196,841,1754,1905,55
1350,1479,1821,325,1854,1854
1351,665,6582,6582,6582,6582
1352,922,1272,637,637,637
1353,751,2257,1936,1148,1148
1354,810,1384,1640,1133,659
1355,1591,1985,450,862,862
1356,1729,431,1799,1454,1454
1357,2065,100,1184,2164,2164
1358,74,1493,2221,2221,2221
1359,913,1844,1811,88,88
1360,1015,1898,1832,1499,1499
1361,317,1178,2003,200,200
1362,2117,1872,1872,1872,1872
1363,7931,1597,1597,1597,1597
1364,641,1427,605,605,1065
1365,1424,985,1046,1046,1046
1366,121,169,1519,21,1519
1367,864,282,687,687,687
1368,775,591,2049,2049,2049
1369,1080,693,1637,1566,1566
1370,1726,452,320,2177,2177
1371,209,2298,209,44,44
1372,1169,1947,1004,3346,1872
1373,52,2007,904,246,246
1374,3143,2019,7081,7081,7081
1375,8329,7391,8263,921,921
1376,3731,43,3855,3878,9013
1377,447,838,1152,41,1152
1378,2112,838,838,1266,16
1379,1594,261,943,893,421
1380,1293,809,1293,1754,1754
1381,1615,3076,1135,1735,1735
1382,1754,1957,795,2271,2271
1383,9072,69,151,1814,1700
1384,3678,815,7973,1650,27
1385,2295,868,467,467,467
1386,1000,275,1045,1661,1661
1387,648,1479,1548,1336,1336
1388,335,1892,6998,2062,1281
1389,802,747,116,310,310
1390,1700,1496,84,2048,333
1391,133,113,2059,868,868
1392,948,994,2255,1166,2167
1393,1278,1679,359,325,325
1394,679,714,1552,2295,2295
1395,2065,59,1470,439,439
1396,523,748,1715,1704,1704
1397,561,1728,1801,796,6928
1398,1102,2127,273,700,700
1399,445,994,274,274,1473
1400,993,1285,2228,2228,2228
1401,2300,1762,311,311,262
1402,629,261,1799,670,2160
1403,1610,480,480,480,480
1404,1363,1403,1439,813,813
1405,1251,1526,1395,1057,1923
1406,1493,1270,59,1914,2199
1407,334,13,7881,1809,1809
1408,1298,7024,222,222,660
1409,2981,1884,605,605,605
1410,371,1551,904,1712,1712
1411,8116,7013,9085,7020,4063
1412,526,1004,1255,1255,1255
1413,1837,36,1837,1837,1837
1414,1311,2680,4041,124,124
1415,1916,1085,7371,4629,4629
1416,1476,1171,1476,1536,1536
1417,4040,552,1173,1173,214
1418,536,1430,205,7126,7126
1419,2236,1780,445,41,765
1420,1292,1343,1279,598,765
1421,364,4,580,580,574
1422,836,1536,648,648,1264
1423,630,1764,1153,479,479
1424,1297,610,1004,1184,1184
1425,2216,540,8751,8751,2293
1426,606,870,1208,1116,1116
1427,9224,7291,5577,6247,5926
1428,1564,2266,347,158,158
1429,1791,773,8098,8098,8098
1430,503,1290,946,517,517
1431,488,828,2196,2293,2195
1432,4,13,1615,182,182
1433,301,2168,2077,758,1264
1434,331,2168,795,1625,1625
1435,1187,797,9169,1615,1615
1436,6,1584,2254,2254,2254
1437,557,237,1114,1114,1114
1438,829,1759,1917,1048,1917
1439,366,1859,17,292,292
1440,855,430,2230,2230,2230
1441,1372,649,471,1747,1424
1442,2285,1850,1119,600,1476
1443,1273,1797,1806,1582,1582
1444,1192,2236,688,1069,1069
1445,1284,2174,2174,2174,2174
1446,2303,7245,7052,7052,7052
1447,1146,7725,2058,8652,8652
1448,1148,337,307,307,307
1449,905,8627,6590,6590,5087
1450,1877,7490,1099,1099,1099
1451,8288,3501,7775,1916,4350
1452,855,423,1022,2208,230
1453,1626,7,501,1493,1493
1454,920,54,969,1371,1371
1455,9175,4341,6243,5518,5518
1456,3610,4322,4497,8590,3889
1457,1446,119,1835,1835,587
1458,1296,1908,1240,1240,1240
1459,600,2209,2012,1723,1723
1460,1106,2235,868,462,462
1461,677,8800,8693,8693,8693
1462,577,1519,1532,1532,1532
1463,216,1589,345,345,345
1464,1936,3550,2170,1958,1958
1465,35,2141,498,2228,113
1466,1113,1265,415,2215,2215
1467,1292,574,331,1408,331
1468,563,1101,2290,2290,637
1469,1717,7,1247,1489,1489
1470,1536,2109,912,1884,1884
1471,609,1827,1693,1117,2279
1472,901,1729,713,713,713
1473,265,798,493,493,493
1474,119,427,683,683,683
1475,587,428,2080,2080,2080
1476,2209,971,1319,2143,2143
1477,749,749,1950,1662,2123
1478,2028,1542,1226,854,515
1479,1233,8481,896,526,526
1480,2078,1099,1213,1213,1213
1481,213,1908,3445,3445,8209
1482,8509,2176,1238,977,977
1483,9063,8205,7074,7074,7074
1484,1350,1715,2288,413,1620
1485,1581,680,1161,1076,1076
1486,895,1701,1162,1162,1162
1487,63,704,460,460,460
1488,4283,3882,2875,3882,3882
1489,3718,1774,4071,2890,2185
1490,448,1262,1628,915,915
1491,443,690,2238,2238,2238
1492,393,1025,1047,1047,1047
1493,1001,264,269,1273,1624
1494,1503,1036,186,1410,1410
1495,975,688,791,989,143
1496,232,2070,596,2176,2176
1497,1119,1476,1505,1505,1505
1498,2287,2002,1019,2180,2180
1499,1528,1709,2171,220,220
1500,1471,3639,4074,7640,7075
1501,6554,1474,1551,146,146
1502,1435,675,1554,828,1554
1503,2130,922,838,954,954
1504,1322,2183,400,400,1653
1505,800,766,770,2147,770
1506,4041,1486,7529,82,3683
1507,7240,5106,8284,8284,8284
1508,1665,221,1115,1115,1115
1509,5139,843,4249,2705,2705
1510,976,4966,8302,5582,9085
1511,976,817,4016,4016,4016
1512,1453,1453,1453,7071,7071
1513,1386,1695,1184,1184,1623
1514,1453,1453,1453,1453,1453
1515,1745,818,1589,686,686
1516,1728,1998,439,1970,1970
1517,523,1975,1410,1522,1522
1518,2261,41,6722,137,6661
1519,1638,1351,228,1049,1948
1520,1925,495,2135,441,1623
1521,928,1687,358,358,358
1522,2000,1478,806,538,538
1523,467,1550,8335,2112,393
1524,787,787,787,787,787
1525,2050,1856,1912,1316,1316
1526,468,499,1891,22,1891
1527,1656,8278,6998,6998,6998
1528,495,1471,176,725,725
1529,309,788,1351,1923,1923
1530,1826,1839,280,280,280
1531,5985,8722,3764,3764,3764
1532,986,771,1949,1949,1949
1533,1144,669,7218,1184,7218
1534,1868,4385,853,1003,1003
1535,1133,2135,650,179,2007
1536,1319,2057,2196,2196,2196
1537,857,85,1888,1888,1888
1538,1608,776,2024,1997,1997
1539,84,506,1927,2135,2135
1540,8771,1594,8392,8392,8392
1541,1356,1670,1982,1982,1982
1542,7537,8346,8346,7623,6924
1543,6837,5341,1646,7524,7524
1544,127,651,205,831,2261
1545,728,2133,1747,922,922
1546,629,1484,1736,2240,11
1547,730,1484,1242,250,1242
1548,242,13,1602,99,2188
1549,943,373,2077,2077,2077
1550,2168,34,1809,574,574
1551,2293,532,2236,2236,2236
1552,937,3074,7419,241,241
1553,364,1123,1123,1813,1123
1554,454,2103,1424,664,1397
1555,1710,1832,114,1632,1632
1556,391,1947,582,85,85
1557,1240,2028,178,227,132
1558,1926,478,1657,1729,1729
1559,1288,6928,774,722,722
1560,1644,1888,1814,666,2007
1561,1419,7358,1547,768,1335
1562,8538,332,136,136,136
1563,10,1173,10,99,1837
1564,1126,2082,745,2033,1682
1565,1512,2053,310,310,310
1566,7159,8304,1022,1022,1137
1567,1107,2264,6999,891,891
1568,1407,7061,1769,1359,2057
1569,1051,980,1786,486,486
1570,22,1431,570,739,739
1571,753,1056,1699,1699,1600
1572,4321,480,440,1988,1988
1573,192,2254,1457,1114,1114
1574,200,1006,838,554,2240
1575,1365,2108,720,720,720
1576,289,1589,723,391,2228
1577,57,1073,112,2282,2282
1578,156,1561,838,1270,1270
1579,629,2149,1462,2141,2141
1580,2221,723,1776,1776,1776
1581,54,2127,2012,667,667
1582,1574,743,659,1114,887
1583,881,125,925,273,273
1584,3148,8039,798,1816,798
1585,420,1931,286,1017,1017
1586,2051,76,1434,1992,1992
1587,404,722,1903,553,553
1588,1135,219,959,1684,1505
1589,938,392,111,1545,1545
1590,1892,1386,5880,5880,5880
1591,131,1708,1735,1735,1735
1592,1844,1029,1434,363,363
1593,2018,2277,464,878,878
1594,2027,435,1174,945,1174
1595,375,829,252,1620,252
1596,916,1245,1857,3294,3924
1597,4273,1192,2216,2216,2216
1598,3580,3272,2216,2216,2216
1599,1751,1352,1352,1352,1352
1600,856,556,1751,1751,2221
1601,2163,684,1142,1987,1987
1602,1848,56,1007,56,2189
1603,1023,1023,1023,1023,1023
1604,495,6979,6966,2845,1606
1605,125,213,7179,7179,7179
1606,2185,2118,748,1715,1023
1607,2295,1110,1603,922,1703
1608,1036,953,293,293,293
1609,787,7237,300,208,208
1610,1369,1080,1862,1943,1943
1611,2099,1312,2116,2116,2116
1612,911,2138,1538,4518,4518
1613,1256,7412,10,10,828
1614,726,359,2163,1455,1455
1615,1189,721,1762,1762,1762
1616,39,2069,1666,1666,1068
1617,391,1744,943,943,943
1618,1942,497,1973,1761,1761
1619,1462,1462,726,1740,1740
1620,710,1813,2183,944,2183
1621,677,1343,1098,1098,1098
1622,1699,1778,2014,591,2014
1623,658,3657,7274,6193,3635
1624,960,1723,360,230,38
1625,1502,986,1243,762,762
1626,1809,1794,2281,2227,2281
1627,728,6597,4699,5134,5134
1628,937,934,847,1695,1695
1629,1812,860,265,156,156
1630,849,359,2212,2056,1776
1631,1091,45,734,715,715
1632,141,1106,944,602,602
1633,189,168,2053,1272,275
1634,443,1810,1455,843,1653
1635,1811,121,498,96,96
1636,1931,8209,330,2259,2259
1637,1395,806,101,1132,1132
1638,107,831,1770,458,458
1639,1037,36,1443,192,987
1640,2162,1170,1030,443,443
1641,1151,1685,106,1034,659
1642,207,721,1615,2235,2235
1643,1960,8563,1727,2219,2219
1644,1036,2253,2294,2294,2294
1645,915,1968,1751,1751,132
1646,8644,782,1962,264,264
1647,2118,154,416,6807,6807
1648,1101,1655,677,1889,1101
1649,2057,835,830,830,2017
1650,873,126,913,913,913
1651,579,850,1155,1155,1155
1652,1390,1168,134,134,134
1653,849,2212,1916,964,964
1654,302,1490,2022,811,2022
1655,782,95,159,1936,771
1656,1074,852,2182,2182,2182
1657,961,223,1162,1162,1162
1658,1800,1948,8633,1021,7323
1659,2271,1569,2257,1675,570
1660,483,906,1317,1317,1317
1661,1449,765,1286,1493,1493
1662,992,232,992,709,992
1663,623,756,8014,140,8014
1664,902,4361,1861,8993,1861
1665,325,979,1534,923,923
1666,474,2305,1094,1601,1601
1667,1824,1503,809,1673,1673
1668,1720,685,978,2290,978
1669,102,293,1825,1825,1825
1670,832,642,491,491,491
1671,12,12,2286,2286,2286
1672,130,963,320,647,647
1673,2003,2079,8416,1147,8416
1674,173,780,2285,780,1853
1675,2181,1381,1376,1376,215
1676,57,1721,1863,1551,1551
1677,265,988,121,121,1799
1678,912,1514,2299,2299,2299
1679,304,1381,1518,443,443
1680,1823,1442,1875,1746,9078
1681,609,906,1017,959,959
1682,1970,897,157,1690,1690
1683,30,1735,133,1395,1082
1684,1316,1352,866,866,866
1685,674,1344,411,1208,1208
1686,2204,395,872,121,121
1687,918,1773,1685,722,722
1688,2106,2265,7,7,730
1689,826,1639,1158,1943,1943
1690,49,1776,1592,1592,1592
1691,116,1217,698,1349,499
1692,2085,712,2024,1537,1537
1693,1052,2240,579,1488,1473
1694,30,1893,334,840,840
1695,580,776,1300,936,936
1696,1759,665,753,753,753
1697,571,1173,89,89,89
1698,285,1479,2283,2284,2284
1699,1811,1443,412,412,2278
1700,731,275,159,1899,1899
1701,164,248,793,1133,1133
1702,1842,2090,2006,2006,2006
1703,898,1869,634,106,634
1704,236,2049,1243,1227,1227
1705,1254,1492,861,941,941
1706,247,645,1332,1518,1448
1707,820,2182,74,74,1698
1708,1290,1908,1863,360,360
1709,969,353,85,230,230
1710,1369,275,1703,1703,1703
1711,807,258,2102,583,583
1712,807,2011,1479,2102,2102
1713,1317,2264,334,2173,1254
1714,2042,1165,2167,893,1462
1715,1869,1069,2237,1881,707
1716,1389,7452,1668,2077,534
1717,1206,1348,817,1877,1877
1718,81,1348,7699,620,620
1719,666,2298,2298,1921,620
1720,7263,1412,8603,8603,669
1721,820,1033,117,117,117
1722,1671,2149,1600,1600,1262
1723,9160,9160,387,387,387
1724,921,1961,1257,1278,196
1725,451,4723,6347,4802,5839
1726,1447,8452,8371,8501,8371
1727,2118,1696,1466,1017,1017
1728,1127,802,1055,802,802
1729,2518,1585,656,465,465
1730,1208,1154,1813,1814,1814
1731,1215,1481,1378,1503,1503
1732,426,1151,118,220,1200
1733,637,1062,1711,709,709
1734,631,631,631,631,631
1735,631,631,631,631,631
1736,2667,4606,1205,3780,1130
1737,438,432,939,4518,4518
1738,883,1971,1875,217,3548
1739,240,1997,358,1190,1190
1740,8318,633,7784,883,883
1741,1357,1302,160,1302,1302
1742,1188,1201,328,328,328
1743,720,8718,1014,9002,191
1744,4321,1172,130,130,130
1745,287,1292,1598,1598,2177
1746,1317,2125,251,467,1054
1747,1859,117,1252,757,757
1748,1099,405,405,441,441
1749,1374,56,1198,1093,1093
1750,1433,1009,1731,1731,1731
1751,1712,1829,1712,1712,1712
1752,1919,297,1526,82,82
1753,1593,1913,55,1476,86
1754,2155,728,635,635,635
1755,120,1625,703,2191,2191
1756,377,1680,1957,2271,2271
1757,913,1960,597,597,597
1758,1309,1309,1955,665,665
1759,1521,849,913,913,2242
1760,8737,4505,1295,1295,1295
1761,374,1913,1823,1823,496
1762,1305,1109,262,262,262
1763,2077,1544,410,1542,1542
1764,1043,1680,657,657,657
1765,1536,2023,1297,1297,1297
1766,1157,1157,1005,1005,223
1767,2247,1303,269,438,438
1768,1730,1003,1620,1620,907
1769,501,2277,1554,1678,1554
1770,1840,1892,148,2125,1557
1771,2009,1029,1528,467,2009
1772,1922,826,1863,1611,1587
1773,4238,519,53,2236,2236
1774,8616,8941,7834,7834,7834
1775,7195,7656,7479,7769,7769
1776,3037,8955,8955,4136,8880
1777,3114,1936,3143,4534,4534
1778,1814,1194,1750,1750,573
1779,1891,1923,539,1778,726
1780,583,1134,710,710,2185
1781,1292,100,100,2070,2070
1782,342,2238,1397,445,445
1783,2172,2375,2265,2265,2265
1784,2081,359,636,636,636
1785,1878,103,366,1736,366
1786,338,1397,338,756,756
1787,1537,809,338,554,554
1788,1247,1516,652,652,2165
1789,1579,2065,659,1542,561
1790,1919,1395,452,618,618
1791,1722,405,847,292,292
1792,1869,2182,1857,1033,1033
1793,1611,69,1177,1177,1177
1794,468,1815,1601,1601,339
1795,2258,2305,596,1603,1673
1796,1481,1754,1152,1152,1152
1797,1480,116,1719,290,290
1798,536,1152,186,487,1724
1799,1368,1358,1062,1062,1062
1800,1166,291,1296,574,76
1801,1484,1960,1880,1960,1960
1802,517,1713,1794,1794,1794
1803,1373,700,690,1276,1276
1804,147,1377,128,474,425
1805,2212,447,2003,923,923
1806,1055,1722,1887,1887,1887
1807,2298,1813,1389,1389,1389
1808,1047,1257,1560,604,604
1809,1722,674,7364,7364,7364
1810,1628,1722,1722,2152,2152
1811,116,1694,1505,50,50
1812,560,7547,8061,7131,3815
1813,761,2162,1849,1879,1849
1814,8153,7521,771,771,771
1815,1723,1159,798,1198,1198
1816,1699,1699,122,1438,1438
1817,1965,2020,842,842,842
1818,420,100,1061,1061,1061
1819,618,1199,1609,1655,1655
1820,809,94,541,94,946
1821,318,24,517,2263,400
1822,854,1821,969,969,969
1823,379,1161,1525,1525,1525
1824,1821,1351,1855,2219,1855
1825,370,1062,1062,1062,1062
1826,1855,1282,1911,1943,1943
1827,295,2708,292,1713,1624
1828,5895,5489,7164,9172,1608
1829,630,1297,2104,1318,1318
1830,1726,379,1736,1178,1178
1831,955,1551,1400,1400,1400
1832,464,1524,406,406,406
1833,1759,683,535,1759,1048
1834,1553,1985,583,2154,2154
1835,738,1614,162,1893,1893
1836,199,696,646,2016,506
1837,1520,419,96,1622,1622
1838,2125,2135,227,56,56
1839,1055,8275,1050,1050,1050
1840,1491,1224,1799,2025,2025
1841,487,577,1522,1522,1522
1842,886,1354,1548,1548,1548
1843,1836,819,2301,2040,2040
1844,223,223,655,655,655
1845,328,221,865,1426,5624
1846,6597,6733,8468,7872,7939
1847,681,681,869,137,681
1848,3650,6223,2720,2142,4497
1849,2175,1428,999,298,298
1850,4082,8044,136,136,136
1851,704,459,1694,5459,5459
1852,8656,774,543,543,543
1853,543,1964,2162,7370,7007
1854,1731,327,627,2051,2051
1855,876,608,1329,1932,1932
1856,1556,1498,543,1511,543
1857,5954,8761,7949,8663,7949
1858,1194,1630,2130,575,575
1859,1055,219,823,7139,823
1860,490,716,1878,908,908
1861,1178,3,890,711,711
1862,1915,1733,3366,410,3366
1863,6650,6966,5606,5606,5338
1864,282,2130,2051,2051,2051
1865,265,1873,414,971,2082
1866,1741,1210,340,1171,1171
1867,1538,1967,829,829,1121
1868,476,176,904,904,904
1869,82,1828,707,707,707
1870,167,1892,2073,197,197
1871,59,836,1375,1375,1375
1872,327,2033,1944,732,2231
1873,528,297,474,1985,1985
1874,622,2292,604,403,403
1875,4460,1111,2045,3148,3148
1876,1047,2218,1858,1413,1560
1877,9,472,578,1670,1670
1878,1264,532,374,1885,1885
1879,1718,84,297,580,2271
1880,1997,2142,3158,1003,1003
1881,127,1297,1997,1649,1649
1882,408,706,152,254,254
1883,1943,1323,495,495,495
1884,2151,1064,346,8,8
1885,903,1705,1859,3,3
1886,1835,1364,709,1454,618
1887,1194,2165,1759,1687,1687
1888,563,699,1758,295,295
1889,228,725,139,139,139
1890,875,962,1576,1576,1576
1891,291,215,102,102,102
1892,516,361,1112,9010,9010
1893,1808,33,705,705,1565
1894,1054,734,1498,1278,1278
1895,1856,106,1661,189,189
1896,999,4203,250,850,850
1897,1878,1838,266,1736,1736
1898,1073,216,1048,2242,2242
1899,3977,7790,6240,1599,1599
1900,1456,1285,1022,2158,2158
1901,629,783,2016,1041,1927
1902,1101,1349,1844,474,850
1903,2000,1197,1426,1889,1662
1904,1492,1481,1080,1481,1481
1905,399,1496,1056,753,753
1906,1555,141,7,1838,804
1907,1407,372,1692,2189,2189
1908,4819,5854,4840,4840,5630
1909,1104,1104,8911,7905,8911
1910,1104,1104,1997,1459,1459
1911,1603,1499,1490,925,925
1912,227,395,283,2255,2255
1913,1878,2016,1195,1195,1195
1914,1152,7240,777,416,777
1915,928,1129,1641,499,499
1916,858,1838,129,1247,1247
1917,1026,359,600,2190,2284
1918,1382,2916,2246,2246,8032
1919,7499,8687,1546,832,832
1920,1096,1786,1496,2149,2204
1921,9206,7141,8687,7559,7559
1922,1954,2068,1364,2070,2070
1923,556,2008,297,297,297
1924,1839,6625,3204,3204,3204
1925,796,1279,1634,793,793
1926,454,1403,2231,702,1189
1927,1779,1510,1113,2298,1113
1928,1013,993,547,2290,2290
1929,617,171,1747,231,1166
1930,1908,8861,7159,9080,9080
1931,2156,1974,823,823,823
1932,337,482,1812,1812,1412
1933,703,452,1325,1325,1325
1934,1406,2287,1615,1325,1748
1935,511,1093,449,658,658
1936,97,2033,2176,2176,2176
1937,1340,30,106,1816,1816
1938,1203,2278,1549,1549,581
1939,1263,683,1553,1468,2225
1940,722,1771,1419,1419,1419
1941,124,2033,684,124,124
1942,2077,185,1553,1553,1486
1943,1524,805,887,1630,1630
1944,358,1278,3074,3924,3074
1945,2137,941,2026,287,287
1946,553,1258,1978,2168,2168
1947,843,1004,441,441,441
1948,1133,1617,1748,668,668
1949,2148,403,1243,7181,7181
1950,1678,3726,209,209,209
1951,1649,437,9058,9058,9058
1952,758,912,194,733,1884
1953,570,1634,1525,1567,862
1954,294,1754,649,1246,1246
1955,993,415,2257,2257,2257
1956,1079,738,982,982,982
1957,1800,7295,1233,2269,1273
1958,1528,7334,7016,7016,7016
1959,2049,2049,1215,1215,1215
1960,6833,4149,631,631,631
1961,1485,1751,370,114,114
1962,2213,1720,2150,2150,2150
1963,1790,1790,748,1974,1974
1964,488,2195,2223,2223,2223
1965,1103,2070,1745,1046,1046
1966,401,1821,401,401,401
1967,2275,985,52,796,52
1968,391,580,759,1441,1441
1969,159,1140,433,1200,2242
1970,679,2215,1468,1468,1468
1971,732,1513,421,1024,1024
1972,2042,1526,1493,1958,1958
1973,168,1268,1252,1802,1252
1974,1243,1230,200,200,200
1975,56,944,1439,1347,1347
1976,1276,1628,1276,1383,1383
1977,7109,1381,246,1810,1810
1978,1634,263,2229,1083,336
1979,716,401,1673,1503,1503
1980,1150,2194,1788,1788,1788
1981,150,745,279,279,279
1982,1628,124,1369,1369,1369
1983,7885,2122,163,163,163
1984,289,187,1616,731,731
1985,1330,1449,2092,1304,1611
1986,1136,100,100,100,100
1987,1290,2253,1968,1968,1968
1988,1501,478,1926,344,344
1989,7320,7030,502,4943,8196
1990,882,1348,553,553,553
1991,1174,882,1668,1993,1993
1992,385,767,230,1783,267
1993,1938,298,443,1518,1518
1994,746,2255,492,1840,385
1995,801,1826,2269,2269,2269
1996,634,1368,1171,635,635
1997,398,1549,1096,1096,1096
1998,389,745,1858,1858,1858
1999,122,278,457,7953,7953
2000,552,243,87,609,1203
2001,8278,2015,2015,2015,2015
2002,1379,6442,1109,1496,291
2003,920,2048,1870,826,826
2004,1621,1349,1,242,242
2005,1851,2112,1845,1845,1845
2006,97,723,664,847,847
2007,126,2054,1277,273,273
2008,1265,456,1762,2241,1913
2009,1682,7429,106,1891,787
2010,373,299,2299,1273,1273
2011,152,954,1485,1485,1485
2012,358,187,1123,759,759
2013,161,2024,245,811,811
2014,736,2283,1552,1760,1760
2015,432,2152,408,254,254
2016,282,1256,288,202,202
2017,80,1661,1808,323,282
2018,642,339,190,190,541
2019,1839,358,2264,100,100
2020,2051,1611,526,526,526
2021,464,1833,996,996,996
2022,718,272,2179,2179,2179
2023,144,9089,7643,7643,7643
2024,7592,1116,2095,2095,2095
2025,4595,6382,5258,5338,5171
2026,7686,9181,1910,8740,5535
2027,5095,5442,6214,5630,5514
2028,1692,818,1103,1277,1277
2029,1431,57,2181,907,907
2030,7290,206,2076,2181,2181
2031,1195,2251,1602,1032,396
2032,913,2091,1285,13,2112
2033,1195,984,1553,480,480
2034,2202,3525,660,8194,3436
2035,267,1879,1997,1997,1997
2036,1830,1200,5,364,364
2037,109,668,1563,357,357
2038,819,207,1927,1653,1653
2039,1940,2287,1040,1040,1040
2040,620,932,8863,952,952
2041,819,8751,7258,7258,7258
2042,400,7668,6927,6514,5788
2043,288,1478,596,596,596
2044,1728,1481,2070,1410,1410
2045,1385,1080,8001,1574,1574
2046,1166,958,1830,1448,1448
2047,1947,1217,1026,1026,7154
2048,2293,2090,1817,8334,254
2049,1340,1750,7775,1590,1590
2050,8708,385,801,801,801
2051,1550,893,2235,286,286
2052,27,2156,896,896,896
2053,1803,885,688,688,688
2054,1258,974,1003,758,758
2055,1358,1005,1742,7263,737
2056,1107,1943,1965,1583,1583
2057,171,864,73,73,759
2058,590,507,1779,1057,1057
2059,1116,144,1401,144,144
2060,2159,7170,7762,565,565
2061,1292,698,1951,173,173
2062,1934,1355,1876,1876,1876
2063,2064,1503,1503,1503,1503
2064,796,735,661,18,661
2065,580,162,1032,2102,2102
2066,1948,1525,827,827,827
2067,1478,1050,1050,1050,1050
2068,1624,1471,40,1624,1624
2069,1011,178,452,628,452
2070,1980,2185,2150,2289,2289
2071,447,833,1608,1608,1608
2072,904,9089,719,2214,719
2073,1219,176,1842,1842,1842
2074,1837,571,1048,309,433
2075,200,1279,940,1652,1652
2076,629,2190,610,610,579
2077,8842,1072,219,10,10
2078,814,294,1959,53,53
2079,1741,884,218,218,218
2080,1560,448,82,4489,82
2081,1818,8144,3718,1858,1858
2082,9012,8786,3587,295,1852
2083,1769,1230,348,1807,1807
2084,190,2176,720,720,720
2085,1055,183,3310,1154,1154
2086,2234,2186,1982,966,966
2087,211,1458,8602,4518,1382
2088,916,151,1684,1684,1684
2089,484,658,1792,2165,1792
2090,1383,1947,867,867,867
2091,182,667,272,1936,1936
2092,617,1592,83,83,83
2093,1504,1838,1820,677,3366
2094,313,1873,785,718,785
2095,2177,685,1330,1027,1330
2096,186,186,834,834,834
2097,475,1095,75,3366,1084
2098,3142,398,1364,1588,1588
2099,2066,960,50,50,50
2100,173,2167,261,261,261
2101,264,853,5743,2716,3238
2102,1245,513,1664,781,827
2103,1770,2085,159,2306,2306
2104,1289,1689,2067,5838,5437
2105,2086,213,1120,5880,7953
2106,1539,1681,955,1818,1751
2107,1496,1411,986,986,986
2108,1394,1026,610,1925,1925
2109,1146,611,1706,1064,219
2110,1260,80,1690,1260,1260
2111,1096,1519,36,36,36
2112,1953,2166,127,127,127
2113,196,748,7648,7986,7986
2114,500,1794,1804,1341,1341
2115,1612,168,1197,808,2277
2116,779,1626,314,314,1970
2117,8104,1281,1986,1986,1986
2118,644,1639,1829,826,826
2119,4959,126,1005,1298,1298
2120,5894,601,332,5894,332
2121,8275,2118,8988,320,1355
2122,112,2081,739,1811,1811
2123,1093,2154,587,587,587
2124,151,1537,179,1232,1232
2125,216,479,400,292,292
2126,4221,7637,6716,5145,5145
2127,708,327,140,19,478
2128,1373,1739,1031,7748,50
2129,2224,1628,1615,1298,1298
2130,110,37,1034,1358,110
2131,722,722,104,774,774
2132,2122,264,1519,1519,2207
2133,225,2215,2212,2336,2336
2134,1364,1609,1439,1466,533
2135,56,6327,1720,748,748
2136,1737,1245,1051,578,1383
2137,343,1247,1662,1820,1820
2138,1156,47,472,472,472
2139,2278,917,2036,2144,2144
2140,804,454,804,804,804
2141,121,1483,903,903,903
2142,1846,330,705,626,626
2143,330,1799,7429,1368,1368
2144,2022,927,458,1251,1251
2145,1849,1086,312,336,393
2146,1811,2071,85,1240,1096
2147,1644,1127,1771,1771,1771
2148,347,76,1863,1149,1149
2149,1094,825,1917,1901,1901
2150,237,1856,766,1052,887
2151,2771,2706,910,910,910
2152,7485,9141,6059,7616,7616
2153,882,7405,1258,53,53
2154,1228,1228,1228,7081,1228
2155,261,912,1228,1900,1900
2156,500,607,1228,1228,1228
2157,1007,1007,1790,1790,1790
2158,2292,946,1107,1301,679
2159,1007,702,6305,1790,1790
2160,1679,1646,1013,1646,1646
2161,32,195,8394,8394,8394
2162,8708,801,1519,1054,1054
2163,2187,1918,279,279,279
2164,428,7495,8509,2159,2159
2165,2138,2152,1918,460,460
2166,1922,2298,1681,8021,429
2167,2165,2238,128,128,128
2168,1651,282,617,617,550
2169,987,386,290,1519,1519
2170,1360,1151,835,827,827
2171,1349,263,1634,492,492
2172,818,327,1953,891,891
2173,1739,522,290,267,267
2174,1598,504,487,487,487
2175,1642,297,1377,1260,1260
2176,2015,1809,490,1485,1485
2177,1997,634,1864,1864,2064
2178,1951,1504,532,532,532
2179,7920,6442,5436,6380,9045
2180,58,1239,1278,4400,4400
2181,220,963,210,1754,1754
2182,895,895,1269,1269,1269
2183,895,895,895,895,895
2184,1936,1094,398,398,398
2185,750,95,1466,1466,1466
2186,2308,1424,1534,913,913
2187,1963,8495,326,2256,1540
2188,147,1485,218,2068,1276
2189,1666,980,1051,7587,578
2190,334,1565,936,658,936
2191,45,1697,761,7489,7489
2192,226,1156,1054,170,1281
2193,8137,8137,988,988,988
2194,2013,1453,1994,372,1002
2195,851,2204,1744,2183,2183
2196,857,1525,1142,866,2252
2197,1619,900,2039,2039,2039
2198,1960,557,277,277,277
2199,2234,89,1487,429,1487
2200,1806,6246,7953,6301,6301
2201,657,761,1908,1908,1908
2202,1110,855,75,890,890
2203,1610,2014,1703,1703,1703
2204,1086,715,854,854,2085
2205,1190,974,1264,996,1860
2206,1415,8481,405,405,405
2207,1623,288,676,758,758
2208,252,1318,2157,2157,2157
2209,1645,371,1397,338,338
2210,1912,1485,1902,1658,1658
2211,598,823,1475,2195,2195
2212,1538,228,1003,223,223
2213,647,1298,2166,1730,1298
2214,1229,1503,1734,237,237
2215,1435,2195,1340,384,384
2216,1673,1841,1673,1673,728
2217,770,1729,653,2138,2138
2218,1194,2165,2110,1240,2178
2219,1957,306,1806,1109,1709
2220,2098,1145,1629,526,1629
2221,2098,5477,4811,4811,4811
2222,8026,5137,6403,5832,5832
2223,8563,2887,301,1099,1099
2224,2380,4573,6348,6348,6348
2225,6016,7431,1241,8646,5643
2226,1507,1507,1231,1279,1279
2227,935,2306,809,809,809
2228,1860,2205,2195,9011,9011
2229,2253,919,1764,1425,1425
2230,2140,1900,397,397,2266
2231,930,1835,1835,513,1835
2232,710,1657,7,1888,1888
2233,1346,1615,495,1615,968
2234,796,1280,1152,838,554
2235,1973,1488,1488,829,829
2236,2140,1219,1066,1277,1277
2237,1015,926,2100,213,570
2238,2404,1141,8752,4101,4101
2239,8468,8468,6733,7296,6733
2240,1353,8972,1707,1345,1345
2241,1,969,1863,1863,1863
2242,1626,821,314,314,314
2243,1347,2199,1721,1721,1721
2244,1277,66,11,484,2245
2245,6928,7934,6962,2143,2143
2246,216,1944,1799,2223,1148
2247,707,305,8504,305,305
2248,1077,745,658,409,326
2249,1295,2680,3718,2194,2194
2250,879,1707,8001,3270,8001
2251,3722,2156,2087,1330,1330
2252,2139,620,141,989,268
2253,1783,202,499,226,226
2254,2115,2230,1800,1800,1800
2255,452,1646,439,1812,1812
2256,1703,2077,1890,1890,1890
2257,1498,1092,1310,1998,1998
2258,1703,1482,1572,807,1572
2259,1143,1478,1478,1428,1428
2260,565,188,1695,958,958
2261,2038,365,1779,265,265
2262,487,4784,4309,1213,1213
2263,91,314,1812,1812,1812
2264,1408,1347,1,1,1
2265,1132,1939,1495,2230,1373
2266,1854,944,1570,935,935
2267,1354,1929,167,919,919
2268,1743,217,7909,1543,1543
2269,1771,394,7885,7885,7885
2270,7131,7131,3815,8470,8470
2271,1200,981,340,419,419
2272,797,561,1680,1680,1680
2273,1911,1260,1123,725,1927
2274,187,1422,890,2014,2085
2275,1419,243,2159,758,758
2276,836,1243,815,437,1443
2277,1687,470,291,1085,2017
2278,596,1261,1998,1998,291
2279,1266,1998,1327,1327,1958
2280,394,2224,509,8752,846
2281,1119,522,321,321,321
2282,454,787,2305,1370,1370
2283,1100,605,733,434,434
2284,1742,1346,1343,1813,1813
2285,7689,2134,1427,650,650
2286,1831,1124,1538,1538,1538
2287,7397,6635,3878,2730,3379
2288,3697,3476,7043,7043,7043
2289,1478,320,1478,2264,1820
2290,563,581,2004,919,230
2291,1212,1533,365,365,314
2292,883,1177,217,1814,1326
2293,37,1686,1658,1068,1068
2294,6585,6162,7819,7819,7819
2295,47,787,248,291,291
2296,1579,18,1473,200,200
2297,421,1611,1684,1243,1243
2298,1829,1829,1829,1829,1829
2299,782,1635,1200,1200,1200
2300,1496,1080,503,1403,251
2301,1784,1161,289,289,289
2302,2066,1682,2050,2050,2050
2303,1669,1587,220,1368,811
2304,1672,8098,1026,1026,1026
2305,583,200,2028,2028,2028
2306,2262,2267,2833,6379,6379
2307,371,1547,482,1529,1529
2308,785,2095,1773,1773,1773
2309,1947,1940,1997,871,871
2310,500,657,441,2299,2299
2311,129,338,1822,1822,1822
2312,319,919,679,297,297
2313,616,616,1468,1468,1468
2314,1687,717,647,1813,1813
2315,1017,1077,608,608,608
2316,1439,225,677,677,677
2317,1854,321,500,367,367
2318,1041,1799,1041,1987,1987
2319,145,4644,1176,1176,1176
2320,1196,928,1496,1496,1496
2321,2118,978,364,364,364
2322,99,6261,4570,2680,2680
2323,173,1628,1615,552,552
2324,2096,1792,2078,550,2078
2325,1522,499,7260,7260,7260
2326,1882,2116,54,1876,938
2327,2164,1533,6928,478,478
2328,8077,863,1043,1043,1043
2329,223,9122,755,755,1800
2330,223,8194,819,7680,7680
2331,4073,1290,901,901,901
2332,1644,2586,1322,1359,1359
2333,880,724,791,791,8443
2334,374,1152,2260,1088,89
2335,867,2075,2075,38,38
2336,953,2288,963,1767,1767
2337,1726,1594,1736,1736,1736
2338,406,4493,2135,1906,1906
2339,1424,1363,1424,734,734
2340,946,725,234,1858,1512
2341,419,1064,2253,2201,2201
2342,193,1461,1603,168,168
2343,199,2033,2026,2026,2294
2344,367,40,540,540,540
2345,346,1033,607,971,1707
2346,1010,935,935,816,816
2347,2011,343,1324,1265,106
2348,743,1051,739,786,786
2349,1832,447,1667,66,2014
2350,704,1406,649,649,649
2351,2064,1322,1035,1810,1810
2352,1472,918,761,7821,7821
2353,1739,912,768,1574,1574
2354,219,208,8904,8904,8904
2355,509,2187,1736,1736,1736
2356,1178,415,2038,269,269
2357,1871,1821,490,1992,1992
2358,3204,291,113,113,725
2359,2167,1082,2167,289,979
2360,830,1472,1579,1550,1550
2361,2054,2292,2048,723,2048
2362,992,992,992,992,992
2363,8750,781,866,866,866
2364,1882,1483,994,233,691
2365,422,1349,616,446,446
2366,116,610,336,1063,1063
2367,1896,1581,1581,1581,1581
2368,1296,1253,391,826,826
2369,490,161,797,787,166
2370,2207,1662,1124,1124,540
2371,522,2080,7648,1319,1319
2372,961,1978,1083,8602,8602
2373,603,561,2013,2104,1810
2374,1357,184,1171,1571,1571
2375,2249,299,52,2306,422
2376,2031,1237,428,239,239
2377,871,7720,2044,1273,1273
2378,1832,187,187,868,868
2379,18,1898,289,289,289
2380,1308,141,1624,330,330
2381,8231,1025,1188,1612,1188
2382,2440,1818,842,842,842
2383,6782,959,1289,3004,3004
2384,1814,1258,1284,1284,1284
2385,633,6532,631,7939,631
2386,782,899,1442,125,125
2387,1664,1568,6744,1105,1921
2388,792,1112,9010,9010,9010
2389,870,883,221,221,221
2390,421,1187,372,2162,372
2391,2196,557,907,477,477
2392,1778,397,1074,1368,2147
2393,1272,2306,1481,397,1219
2394,14,2059,2039,2039,2039
2395,2304,791,865,865,865
2396,1057,1655,2059,463,1527
2397,620,1914,674,1486,2229
2398,137,1173,1083,1173,1173
2399,7713,1419,1419,1419,1419
2400,150,2192,6246,6246,6246
2401,2192,9080,5319,7940,7940
2402,681,4897,681,823,633
2403,881,1720,1007,1007,991
2404,331,805,1635,107,1635
2405,1299,475,107,599,599
2406,1147,1894,197,197,197
2407,1276,2186,1105,870,1191
2408,801,1185,1443,281,558
2409,1776,1462,39,2038,2038
2410,1701,2065,830,1197,2007
2411,1349,1576,379,156,156
2412,1875,2243,63,7193,780
2413,1183,629,699,699,699
2414,6,325,807,1851,807
2415,3139,6980,130,585,130
2416,1636,506,19,3296,3296
2417,663,6076,2067,4665,2327
2418,173,2203,80,80,80
2419,1304,2182,335,430,430
2420,1319,1690,1557,1532,2123
2421,964,644,1151,1635,1151
2422,1005,569,85,1799,1799
2423,126,1462,580,580,39
2424,1722,65,65,65,65
2425,656,1047,1628,4041,4041
2426,2064,1271,1271,1594,1263
2427,262,807,1855,252,2195
2428,729,159,1643,1972,1643
2429,2030,892,1114,353,353
2430,1811,1061,570,570,131
2431,2291,294,775,1467,1467
2432,7580,1096,2291,427,427
2433,1249,7846,6175,8386,8386
2434,2608,6956,4191,4191,4191
2435,1289,960,960,885,885
2436,7256,1004,778,575,778
2437,35,843,1884,466,1884
2438,1732,310,4361,8281,8281
2439,1829,1335,1926,3942,7856
2440,7956,589,711,1829,1829
2441,3953,702,238,1223,1223
2442,1033,8483,451,8083,8083
2443,1033,992,2262,2262,1556
2444,1179,1697,332,7940,7940
2445,1010,1381,1368,1905,1905
2446,1425,1962,5,1971,1690
2447,1913,337,1710,248,248
2448,1552,1110,521,331,331
2449,1256,960,1351,501,1781
2450,926,82,187,1082,1082
2451,1977,576,1689,1689,1689
2452,4079,486,2659,6340,6340
2453,661,265,317,312,312
2454,200,850,881,542,542
2455,1439,1403,618,2000,2000
2456,1992,1764,1149,1467,729
2457,246,617,757,1549,1705
2458,1526,256,2088,2088,2088
2459,764,1936,1429,112,1429
2460,1483,1215,7290,1957,1957
2461,1985,735,2306,570,570
2462,2247,2207,2082,7820,2082
2463,1898,886,895,468,468
2464,1566,649,1019,1019,1019
2465,2195,811,1821,1076,1076
2466,1454,1155,2187,2187,2187
2467,399,881,1186,1186,1186
2468,851,994,1052,2028,406
2469,1642,1642,2227,63,63
2470,2975,8904,8054,7228,7228
2471,9060,8709,6961,6961,6961
2472,965,1350,258,1561,1561
2473,262,830,262,262,262
2474,2171,807,2277,729,864
2475,1087,119,952,952,952
2476,1901,1052,818,1775,726
2477,433,1082,315,1599,315
2478,1635,2097,539,2295,2295
2479,265,200,1457,452,452
2480,2116,1901,925,925,925
2481,1276,1977,1560,1805,1805
2482,1070,1070,1376,1644,1935
2483,1584,927,1038,766,766
2484,1564,8077,1800,1800,1800
2485,1986,1065,758,1538,1538
2486,466,645,655,1535,1535
2487,2297,1603,2021,1874,1503
2488,7061,1239,1769,1769,1769
2489,2066,61,2078,481,1231
2490,177,1194,317,1368,1368
2491,470,1596,1239,13,13
2492,993,1041,1619,1619,1619
2493,2148,327,979,1513,1768
2494,5029,5976,9145,7695,6461
2495,1623,5281,5743,375,5743
2496,2137,532,1569,1569,1569
2497,1111,808,1069,932,243
2498,705,2302,1837,1837,1837
2499,1937,1212,788,937,129
2500,637,1923,932,1499,1499
2501,1681,925,1826,994,1906
2502,7458,9018,2171,8275,1949
2503,8988,6962,51,451,792
2504,732,1218,689,1263,689
2505,1754,2094,296,468,296
2506,1469,1564,1782,1782,1782
2507,651,737,741,741,741
2508,1036,1675,969,1372,1372
2509,354,107,1908,1908,1908
2510,8381,836,2043,1452,635
2511,741,569,623,930,930
2512,1300,827,686,686,686
2513,22,1164,2212,1267,1267
2514,1592,67,2259,2259,2259
2515,425,425,981,981,981
2516,2249,228,979,708,708
2517,1095,677,677,677,677
2518,589,1398,1763,1674,1674
2519,1468,245,33,33,33
2520,353,1349,1151,1316,1316
2521,428,2239,46,253,253
2522,2022,1747,866,994,994
2523,2171,2041,1112,1112,1112
2524,1839,1325,7,2069,99
2525,110,761,343,343,343
2526,1797,1221,1750,1496,1496
2527,556,1925,1245,556,556
2528,1950,1803,947,1747,1747
2529,942,311,667,1091,1091
2530,1315,1471,876,876,876
2531,1549,1094,498,1520,1520
2532,248,1983,843,15,1817
2533,886,659,811,811,811
2534,496,1165,1696,82,82
2535,2022,1030,1812,337,1812
2536,1150,1086,2066,580,2066
2537,822,1980,1643,1980,251
2538,1552,7,2034,2034,2034
2539,1029,47,2274,757,757
2540,7319,1199,702,702,2289
2541,1947,1429,2069,2069,2069
2542,450,623,231,2269,2269
2543,2128,415,881,881,881
2544,185,7762,1623,1623,1623
2545,9089,1252,778,778,778
2546,1866,2153,246,1633,1633
2547,149,1583,829,811,811
2548,2287,1229,1649,1240,1240
2549,715,314,96,536,1598
2550,1171,1921,541,800,1162
2551,1542,1343,574,574,574
2552,389,7381,9192,9192,9192
2553,2171,1417,390,6458,6458
2554,54,1908,1850,1850,1850
2555,806,96,1802,1802,1802
2556,2295,1524,1350,1619,1350
2557,1590,530,26,378,378
2558,1936,643,236,236,236
2559,2306,397,1758,1228,1228
2560,670,50,1428,2141,1611
2561,2226,2103,1162,345,345
2562,1895,35,2088,753,753
2563,7170,2169,1308,1392,1392
2564,935,1314,1768,1100,2145
2565,114,347,811,811,913
2566,2069,1806,1076,1076,1076
2567,1066,297,39,1922,1922
2568,1124,41,134,1562,1806
2569,7849,565,4,2308,2308
2570,438,939,782,690,1948
2571,1729,2037,1657,1657,1657
2572,1729,2006,1729,1795,241
2573,2293,859,4034,4034,4034
2574,2999,1699,1402,901,901
2575,1145,472,8737,8737,8737
2576,2215,2047,952,2267,1242
2577,645,8405,1967,549,1656
2578,434,819,819,605,819
2579,8405,1543,1346,1427,1346
2580,1317,149,364,1862,1862
2581,1908,1802,860,860,773
2582,1829,199,920,2025,2025
2583,2121,2072,538,1495,1495
2584,810,166,2282,1674,1674
2585,771,1050,7784,7784,7784
2586,1964,1419,1243,1119,1215
2587,1978,7102,777,1926,1055
2588,200,1428,2036,1987,2036
2589,872,2165,1582,1515,1515
2590,2284,567,345,345,345
2591,713,1177,1880,906,906
2592,1424,2209,1666,1666,1666
2593,2278,121,210,2149,2149
2594,1475,1624,796,796,1559
2595,1043,2248,7711,7711,1793
2596,885,2243,7661,7661,7661
2597,883,6175,1194,1194,1194
2598,209,1035,1169,1169,1169
2599,337,1030,1030,1929,1929
2600,1501,1074,1570,1570,1570
2601,88,1780,1881,1881,1881
2602,1024,1134,513,629,1227
2603,1242,5802,6618,6618,6618
2604,651,971,2075,1066,1066
2605,118,1608,1950,717,717
2606,1270,1431,332,332,332
2607,981,1783,830,1466,830
2608,85,265,548,548,548
2609,254,2051,1684,72,815
2610,664,294,2175,355,355
2611,2292,1292,226,5047,5047
2612,1802,2183,692,692,692
2613,180,1023,111,203,203
2614,67,67,232,336,459
2615,2130,800,1518,1518,1518
2616,1224,2016,1339,1339,1339
2617,22,1537,1726,1499,1499
2618,1143,4431,1926,344,1673
2619,1082,8329,28,2178,28
2620,2217,1920,1830,811,811
2621,1873,1932,2029,1801,1801
2622,770,327,1391,1391,1391
2623,575,1813,1750,2134,2134
2624,130,1530,64,2070,2070
2625,1590,1204,1072,1072,1072
2626,6189,5112,5112,5112,5112
2627,4754,5029,7292,6235,6235
2628,972,1525,1747,1747,1747
2629,1508,953,1141,1309,2212
2630,2123,1216,1352,1437,782
2631,1415,8381,7584,7584,7619
2632,489,2761,2227,4249,4249
2633,2040,5265,9226,5851,5851
2634,1224,1920,979,2282,88
2635,234,7240,5222,9047,9047
2636,5585,7054,8102,8102,8102
2637,2162,1106,433,549,549
2638,1051,2054,890,1406,1406
2639,30,227,1835,2169,184
2640,803,783,1913,189,189
2641,1778,659,1754,1754,1905
2642,920,1860,923,1943,1943
2643,643,1096,187,1923,1923
2644,802,509,2234,577,698
2645,1807,1779,96,412,412
2646,1019,1794,689,1545,7270
2647,545,1834,9133,9133,9133
2648,912,898,1394,8752,1394
2649,1440,1446,8718,8765,8765
2650,1899,479,1741,460,460
2651,700,924,2113,205,127
2652,577,1055,846,1071,1071
2653,539,1544,2265,2265,2265
2654,607,6073,2206,413,2206
2655,8481,1067,8563,8563,8563
2656,1018,882,373,373,373
2657,7487,1314,2396,2396,2396
2658,647,2201,1196,1196,1196
2659,559,1401,1106,693,693
2660,7,1526,454,788,788
2661,274,2038,285,544,544
2662,2092,287,2037,7,79
2663,29,2054,1555,1417,1417
2664,253,1171,7821,338,338
2665,798,1441,5678,1735,1947
2666,654,2047,1551,1551,1551
2667,1839,1397,556,556,556
2668,1821,627,2219,2219,2219
2669,100,2155,168,168,168
2670,7757,7220,6492,8417,8417
2671,6810,1295,3681,4126,3324
2672,8058,8920,2945,7319,7319
2673,485,980,1634,1534,782
2674,1780,2242,1277,1811,1811
2675,645,6,895,895,895
2676,347,2154,1820,872,2125
2677,715,1424,1349,872,872
2678,913,2015,47,926,546
2679,202,1526,1024,1778,1784
2680,521,379,1462,524,524
2681,1844,1086,1839,1567,1567
2682,803,372,7013,7013,7013
2683,1697,301,2255,168,168
2684,60,6498,8034,2186,2186
2685,38,7429,21,637,637
2686,68,539,1873,1873,1873
2687,2097,1226,1397,1397,1397
2688,2190,1653,574,3366,3366
2689,1142,1492,867,922,922
2690,85,500,971,179,1654
2691,1449,1675,503,1584,1584
2692,926,1537,22,22,22
2693,2146,599,1985,1602,480
2694,2194,2298,461,41,540
2695,3322,3068,7982,1184,9170
2696,1305,753,503,503,503
2697,55,1304,2303,2303,2303
2698,116,1771,2238,2238,106
2699,2181,1088,2303,2094,78
2700,1195,396,599,1539,1539
2701,2240,1942,1270,580,786
2702,1379,623,1966,2030,2030
2703,871,1443,457,457,457
2704,1307,1904,1261,1061,444
2705,854,1046,457,1046,84
2706,1202,2215,1155,559,1576
2707,2029,2039,2054,2054,1094
2708,579,36,1424,2181,2181
2709,413,376,279,2028,2028
2710,172,809,375,100,100
2711,1614,2223,490,490,490
2712,1323,9060,41,128,128
2713,1998,33,1481,2042,2042
2714,1760,7336,717,2625,2625
2715,732,381,243,709,709
2716,89,2013,1700,1700,1700
2717,1906,333,28,28,28
2718,1012,2194,611,828,828
2719,2200,1730,1677,1556,1556
2720,1737,844,1364,1364,1364
2721,1305,745,1881,4290,4290
2722,183,752,1047,1047,389
2723,75,723,83,726,726
2724,777,470,183,183,183
2725,2231,1095,2190,2190,2190
2726,1959,1653,1327,1327,1327
2727,8914,4040,1588,2193,214
2728,99,5094,6327,2564,2564
2729,2172,1542,301,2167,2271
2730,293,165,990,2047,2047
2731,2038,2225,691,688,2160
2732,1082,440,1733,475,1629
2733,325,1004,1203,893,613
2734,2090,857,1957,2271,2271
2735,959,1433,620,1448,1448
2736,2259,2141,1612,1612,1752
2737,218,8032,1394,1394,1394
2738,1733,1635,890,890,890
2739,490,1999,1992,1342,319
2740,1317,1252,1139,1139,1139
2741,452,1860,1013,1013,1013
2742,2074,2118,1201,1201,1201
2743,403,1604,1383,353,353
2744,841,590,498,2148,2148
2745,1950,1036,10,10,10
2746,445,636,2030,1859,1859
2747,4041,4041,1949,2013,173
2748,279,804,361,2048,2048
2749,992,1929,2209,2209,907
2750,623,1955,919,1579,1151
2751,895,2203,1479,2053,2053
2752,1623,918,183,1956,1956
2753,388,898,99,1368,1368
2754,2643,1643,4126,4126,1160
2755,1631,713,2183,1508,1508
2756,1740,1651,1747,1747,1747
2757,1925,893,1513,1513,1513
2758,1261,1000,3013,1609,3013
2759,647,380,1298,2054,2054
2760,1436,484,1893,1893,1893
2761,1624,1624,1565,654,654
2762,1567,1985,994,1189,1189
2763,521,1151,2203,2203,2203
2764,1082,2045,2086,2086,2086
2765,475,730,1038,74,74
2766,121,670,180,2144,2144
2767,646,782,770,1260,1260
2768,409,1047,1560,65,65
2769,169,404,371,2009,2009
2770,706,7711,7909,1517,1517
2771,2122,1850,1969,1969,1721
2772,863,1905,1666,1666,1666
2773,321,935,367,1559,1559
2774,157,1379,1434,1495,1495
2775,1437,971,1379,471,1379
2776,1153,1564,8839,332,8839
2777,2059,1227,381,2021,2021
2778,873,4669,6682,4692,6682
2779,1562,490,1422,1422,1422
2780,1230,1584,2295,1584,2295
2781,122,2187,414,188,188
2782,1070,9097,5222,328,234
2783,1934,7209,1931,5222,5222
2784,355,1206,2208,2208,2208
2785,974,1320,373,905,373
2786,1803,185,1285,1285,1449
2787,164,1570,1854,1867,140
2788,1481,468,193,193,193
2789,1013,1103,1083,1083,1083
2790,680,5047,1364,1301,1301
2791,105,790,498,160,218
2792,674,1961,517,1778,2145
2793,1495,1296,2003,1698,1637
2794,1333,344,7502,2171,2171
2795,487,2232,722,722,722
2796,939,1876,1143,1681,1681
2797,1065,843,1455,1421,1421
2798,1581,2034,547,1161,1161
2799,2251,1776,1610,1917,1610
2800,1824,1076,1152,1152,1152
2801,1434,2307,21,199,199
2802,1721,654,1004,1547,1547
2803,230,489,693,1625,1625
2804,2213,973,394,394,394
2805,588,1679,1679,361,1376
2806,14,890,1562,79,79
2807,1481,233,1603,1378,1603
2808,100,864,684,241,241
2809,2160,1584,1492,864,864
2810,2154,804,1310,1034,1300
2811,3731,3285,2705,3724,3185
2812,974,1803,1803,502,502
2813,882,8474,7487,7487,2396
2814,1846,1846,1450,1478,1478
2815,2287,318,1007,1648,296
2816,596,1319,1333,1333,1333
2817,4933,7853,1440,1440,1513
2818,713,1861,1137,1137,916
2819,1454,9060,896,896,896
2820,1458,226,836,836,1260
2821,436,986,77,77,395
2822,894,49,371,7179,1440
2823,3612,5505,8156,4869,8208
2824,774,1132,1771,7856,1771
2825,1127,1016,1249,9231,9231
2826,1888,1747,1280,1280,592
2827,1083,8815,8750,2854,8750
2828,132,317,618,2150,2150
2829,1259,1515,1341,1147,1147
2830,219,690,3079,3842,3842
2831,721,762,58,1395,1923
2832,1858,801,1516,1516,1516
2833,964,565,845,845,845
2834,991,2218,943,943,336
2835,47,1369,192,1783,1783
2836,1221,1994,1993,762,1993
2837,546,546,546,546,546
2838,2188,981,758,758,758
2839,1608,1929,1010,1548,1010
2840,1272,306,818,1272,396
2841,485,5350,5350,1904,1904
2842,829,1024,1985,926,156
2843,1906,5285,966,185,185
2844,564,5138,7849,8037,8037
2845,1479,41,828,1435,1435
2846,588,257,257,257,257
2847,1911,1896,627,1004,282
2848,655,223,1157,1157,1157
2849,2024,1274,441,894,894
2850,681,2812,2206,448,448
2851,32,1015,1103,1103,1103
2852,825,215,257,2057,2200
2853,1705,1554,1486,514,514
2854,603,1051,1301,1301,1301
2855,608,608,1203,563,563
2856,1454,1739,324,8868,8868
2857,1743,664,664,664,664
2858,1468,711,1592,793,793
2859,57,807,2102,153,153
2860,661,849,965,6,6
2861,1001,1242,1162,923,1242
2862,1086,159,721,721,1200
2863,99,254,1113,1113,1113
2864,830,1084,82,1101,131
2865,1475,1801,2012,2012,2012
2866,83,954,1350,1479,1479
2867,1148,2277,1837,877,877
2868,2145,151,1057,1057,1057
2869,771,1936,2225,1936,1936
2870,118,426,1343,1234,1095
2871,104,2018,371,1519,833
2872,1054,2047,831,1434,1434
2873,654,439,590,874,874
2874,961,1799,384,55,55
2875,1749,957,260,1266,1266
2876,1620,583,2124,2124,2124
2877,186,1546,8344,8034,7838
2878,2172,3,616,616,616
2879,542,2097,1759,1711,93
2880,571,250,1873,1334,508
2881,1053,2161,1327,16,257
2882,99,228,1534,2271,2271
2883,107,634,1334,1334,1334
2884,138,591,1958,1958,1239
2885,1635,2023,1424,501,314
2886,584,1709,2056,1087,2146
2887,1962,1129,1788,318,318
2888,3373,474,1101,2112,2112
2889,1228,367,2119,367,367
2890,982,1153,212,1676,1676
2891,2111,1848,731,731,731
2892,1051,1539,1569,2103,2103
2893,816,4715,6683,90,6683
2894,215,1734,1697,1957,1957
2895,154,1413,2030,225,677
2896,498,1221,1889,1889,1889
2897,808,1998,2037,563,1998
2898,1074,1329,1670,1853,1853
2899,1148,55,1157,1005,1157
2900,1074,55,1672,1381,1672
2901,751,1453,616,663,701
2902,1193,6259,6348,7977,7977
2903,8752,5458,6462,6462,6462
2904,961,979,767,743,743
2905,266,1864,1552,1751,2258
2906,875,611,349,146,146
2907,2278,1129,715,715,715
2908,2233,1229,343,644,644
2909,923,1234,1225,37,1225
2910,2277,1300,2279,1273,2056
2911,6873,2214,314,314,1613
2912,1563,1380,668,668,1494
2913,1613,1804,1880,970,970
2914,1324,345,709,1619,1619
2915,1537,8249,72,72,72
2916,1895,129,845,1567,2005
2917,2228,427,427,2197,2197
2918,554,3823,363,1101,1101
2919,1547,467,371,7179,960
2920,2009,483,1686,1817,617
2921,39,1,1079,587,587
2922,388,1658,133,1658,1658
2923,1295,428,1601,1728,468
2924,2081,708,2160,1911,1911
2925,996,679,1734,99,99
2926,197,1255,197,1543,1543
2927,1398,2140,634,1053,1053
2928,864,1439,256,692,452
2929,2150,1359,2290,351,351
2930,533,1143,186,562,562
2931,1244,1865,492,936,936
2932,520,39,1092,1269,2065
2933,1675,2129,1178,2096,2096
2934,1048,376,240,240,1124
2935,1844,1504,579,1569,1490
2936,318,1912,979,1231,517
2937,692,864,3526,536,3526
2938,1825,1119,590,590,830
2939,1994,593,1688,2281,175
2940,7504,1671,1914,1914,1914
2941,1592,428,387,387,387
2942,201,1499,908,570,570
2943,1931,616,2082,2082,2082
2944,1744,1226,1062,253,253
2945,1794,9017,1857,451,451
2946,2049,1815,1856,1584,1584
2947,7,584,677,677,1808
2948,99,1542,1576,769,769
2949,1341,540,573,664,664
2950,593,1383,1341,2065,2065
2951,1154,1825,1304,208,320
2952,1274,2009,2109,2270,2270
2953,2191,500,1393,1393,1393
2954,898,522,337,337,337
2955,1105,1359,26,141,141
2956,1304,953,344,1271,179
2957,1829,1969,686,1926,686
2958,723,1596,2,444,146
2959,1927,2037,2221,178,178
2960,2193,1487,1361,1361,2080
2961,673,1468,2118,2118,2118
2962,7185,2142,2404,2404,2404
2963,1136,3403,562,562,389
2964,807,254,867,2094,2094
2965,1151,557,1038,1038,1652
2966,1552,1856,508,508,508
2967,1041,23,1944,74,74
2968,137,1557,774,611,611
2969,199,1549,192,314,192
2970,1779,474,1382,2000,2000
2971,1394,392,1178,1271,1178
2972,1679,2118,3962,3962,3962
2973,744,2056,2135,1950,1950
2974,2243,157,192,192,192
2975,2115,561,1669,1186,1186
2976,1100,2006,1782,1782,1782
2977,134,1175,1928,1730,1730
2978,666,1535,1535,1793,1543
2979,57,57,983,343,1869
2980,1345,180,1789,1840,1840
2981,1412,262,1168,1168,1168
2982,74,1220,1140,1140,370
2983,546,1658,192,1095,926
2984,1581,1792,7587,1915,1915
2985,500,543,806,806,806
2986,1526,548,2204,2204,2214
2987,195,526,1637,641,1698
2988,1141,920,1141,1824,1824
2989,1924,2094,1038,1398,1652
2990,161,431,1891,813,813
2991,831,1705,584,2029,694
2992,970,2019,553,1997,959
2993,1100,478,1475,740,344
2994,2233,1608,550,2057,691
2995,2242,1176,1471,1471,1471
2996,1828,584,1383,955,955
2997,1482,1103,367,2153,2153
2998,1466,1703,1744,1220,1220
2999,793,1539,1583,1583,1583
3000,7297,1004,1672,1672,1672
3001,1319,197,761,668,1053
3002,1815,604,1435,1435,1435
3003,39,613,955,296,2257
3004,2300,2116,267,1261,2035
3005,1202,1811,151,1541,1942
3006,792,6305,685,316,316
3007,748,748,748,748,748
3008,189,1794,686,686,686
3009,903,2125,903,903,2019
3010,401,1837,1532,1394,1394
3011,1155,2049,2215,2215,2215
3012,1290,1290,696,947,947
3013,1893,1373,9193,9193,9193
3014,661,255,394,394,394
3015,648,5,648,1693,1693
3016,1458,1737,730,730,730
3017,1165,1457,157,1735,1165
3018,1050,9052,253,1344,219
3019,1475,1810,2287,1648,1648
3020,883,1454,1243,2125,2125
3021,1763,1318,2235,1435,1381
3022,1457,1117,1458,765,2282
3023,2145,873,1042,948,1463
3024,396,379,379,2086,2086
3025,1537,210,705,365,365
3026,1909,1254,372,244,244
3027,11,97,1441,2235,2235
3028,8309,8711,8956,8956,8956
3029,1295,1092,1300,2012,2012
3030,1208,2243,1065,2302,1065
3031,1158,755,1714,1714,1297
3032,1933,1428,1623,819,819
3033,1271,975,570,6301,570
3034,2212,1000,670,1742,273
3035,232,781,232,232,232
3036,2250,1520,1900,180,1390
3037,2035,304,826,218,218
3038,631,284,1088,1088,1088
3039,2177,1452,487,1321,61
3040,1105,949,562,1347,1347
3041,2036,1478,1188,2916,1367
3042,1389,1789,235,243,1569
3043,2282,1190,1544,1623,688
3044,1083,1785,217,1875,1875
3045,432,1069,53,2887,2887
3046,42,644,2160,2160,2160
3047,766,377,2094,98,98
3048,478,596,1916,232,232
3049,7836,4887,6095,8833,8833
3050,622,1931,1378,1378,1378
3051,956,272,1032,1032,1032
3052,1782,1756,641,1381,733
3053,2241,1469,1362,2039,158
3054,157,780,1742,2006,1742
3055,792,7189,610,1152,1152
3056,322,1355,6458,2136,1627
3057,2141,281,1178,713,1408
3058,1915,2146,767,1382,2246
3059,4141,9229,481,1875,1875
3060,2068,1596,1613,1613,1234
3061,1080,2269,1373,2003,2003
3062,1991,692,1327,1119,353
3063,1851,1698,1362,1390,347
3064,2007,32,2007,2007,2007
3065,134,1812,158,158,158
3066,1105,475,1697,1905,1630
3067,1418,1895,1873,508,1873
3068,1431,1896,317,480,480
3069,1251,792,1437,1437,1437
3070,1374,14,119,1758,1758
3071,1005,1423,1561,327,327
3072,1998,202,1994,1496,1496
3073,2184,61,864,1262,864
3074,293,1907,7696,293,293
3075,920,1037,1808,2008,2008
3076,13,1661,1272,1166,1166
3077,1114,1141,1114,1114,210
3078,1908,774,1712,1288,1288
3079,1342,195,1423,1423,1423
3080,1611,1565,1682,1964,1964
3081,1701,8509,980,2266,1161
3082,1554,2060,1666,2301,867
3083,786,1541,1747,201,201
3084,8077,5191,549,1986,8077
3085,1902,561,708,708,2157
3086,1986,963,1905,1905,1905
3087,1534,1467,643,470,470
3088,1279,1378,2254,2199,2254
3089,1640,1387,2007,2235,2235
3090,1120,75,1533,1904,1533
3091,1660,2223,1416,1416,1416
3092,1266,1155,833,1113,2102
3093,1600,915,1978,745,745
3094,267,1809,1709,797,47
3095,454,285,2097,729,729
3096,1200,2022,292,1476,1476
3097,1782,1345,2303,346,307
3098,1153,886,7075,819,8751
3099,2059,670,1119,1341,1341
3100,898,964,2068,1327,1327
3101,1758,6968,298,1029,1029
3102,1218,1047,388,1516,1516
3103,1208,2298,1825,1825,1465
3104,1056,1606,584,584,1916
3105,1344,212,205,1436,1436
3106,651,8508,6982,8677,8677
3107,4488,383,3353,9201,9072
3108,626,1124,326,878,1977
3109,550,1198,2003,200,2003
3110,1048,2200,849,1942,1942
3111,2039,1987,68,68,68
3112,1818,1028,1311,1261,1261
3113,1916,2250,1173,1725,1173
3114,1722,1425,746,1425,1425
3115,149,1953,49,49,49
3116,1863,1637,806,2072,2072
3117,1912,336,2172,977,977
3118,692,533,1322,1846,1846
3119,1631,1675,1583,936,936
3120,452,2213,1082,618,618
3121,225,2290,1347,1007,991
3122,1972,893,2189,317,317
3123,804,1552,416,416,416
3124,1292,822,1334,1334,1334
3125,941,892,814,1247,1247
3126,613,175,1510,1510,1510
3127,42,1806,691,691,1150
3128,1221,2265,2128,2128,2128
3129,1242,1019,1466,973,1466
3130,306,1340,2082,1037,1037
3131,1168,302,1424,1654,210
3132,536,726,2127,2127,2127
3133,1094,1780,1549,30,30
3134,200,629,2212,2215,2215
3135,1013,1808,584,584,584
3136,177,1699,317,2204,2204
3137,1985,996,2069,2069,2069
3138,1198,619,166,1161,1161
3139,1569,504,2304,623,2151
3140,1471,569,454,497,1315
3141,1865,774,320,912,2287
3142,1393,2082,337,337,337
3143,966,1276,725,884,7265
3144,1772,774,1570,2261,2261
3145,847,1176,1394,1394,1394
3146,5214,5438,3382,6709,6709
3147,69,1278,822,92,92
3148,2206,1665,915,1303,1303
3149,1248,7936,1918,1248,1248
3150,624,1705,1287,1287,1287
3151,272,371,258,1815,1815
3152,1198,1168,134,134,134
3153,2183,1083,8708,8708,8708
3154,2074,234,858,858,858
3155,432,1136,243,1805,1805
3156,1909,1090,1418,1418,1418
3157,1661,1569,31,254,2072
3158,1308,7160,1428,2058,1428
3159,1673,915,1274,1274,1274
3160,160,528,100,881,100
3161,161,2025,2198,2198,2198
3162,1298,583,1888,307,307
3163,1208,605,2013,2013,2013
3164,1795,2684,1642,1069,1069
3165,1604,376,517,297,297
3166,212,149,149,149,149
3167,2160,825,359,359,359
3168,2230,1505,1074,1074,1074
3169,1723,2270,612,9059,2009
3170,1396,1459,1521,2172,2138
3171,1987,2169,305,1198,1198
3172,1787,36,1220,429,429
3173,67,2119,557,1934,1934
3174,792,792,2234,178,304
3175,747,8543,186,7502,7502
3176,747,1238,186,186,186
3177,74,876,831,1721,1491
3178,1829,1425,1079,322,322
3179,1659,49,1529,1943,1943
3180,194,620,925,1463,1463
3181,655,1659,1734,1013,1013
3182,189,1629,1752,321,1752
3183,1998,274,256,1302,1357
3184,1972,2054,433,242,1904
3185,1205,2155,393,1205,936
3186,125,745,2106,143,143
3187,961,2166,1318,1318,1318
3188,1171,2179,1469,1469,1469
3189,740,1869,17,1029,37
3190,2218,5413,1961,205,205
3191,7598,2213,8113,537,8113
3192,518,3167,1245,211,211
3193,4041,3530,4041,3403,4041
3194,2206,2673,5548,5548,5548
3195,2036,1633,864,864,864
3196,1467,1775,1775,1775,1775
3197,327,953,920,1808,1808
3198,1330,9097,328,328,328
3199,2003,7926,7719,7719,7719
3200,1319,1019,1019,1019,1019
3201,81,793,1966,1966,1966
3202,1697,1157,1697,1697,1697
3203,800,1200,2199,1734,1734
3204,1459,1459,7881,967,967
3205,8102,7391,7343,324,324
3206,780,1765,1274,1274,1274
3207,7501,599,1499,691,691
3208,1920,284,1908,157,157
3209,1796,264,577,8205,1743
3210,2131,1764,575,575,575
3211,1004,246,488,488,488
3212,907,1666,1548,698,698
3213,1953,1712,1232,1232,1232
3214,8171,8591,9089,9231,9231
3215,2115,1712,163,2009,2009
3216,105,105,1513,5,1331
3217,2179,675,1005,1246,1246
3218,1612,1554,1005,1793,1793
3219,1900,2253,1011,608,608
3220,274,1377,91,1553,1553
3221,1358,1957,1200,45,1742
3222,5084,6542,6568,5849,5849
3223,5665,7121,586,7409,7409
3224,4939,6018,5084,5603,5603
3225,1570,2002,2002,2002,2002
3226,9068,774,1722,1505,1505
3227,612,612,1628,1628,1628
3228,1917,1151,15,15,15
3229,771,1129,542,1675,2036
3230,2102,1912,922,1142,979
3231,3570,4227,3436,2627,7044
3232,3056,8241,8588,4557,4557
3233,7432,7068,7031,7031,7031
3234,7319,494,8304,8304,1111
3235,279,2255,1610,148,1526
3236,283,1786,1499,1499,1499
3237,2304,2304,2056,705,2304
3238,1968,1934,1439,172,172
3239,2304,1966,2056,784,1709
3240,83,370,1065,2053,2053
3241,1711,1711,1495,1495,1495
3242,1559,1457,1762,2056,2056
3243,1579,369,1454,369,369
3244,1157,2091,1066,1066,1066
3245,811,210,57,1443,1443
3246,1808,582,1897,969,398
3247,867,659,1542,963,963
3248,1529,1123,454,454,454
3249,1301,1672,2211,1677,588
3250,1004,1433,1121,1543,1543
3251,621,549,1290,1290,1290
3252,722,1288,536,536,536
3253,2114,8863,8293,69,69
3254,77,297,1945,1945,775
3255,1054,1875,722,1894,1031
3256,1532,1611,1324,1355,1355
3257,1154,9229,9052,2783,2783
3258,667,542,273,273,273
3259,1013,825,132,965,965
3260,168,2008,1481,335,800
3261,104,1054,2115,354,354
3262,74,1600,1785,1785,1785
3263,1922,61,1442,132,132
3264,514,1905,1114,1408,1408
3265,951,721,433,570,1524
3266,638,603,141,975,975
3267,1491,1810,1446,1446,1446
3268,1922,2265,1140,1140,1140
3269,764,1583,1150,1150,1150
3270,1325,230,2212,1013,864
3271,590,2097,2030,1762,1473
3272,1122,1659,373,688,688
3273,521,1154,1317,1529,1317
3274,464,148,581,1604,1407
3275,1001,299,1925,59,2028
3276,2287,962,1153,981,290
3277,1064,1962,883,1050,968
3278,187,608,1722,50,50
3279,1094,2034,1098,319,230
3280,1906,1075,323,1524,1524
3281,1004,1661,550,550,550
3282,781,303,984,984,984
3283,1276,866,1276,1276,1276
3284,22,8,930,1892,1892
3285,7542,9232,8253,660,660
3286,1398,894,207,226,226
3287,3255,3463,5558,9226,9226
3288,1652,731,1220,1220,1220
3289,1401,540,1179,847,847
3290,6828,6233,485,867,867
3291,1164,367,1437,8906,8906
3292,1713,2103,898,796,796
3293,735,2123,2253,2253,2253
3294,3193,1918,1878,2665,1878
3295,2159,2198,8124,7192,8416
3296,822,2295,2295,1266,216
3297,2099,1171,1225,1225,1225
3298,651,1678,714,537,537
3299,2041,2006,668,668,668
3300,1685,1054,1171,1171,1171
3301,7290,348,1124,850,1602
3302,2269,825,319,825,319
3303,873,2054,1645,1645,1645
3304,940,954,1250,1250,1250
3305,1956,1912,2130,1923,1923
3306,676,8474,2174,1204,1204
3307,776,1235,882,882,882
3308,758,2120,519,1204,1204
3309,2305,2242,407,407,407
3310,831,2279,367,2274,2274
3311,488,272,254,653,961
3312,333,1851,140,682,289
3313,1272,1024,492,2298,2093
3314,396,2119,1590,1674,1590
3315,970,2212,679,1816,1816
3316,1825,1686,649,1030,1030
3317,750,1229,1829,1829,1829
3318,868,108,462,462,462
3319,2270,86,7821,783,783
3320,2270,608,1309,7256,7256
3321,9011,481,551,42,42
3322,1607,227,1927,1927,1251
3323,27,7732,1927,1927,1927
3324,1671,398,1420,1420,1420
3325,4598,3373,2375,3373,4338
3326,1563,313,1210,1210,2202
3327,89,611,1832,1012,1832
3328,697,5498,8208,6543,6543
3329,2068,165,125,125,125
3330,1255,1982,8242,7043,7043
3331,1106,1080,186,491,491
3332,698,1439,1744,1744,1744
3333,302,1460,9068,715,715
3334,2298,1505,8439,1961,1961
3335,883,2165,1251,1932,1932
3336,1036,1783,909,909,909
3337,128,727,494,959,959
3338,1359,978,934,1688,1688
3339,1379,2149,2149,1186,145
3340,104,796,875,875,875
3341,263,897,1497,1905,1905
3342,453,1763,1259,26,26
3343,260,774,2182,199,199
3344,1111,1187,1492,759,757
3345,2165,2246,1682,915,2294
3346,8703,8067,4890,4890,4890
3347,1432,5391,4715,5331,4981
3348,1310,1496,1563,1450,1563
3349,798,14,1832,825,1832
3350,1846,904,1888,1888,1888
3351,882,1204,1689,1284,1284
3352,532,2236,262,827,827
3353,1314,1258,2142,2077,2077
3354,790,2237,381,381,381
3355,1596,152,2057,1655,1655
3356,9114,107,2144,2144,2144
3357,1839,941,3204,1838,1838
3358,1105,256,527,2092,1720
3359,2641,1440,5471,5848,6153
3360,1625,480,1486,39,39
3361,1212,1779,95,95,1013
3362,363,629,156,1607,1607
3363,1665,1357,1120,1007,1120
3364,1501,2171,336,1244,1119
3365,727,6668,7141,8624,7141
3366,1892,180,761,1521,1521
3367,192,1740,793,793,793
3368,1045,1847,1561,1541,1851
3369,1669,2115,1472,1472,1472
3370,1354,1433,434,434,434
3371,2269,4554,576,651,651
3372,9206,7495,5809,1085,1085
3373,2250,1486,1369,1984,745
3374,124,2218,640,924,924
3375,1881,1513,1107,2231,2231
3376,730,570,269,269,1096
3377,1998,1470,610,2148,1368
3378,8306,647,1372,15,15
3379,1742,1793,1730,262,2247
3380,1815,37,8839,8839,8839
3381,432,1458,1621,1717,1717
3382,1756,3643,8696,8749,2149
3383,1974,1904,1961,2152,2152
3384,1725,1047,727,2272,2272
3385,1725,20,3853,837,2280
3386,2161,779,279,921,921
3387,2103,1140,159,1549,1549
3388,1078,1880,260,504,1703
3389,2026,1893,1722,8765,8765
3390,2057,2021,2121,2121,2121
3391,2057,699,994,994,994
3392,1889,991,2045,2267,1407
3393,2296,7069,8944,1252,1252
3394,8532,5608,7363,3411,3411
3395,9145,7131,5340,5340,5340
3396,8687,2206,1715,562,1715
3397,1027,1805,7749,826,826
3398,1312,1704,8627,8627,8627
3399,1470,1864,809,40,989
3400,8226,6666,8613,1612,7504
3401,1830,572,1142,263,263
3402,1475,959,831,805,805
3403,1304,1707,912,912,912
3404,1062,820,886,886,886
3405,1445,338,223,223,223
3406,1031,1505,1556,761,1119
3407,1629,1936,117,1535,2906
3408,805,2036,806,1027,1027
3409,2287,2287,1587,1393,1393
3410,243,375,1042,1042,1042
3411,2240,1272,2271,550,156
3412,862,1391,258,1114,1269
3413,1486,1024,301,564,1562
3414,353,1751,1269,1269,1269
3415,1357,753,710,488,488
3416,1371,610,1250,1272,1272
3417,1887,746,2113,1566,1566
3418,2256,1139,1802,166,1915
3419,336,1514,1355,1355,1355
3420,1186,1669,1186,1186,1186
3421,1036,542,683,1468,1468
3422,1186,1186,1186,1186,1186
3423,672,719,84,84,84
3424,352,2209,977,504,504
3425,421,970,421,831,831
3426,1407,8003,2244,2244,2244
3427,1749,2187,1950,1950,1682
3428,915,2234,924,2250,1442
3429,956,8898,1694,7007,774
3430,1644,141,227,1093,1328
3431,8205,1430,7749,7749,238
3432,686,8144,389,389,389
3433,607,5793,7504,60,60
3434,1373,672,1244,393,1501
3435,1087,267,1612,1612,1612
3436,1619,2133,1582,1717,1717
3437,156,37,564,564,156
3438,1162,682,1887,2031,2031
3439,2053,2128,384,1045,1045
3440,156,2056,2038,1650,1650
3441,834,1369,582,1307,2187
3442,398,454,1261,1906,2167
3443,1878,1860,2165,1516,1516
3444,497,1911,1298,1298,1298
3445,467,525,8405,1872,1872
3446,755,223,605,605,605
3447,2036,1683,420,1254,1816
3448,1194,1247,499,1185,1185
3449,467,636,756,1542,520
3450,1749,1082,1832,868,868
3451,1448,1611,8509,8509,8509
3452,2280,2184,790,100,100
3453,1687,1024,396,1293,2047
3454,1787,942,2247,2247,2247
3455,24,1103,909,2212,152
3456,617,343,1869,522,522
3457,2140,1916,2140,2140,2140
3458,121,1856,1128,1666,1666
3459,995,963,57,37,2082
3460,55,55,1053,55,478
3461,1035,1035,2293,2293,1030
3462,14,772,2295,474,2037
3463,2252,1361,1534,1620,782
3464,1947,83,971,971,971
3465,1504,358,1452,1452,1452
3466,6462,4608,2814,2814,2814
3467,1562,2142,594,594,594
3468,696,1437,923,923,743
3469,180,1180,482,482,482
3470,1015,957,1276,1276,1276
3471,390,1994,2208,2208,2208
3472,384,176,630,630,1260
3473,1129,175,571,3221,3221
3474,76,1076,2085,2124,2195
3475,1060,1904,1709,797,47
3476,274,1866,1408,1802,1802
3477,2136,7561,7358,7358,7358
3478,7934,2126,1321,107,107
3479,2186,1321,2136,2136,2136
3480,305,924,214,446,3292
3481,552,7599,5743,552,552
3482,7590,7496,7566,4756,4756
3483,2228,2081,524,524,1890
3484,556,67,1654,1640,1640
3485,1232,1452,1217,69,1261
3486,855,1766,2066,2003,2003
3487,1164,374,212,2036,1987
3488,1667,1131,2197,629,2077
3489,971,5581,7501,1783,46
3490,2212,4596,1179,1677,1677
3491,547,1529,1123,216,216
3492,2013,165,745,2248,2248
3493,1843,1807,2156,724,724
3494,1191,599,1578,1962,1962
3495,7247,7363,7870,2214,2214
3496,5615,6657,5349,8657,5081
3497,1706,1682,1725,279,1725
3498,532,1677,262,1677,1677
3499,680,2240,940,940,940
3500,2257,688,2168,2168,2168
3501,665,1056,14,1056,1056
3502,636,2193,1290,2000,2000
3503,524,825,1901,1901,1901
3504,262,257,1142,765,765
3505,880,1306,825,1479,729
3506,39,1128,2038,955,955
3507,2226,668,785,357,1390
3508,549,223,1800,1800,1800
3509,1714,197,733,733,733
3510,2155,215,45,45,45
3511,1681,1651,1579,2228,1226
3512,1662,1687,1704,813,813
3513,226,2238,2221,1766,1946
3514,1531,715,515,1159,1159
3515,1899,2172,654,2078,2078
3516,366,599,311,1230,311
3517,1220,2075,497,153,644
3518,110,1141,57,1491,1491
3519,1189,138,138,138,1576
3520,359,1062,1972,489,938
3521,2707,1823,1878,7,28
3522,670,457,1480,1480,1480
3523,310,1119,1203,1203,1203
3524,394,1438,615,615,615
3525,2253,1028,1522,20,1364
3526,1504,541,1784,1997,1784
3527,67,56,93,93,93
3528,7598,2006,1388,272,272
3529,2161,1917,1254,1254,1254
3530,2030,979,579,2014,2300
3531,2006,2166,332,332,332
3532,176,239,8278,8278,158
3533,1381,1362,992,347,1390
3534,1272,306,1971,1971,1971
3535,1065,2179,1982,7238,7238
3536,2009,7821,2076,1669,1669
3537,1401,21,2128,21,2069
3538,703,156,1404,1404,1404
3539,2231,182,216,643,216
3540,1053,1029,2108,2179,2179
3541,7074,8098,8098,8098,8098
3542,1246,1535,675,675,675
3543,2150,2150,3576,3576,3576
3544,2433,3902,917,858,858
3545,3297,640,934,6432,6432
3546,97,1835,1766,1766,1766
3547,1610,814,2167,1906,1906
3548,7,1895,1844,1909,1909
3549,1424,1424,1424,1424,1424
3550,386,1890,1272,942,942
3551,1424,1424,1424,1424,1424
3552,1049,561,1171,467,467
3553,1587,675,197,2006,2006
3554,1778,575,337,2073,1062
3555,484,425,1505,1383,1505
3556,175,408,47,2086,182
3557,1558,738,331,738,738
3558,1254,6282,7985,1211,7985
3559,250,2045,1139,1994,1994
3560,1500,1717,1717,1717,1285
3561,825,2238,1942,1942,1761
3562,164,1860,1479,1479,1479
3563,710,2072,913,1269,1269
3564,1854,360,1821,1821,1821
3565,965,2085,2223,2223,2223
3566,1260,1454,1911,1911,1734
3567,954,2190,1639,1658,1658
3568,961,22,2041,2041,2041
3569,1339,1441,134,1705,1705
3570,1204,53,1280,2264,2264
3571,8140,7350,9217,6994,9217
3572,7140,9102,7513,7513,7513
3573,7311,568,8258,7934,7934
3574,2296,7515,7515,7515,7515
3575,8367,3933,8491,453,453
3576,1382,217,1671,1671,1671
3577,1398,457,1000,180,973
3578,1758,8509,845,7052,7052
3579,200,2113,1753,1753,1753
3580,32,21,2008,2008,2008
3581,1608,2131,1155,2196,1654
3582,187,187,890,890,890
3583,1557,1840,1532,2285,2285
3584,977,7429,1876,876,876
3585,1029,2082,1559,1986,1986
3586,61,2070,20,20,20
3587,1523,2130,1503,919,73
3588,4,7225,1680,771,7323
3589,640,1519,2123,2123,2123
3590,90,335,1508,1778,392
3591,1276,1641,1064,1064,2143
3592,208,823,1191,1191,264
3593,2182,957,346,346,346
3594,8485,1595,1595,1595,1595
3595,5229,7473,8511,7329,7329
3596,7839,8292,8642,8330,8330
3597,100,2916,2916,2222,2222
3598,2155,2112,1168,944,944
3599,161,204,1603,375,1588
3600,1035,497,565,1124,30
3601,1709,2054,1457,1457,1457
3602,254,585,1360,1360,1360
3603,1858,2250,544,1087,1087
3604,980,2073,2203,238,238
3605,8728,681,196,8229,8229
3606,2177,270,536,248,1915
3607,1922,1992,901,2113,2113
3608,770,47,47,47,47
3609,557,638,833,1038,1038
3610,897,2113,1616,1892,1892
3611,14,2307,1935,429,1935
3612,2136,1566,834,834,834
3613,89,184,1496,640,239
3614,1319,2061,1319,1319,1319
3615,166,1915,1177,1849,1849
3616,685,2215,452,452,753
3617,2198,929,2000,1975,1975
3618,5581,8622,4991,6072,4991
3619,1383,6892,6271,6892,6271
3620,934,4443,6205,7783,7783
3621,860,429,251,1920,104
3622,492,387,387,1727,161
3623,463,2077,2149,2149,2149
3624,988,1202,559,769,769
3625,1640,1811,765,1499,765
3626,15,315,1687,138,138
3627,554,2125,29,1091,1091
3628,1366,1487,78,78,78
3629,1964,1556,747,1472,1472
3630,1197,2220,2082,189,189
3631,352,1323,1373,1344,219
3632,689,428,205,60,2252
3633,2248,1630,1674,1948,1948
3634,2117,3790,8967,8597,8597
3635,242,1113,441,2024,2024
3636,2097,1052,1869,1397,253
3637,2258,67,270,270,2082
3638,1062,57,807,807,807
3639,85,1198,691,691,691
3640,176,843,59,59,59
3641,1629,2131,1264,340,340
3642,1100,1689,81,884,9082
3643,1730,641,1730,90,1772
3644,1179,664,2147,1179,1179
3645,1762,501,570,570,570
3646,1086,833,1349,1527,872
3647,955,1607,2308,1669,1953
3648,1014,681,4361,4361,4361
3649,221,7828,8209,2227,8209
3650,8281,1215,1023,376,376
3651,1185,2246,1209,1706,1706
3652,2037,838,890,102,890
3653,360,463,2028,1397,1397
3654,912,304,621,2074,2074
3655,1466,555,279,1953,1953
3656,664,1475,3855,735,7499
3657,5918,5338,5944,5400,5400
3658,5042,2854,6920,1594,1594
3659,7712,4781,4317,4317,4317
3660,451,1934,320,724,2136
3661,1286,1034,1652,1345,1652
3662,1103,619,256,256,256
3663,2105,3193,3464,4686,4606
3664,127,1138,2044,324,2044
3665,3066,762,3681,1802,3681
3666,539,443,1013,1075,1075
3667,1542,1301,1401,379,379
3668,303,2916,2256,2256,2256
3669,320,546,1438,34,34
3670,1628,1446,2218,2218,125
3671,807,317,459,459,2018
3672,1948,130,779,1143,1032
3673,436,4071,2924,685,3009
3674,2246,1420,380,380,380
3675,573,867,556,359,359
3676,136,905,2291,2291,2291
3677,1860,1409,654,654,1441
3678,835,953,148,2284,2284
3679,728,264,1152,1152,1152
3680,2116,996,591,172,172
3681,2109,525,3331,2871,3331
3682,557,1694,608,778,778
3683,2301,937,1225,2006,1225
3684,1631,100,376,376,376
3685,2228,557,942,444,444
3686,2155,1250,1229,1229,1229
3687,1699,545,122,831,7810
3688,314,1637,833,833,833
3689,467,7218,3993,3865,3865
3690,965,1529,1318,1318,1318
3691,2208,745,2307,2013,389
3692,1679,1100,5047,519,1509
3693,432,326,2138,671,2239
3694,1028,1600,2152,2152,2152
3695,1392,577,1126,2239,2239
3696,2117,6329,8294,8294,8541
3697,2117,8960,8389,8013,8013
3698,8194,1875,2019,2019,2019
3699,645,1219,384,712,712
3700,1929,1929,2064,841,841
3701,938,859,478,514,514
3702,955,144,9122,1116,1116
3703,1988,1049,7689,7689,605
3704,2003,1220,1711,1683,1683
3705,689,2124,1167,768,611
3706,1707,847,1528,1903,1903
3707,328,1063,689,1713,1713
3708,970,8104,1300,432,1702
3709,2159,2159,1563,666,2159
3710,2159,551,387,2159,2159
3711,157,47,285,1506,1506
3712,318,1639,1935,2090,2090
3713,1479,1062,1824,807,1902
3714,349,821,548,1302,1302
3715,1900,1869,209,209,209
3716,2052,1011,1696,1696,1696
3717,2059,2048,1828,1890,1890
3718,1495,354,2023,293,293
3719,132,1296,788,1604,1604
3720,627,1821,1639,1231,1231
3721,1525,2137,200,200,1553
3722,1350,564,1313,1313,1313
3723,1509,3368,1578,7247,1578
3724,1232,8062,1611,8062,8062
3725,1826,69,842,1879,1879
3726,851,444,1361,1361,1361
3727,2207,198,8504,8504,8504
3728,1061,757,1960,501,501
3729,1848,56,2189,748,1248
3730,2169,56,451,451,451
3731,528,2070,2070,540,2070
3732,1288,1743,1557,1557,1557
3733,2224,1353,167,46,1532
3734,1557,1557,1557,1557,1557
3735,2215,683,178,452,452
3736,1219,1480,1137,2286,1137
3737,874,685,1355,1355,1355
3738,295,1298,921,1072,1072
3739,550,2234,1028,1028,1028
3740,1529,1729,675,2006,675
3741,898,1163,1840,1840,1840
3742,1105,1091,1238,1956,199
3743,538,240,264,1995,952
3744,141,5452,512,512,512
3745,381,1290,2021,1012,1012
3746,4670,4973,2921,1145,1145
3747,609,8579,1300,1893,1893
3748,1961,1430,1702,1528,1528
3749,264,924,5070,5070,5180
3750,813,452,152,361,361
3751,8204,1450,1614,1227,1614
3752,832,562,1468,562,1468
3753,1304,781,781,781,781
3754,571,1878,584,776,776
3755,2165,1487,129,129,129
3756,84,2204,647,2290,1373
3757,393,1740,715,239,1494
3758,1902,561,1821,2195,235
3759,1155,2099,1157,1778,1778
3760,1443,110,1657,1657,1443
3761,399,2017,15,1524,1524
3762,840,5331,6715,283,283
3763,915,89,7504,7504,7504
3764,1234,2068,299,1376,1376
3765,503,1784,2246,100,100
3766,1026,5,195,1009,195
3767,1126,503,1470,1037,1037
3768,1389,8474,2174,2174,2174
3769,4251,2985,4402,4402,4402
3770,1273,1314,9082,1689,1689
3771,16,129,644,1007,1657
3772,1795,1107,297,1301,1301
3773,2184,154,1248,154,1248
3774,1949,2099,2177,130,130
3775,1499,954,2221,2221,2221
3776,1401,908,1383,315,1356
3777,45,2012,201,515,515
3778,629,1220,2144,942,942
3779,929,1736,1555,1339,1339
3780,8791,8917,8611,8267,8267
3781,393,1546,6757,6757,6757
3782,8587,2302,8370,1719,1719
3783,585,433,593,967,967
3784,602,173,87,1072,1072
3785,1498,122,1766,14,1766
3786,1835,6721,9178,8509,1646
3787,2038,349,1487,43,1467
3788,1932,1873,1936,91,96
3789,915,791,1119,1566,1566
3790,1620,1019,2259,2057,2259
3791,1481,2305,2258,2258,2048
3792,3486,1893,1565,1565,1565
3793,1994,1219,747,1496,1496
3794,314,2017,347,54,54
3795,1876,1587,1820,1625,1625
3796,1036,1293,1112,1112,1112
3797,1434,1016,1723,345,345
3798,893,2142,1069,1069,1069
3799,1885,58,993,1890,1890
3800,1421,1144,4132,1823,1823
3801,1215,310,1461,1470,1470
3802,1696,747,1698,425,425
3803,1889,33,425,1830,1830
3804,1478,1658,818,1147,818
3805,925,1310,334,1221,1221
3806,1420,1640,732,1434,1112
3807,1811,2039,1549,1549,1549
3808,129,8204,1363,1363,1363
3809,2020,2260,1260,704,704
3810,644,2188,1157,1336,1336
3811,947,873,481,1957,1957
3812,764,1780,120,2168,2168
3813,490,709,1820,1820,1820
3814,1807,899,1703,7026,7026
3815,1519,1626,8364,208,8904
3816,566,869,8904,9221,4447
3817,961,1505,1587,1300,1515
3818,1922,8863,1071,1071,2136
3819,761,1940,467,467,467
3820,1075,641,830,2262,100
3821,2133,1777,2108,1675,1780
3822,487,8264,737,219,219
3823,7557,6971,1810,2040,2202
3824,8399,7503,7168,7627,7627
3825,1093,7213,331,102,597
3826,804,177,9052,1797,1797
3827,1651,135,1596,366,366
3828,1296,2221,1449,175,175
3829,467,659,1290,2021,2021
3830,1359,1251,2084,791,1807
3831,2134,526,2301,408,408
3832,7157,1649,4239,7271,5186
3833,3747,1649,3050,2981,2981
3834,166,874,874,874,874
3835,1861,3722,92,3722,3722
3836,618,2274,818,1903,818
3837,468,363,1332,1332,1332
3838,447,1425,2102,849,1761
3839,1822,1057,1387,1387,513
3840,499,2155,1478,2201,2201
3841,1454,943,1235,1790,1790
3842,2061,1678,1063,2021,2021
3843,761,52,2258,2258,2258
3844,3572,4242,1956,1497,1497
3845,1005,1866,2109,650,1615
3846,2023,1781,59,7955,7955
3847,860,2302,1936,1989,1989
3848,1425,379,88,156,156
3849,1563,7109,176,1997,1997
3850,1536,7370,2299,441,146
3851,377,1368,1269,895,895
3852,1629,540,8433,8433,1196
3853,1777,267,524,524,524
3854,677,521,1828,521,521
3855,1314,8842,2161,2161,2161
3856,998,998,1257,1257,1257
3857,3408,5686,2748,2748,2531
3858,894,1927,1317,49,169
3859,982,1240,2051,2051,2051
3860,1127,1802,1243,1969,1969
3861,1096,1773,649,1528,1528
3862,1526,750,265,265,265
3863,730,2125,1254,1989,1561
3864,1731,1593,1646,1646,1646
3865,2115,8029,842,842,842
3866,1167,1974,1719,1739,1739
3867,1116,1981,3346,647,1214
3868,4,758,688,688,688
3869,1297,5496,1642,1642,1642
3870,712,1566,874,360,874
3871,199,3074,1803,1886,1886
3872,898,1557,507,507,507
3873,398,1046,734,314,314
3874,293,1769,2071,1632,4613
3875,1454,195,500,1504,44
3876,2024,1517,1362,1362,1362
3877,133,1492,1529,1709,1709
3878,1412,179,912,912,912
3879,404,2047,585,1694,1694
3880,2218,1245,725,787,725
3881,1369,1475,1600,1369,125
3882,1269,1463,598,2195,1542
3883,1290,946,622,622,622
3884,954,1325,331,1842,1842
3885,791,2162,2121,2121,2121
3886,835,2177,230,1579,1579
3887,692,854,160,2148,1998
3888,7821,7821,1476,46,46
3889,918,7007,7185,7503,7503
3890,495,1281,195,2285,6996
3891,1379,1735,591,361,13
3892,1931,161,161,161,161
3893,964,1768,425,425,425
3894,1342,2297,1090,1090,1090
3895,864,297,2249,2249,2249
3896,726,1376,7,7,7
3897,2114,593,653,1251,7614
3898,991,2049,7160,844,844
3899,2125,1010,1753,1753,1753
3900,938,327,321,522,522
3901,938,602,7820,7820,7820
3902,1433,1515,1965,1965,1965
3903,552,65,409,946,946
3904,884,1257,1047,8638,8638
3905,1560,725,1077,1077,1077
3906,427,483,1106,1625,1625
3907,391,1862,1568,547,1816
3908,5854,4420,470,844,844
3909,770,1215,2155,2155,2155
3910,1279,1293,1293,1293,1293
3911,1687,1470,710,710,710
3912,113,1113,420,420,420
3913,850,1562,1838,1581,1581
3914,133,360,228,1888,7689
3915,1373,1578,9229,3270,3270
3916,1316,654,1598,244,244
3917,1890,1403,1305,1679,1305
3918,105,997,1733,297,297
3919,1780,1942,1037,786,786
3920,1996,726,1776,368,242
3921,2059,3,3,174,174
3922,119,76,442,2233,1334
3923,294,141,3823,1316,1316
3924,1343,2184,241,2116,241
3925,658,776,568,1093,1093
3926,911,1706,1585,1585,1585
3927,1057,503,2254,813,864
3928,2058,2135,1302,1302,1302
3929,8265,1165,24,1134,909
3930,2141,896,836,836,836
3931,1492,1604,1703,1164,1164
3932,1566,1273,1832,8509,8509
3933,1149,1016,1489,8626,9140
3934,705,1421,2291,2291,2291
3935,903,360,7179,868,1536
3936,588,184,7102,7102,7102
3937,589,1057,2308,559,474
3938,8001,1681,8021,834,429
3939,2126,1063,7821,641,641
3940,1488,1527,91,1424,1424
3941,1300,2047,1789,1787,1787
3942,1378,442,636,636,636
3943,647,1286,514,2148,914
3944,621,1748,2302,254,254
3945,1103,2151,1080,1080,1080
3946,1852,2136,428,221,428
3947,933,686,1146,1146,1146
3948,2301,671,2298,2298,2298
3949,893,108,1194,1283,1283
3950,1943,1383,1510,243,706
3951,596,1503,1503,1503,1503
3952,1304,1720,2141,1736,1736
3953,1889,2085,1343,1343,1343
3954,1689,2142,1783,996,996
3955,1258,1959,2396,910,910
3956,789,519,1245,2142,2142
3957,1171,500,1587,1587,1587
3958,338,1924,2172,86,86
3959,441,1672,761,785,785
3960,246,1571,1846,1846,1846
3961,1397,1003,1287,838,838
3962,354,1149,354,354,354
3963,1915,187,1850,1721,1721
3964,156,1519,8929,2115,2115
3965,128,1324,251,251,938
3966,1112,2069,1806,1806,1806
3967,644,300,54,54,54
3968,2140,992,158,1362,1362
3969,3044,4376,4492,4492,4492
3970,594,882,882,882,882
3971,8044,122,1591,113,113
3972,1949,2028,1250,1129,501
3973,4906,193,1087,1197,598
3974,1370,398,506,506,506
3975,669,8708,8708,1451,357
3976,675,8984,2179,2179,2179
3977,7683,1393,7201,9002,9002
3978,872,1989,786,786,2200
3979,1542,893,953,161,2015
3980,607,1707,2074,2074,2074
3981,2012,2297,499,291,291
3982,1079,1055,263,2262,2262
3983,838,1845,548,1085,1085
3984,344,167,1033,852,852
3985,9077,734,1630,6928,1921
3986,1603,1367,567,567,567
3987,57,1229,57,57,57
3988,930,541,189,189,189
3989,645,1229,253,253,253
3990,567,1853,239,458,458
3991,337,1892,1920,290,443
3992,2072,301,864,1705,1272
3993,55,1469,761,718,733
3994,2301,1480,459,7821,7821
3995,1648,1200,747,750,750
3996,1181,608,37,8967,8967
3997,8944,1078,79,741,79
3998,612,1810,668,859,859
3999,2057,1841,1963,8014,8014
4000,1246,327,1997,1997,1997
4001,1490,557,2075,887,887
4002,1292,440,1576,139,1094
4003,454,1090,2254,39,39
4004,2097,442,741,1709,1709
4005,2250,1218,2107,683,2107
4006,2234,1853,1706,1706,1706
4007,267,639,1457,723,723
4008,4321,2282,2233,2233,1
4009,1987,1113,1818,743,1309
4010,2029,1402,1749,1280,1280
4011,1766,14,334,334,334
4012,85,559,731,731,731
4013,1985,415,628,628,1265
4014,1000,1963,756,756,756
4015,1791,2259,7820,1442,1442
4016,1490,1336,1542,1542,1542
4017,139,2030,1760,1622,1622
4018,288,1131,1349,2077,2077
4019,1379,415,2336,1387,415
4020,1503,1603,1563,1841,1841
4021,2155,596,2256,1461,1461
4022,2153,303,206,1399,206
4023,1701,2114,1475,1475,1475
4024,1815,1184,323,323,323
4025,2227,1309,8335,1631,1631
4026,74,177,2178,1315,1315
4027,1022,1556,1019,1019,1019
4028,624,1740,2144,2108,2108
4029,664,1122,555,605,2243
4030,1012,35,860,654,654
4031,1676,1421,2062,925,925
4032,55,1362,1053,733,733
4033,1031,477,769,261,651
4034,206,1143,1931,2061,2061
4035,1178,2145,35,1845,1352
4036,1591,391,2297,1079,2026
4037,2029,1178,1779,1779,810
4038,1670,1639,2050,275,275
4039,98,770,659,856,2305
4040,299,11,881,166,166
4041,1418,554,2068,2068,2068
4042,838,542,2160,2160,2160
4043,342,1692,22,1851,309
4044,1097,2125,1870,7429,1632
4045,1284,7828,1509,4338,555
4046,1676,499,1947,1669,1459
4047,1325,684,1529,1529,798
4048,2066,480,2262,2262,800
4049,391,825,38,2171,2171
4050,84,838,1411,793,796
4051,851,1254,1231,1231,1231
4052,1539,895,1007,1007,1007
4053,1090,1717,881,1844,1844
4054,61,1177,2177,1080,1080
4055,2215,1243,1129,498,157
4056,1960,2088,426,133,1531
4057,278,3266,278,31,31
4058,301,955,974,4242,4242
4059,1277,396,168,711,1254
4060,1551,49,187,1106,1106
4061,806,969,54,2225,2225
4062,2302,149,300,2129,2129
4063,1617,345,1943,796,796
4064,254,1016,149,316,316
4065,1418,1243,261,261,261
4066,178,1243,1375,1101,1101
4067,677,1013,1178,2308,2308
4068,793,1408,420,1467,1467
4069,1940,2227,847,2043,1191
4070,1026,1013,1760,1760,1760
4071,885,8172,259,259,259
4072,1287,550,374,1402,1402
4073,34,1990,1421,1069,1069
4074,156,919,644,2153,2153
4075,2017,1316,873,873,1048
4076,1302,331,1576,1576,1576
4077,166,360,244,1219,1219
4078,354,135,347,347,654
4079,1908,169,199,199,199
4080,958,788,1256,2066,1493
4081,2003,1434,813,1224,1036
4082,216,1473,1808,1808,1808
4083,1499,490,1703,600,600
4084,769,427,2135,1606,1606
4085,399,1753,1944,1944,1944
4086,442,2133,765,592,592
4087,450,508,603,1960,1960
4088,453,1187,2281,2281,2281
4089,300,404,7890,8500,2224
4090,1974,898,1936,205,2229
4091,1702,1953,7237,2044,2227
4092,2185,5915,546,546,546
4093,8841,435,1877,8485,8485
4094,2178,784,838,1285,838
4095,2823,1946,5245,5245,5245
4096,1814,2166,1190,647,1190
4097,8563,262,2168,1190,1190
4098,354,1424,493,1250,860
4099,397,137,137,137,137
4100,181,1362,1053,167,167
4101,1826,168,970,639,1690
4102,1943,983,983,210,1943
4103,1315,1901,567,1890,1890
4104,782,1553,1606,6618,1738
4105,2291,525,583,583,583
4106,1499,1735,215,275,275
4107,7129,7783,89,1632,2262
4108,2247,636,798,447,447
4109,947,1543,1381,2006,2006
4110,1170,44,746,1274,1274
4111,9110,487,1628,1721,1628
4112,815,9089,370,1580,1580
4113,8981,1748,2040,2180,2180
4114,1214,5818,2188,1621,1621
4115,904,1372,2134,466,466
4116,1617,1273,1432,1432,1432
4117,1189,474,701,2137,2137
4118,400,2138,1621,1621,1621
4119,766,1631,1802,1434,1434
4120,923,1264,979,979,979
4121,96,244,314,314,314
4122,784,1693,1448,1827,2060
4123,1859,489,315,14,14
4124,2277,638,2092,1005,1476
4125,1729,1260,1260,1260,1260
4126,1704,2162,929,929,929
4127,709,1593,1829,641,641
4128,33,58,2077,1885,1885
4129,1178,2133,1038,567,644
4130,1209,751,1433,1906,2210
4131,306,1972,2011,647,647
4132,627,627,1821,1781,1888
4133,1121,1956,1543,1543,1543
4134,2023,8176,8795,8398,8398
4135,9035,348,190,348,348
4136,642,1338,1518,310,310
4137,1054,2286,2272,1999,1999
4138,2253,2000,1603,1922,1360
4139,1860,1860,182,47,47
4140,710,997,2472,2472,2472
4141,1993,739,4089,4101,103
4142,8916,8780,8780,8780,8780
4143,2272,878,1103,1611,1103
4144,1079,1768,8335,393,997
4145,2113,967,1508,2173,1508
4146,1777,1300,1441,260,260
4147,1401,1534,1068,309,309
4148,2238,835,2238,2238,2238
4149,495,566,1261,1261,1261
4150,187,2165,1799,1553,1799
4151,29,2195,877,877,877
4152,1007,1269,488,488,488
4153,1888,1081,1325,488,488
4154,878,610,375,1565,1565
4155,5588,8932,3382,8813,8813
4156,1337,3631,8472,3742,3742
4157,350,7311,4449,2533,738
4158,617,1843,1911,2005,2005
4159,28,1095,1687,784,784
4160,1145,1264,1145,2302,2302
4161,2023,177,1711,1711,1711
4162,773,1132,771,386,386
4163,2208,2230,1321,1321,1321
4164,1110,601,274,1811,1811
4165,1692,1537,6,1424,1424
4166,875,354,942,942,942
4167,587,114,346,640,640
4168,864,653,4493,4493,4493
4169,1907,366,1058,5821,5821
4170,523,2052,8678,8678,8678
4171,1410,1364,64,64,64
4172,1546,1188,69,883,523
4173,852,1116,1505,1025,1025
4174,1891,761,1005,1469,1469
4175,149,500,630,37,37
4176,2004,102,952,1873,438
4177,793,793,152,1744,1744
4178,433,1601,1980,454,454
4179,1520,1424,398,458,458
4180,54,1787,890,890,890
4181,1574,1496,13,13,13
4182,777,1869,397,886,397
4183,69,635,1232,1232,1232
4184,636,496,456,2284,1999
4185,1724,1589,1137,1137,1137
4186,1894,168,468,318,644
4187,1972,1534,1122,1122,1122
4188,331,331,1890,266,266
4189,1549,1897,1520,1520,1520
4190,1860,1145,738,941,941
4191,1563,1215,1563,1832,344
4192,1315,1151,302,302,73
4193,2260,1916,1063,715,715
4194,1638,1642,3741,9223,9223
4195,8030,7540,7320,7965,7320
4196,2277,1069,241,241,241
4197,1076,786,1113,1608,1608
4198,1231,306,1684,1009,1009
4199,1148,786,954,39,39
4200,1825,1465,1887,787,7265
4201,671,710,1734,1781,1781
4202,1959,243,410,31,1654
4203,327,747,2008,1139,1139
4204,180,1183,167,1932,1932
4205,1258,2187,732,732,732
4206,52,1514,1135,609,577
4207,1063,1146,1319,1319,1319
4208,323,872,1646,1467,80
4209,294,15,1776,1896,1896
4210,860,842,718,718,718
4211,770,1306,2164,1435,1435
4212,1394,219,2250,2250,2250
4213,1844,359,2256,804,2256
4214,986,240,872,1520,1520
4215,1719,543,25,1719,708
4216,1719,1333,1333,1333,1333
4217,852,1025,1355,1416,1122
4218,1443,617,371,371,371
4219,1405,7256,982,2217,2217
4220,761,1153,1469,1390,1390
4221,2282,4132,66,2142,2142
4222,1689,1689,776,776,776
4223,1689,1689,1689,1689,1822
4224,5013,6015,5122,5122,5122
4225,1687,1266,398,61,61
4226,1557,376,675,1620,1620
4227,907,134,557,557,557
4228,1114,216,1562,1457,1457
4229,992,90,1552,2211,2211
4230,295,1214,8602,1446,1446
4231,178,828,964,964,964
4232,989,552,571,2096,4321
4233,1114,164,57,57,57
4234,436,1999,1808,1808,1808
4235,2294,939,855,855,855
4236,1569,1599,1822,705,705
4237,1529,865,1465,1465,1465
4238,811,492,1634,1634,1634
4239,715,1480,425,2072,2072
4240,2084,1501,1306,1306,1306
4241,1171,1100,1158,2299,1250
4242,1839,420,2019,2019,2019
4243,1190,1521,1569,1868,1868
4244,1962,2264,2264,1504,2264
4245,486,486,1710,33,33
4246,1554,1884,2270,7557,7557
4247,1705,342,1234,1234,1234
4248,657,1777,1830,443,443
4249,1314,301,355,1192,1192
4250,243,2168,2168,2168,2168
4251,2515,8350,7963,7000,7963
4252,470,92,1084,1084,1084
4253,562,855,1693,855,1890
4254,2212,44,1398,180,180
4255,7702,1948,434,434,434
4256,761,675,1005,812,8405
4257,2209,322,8911,8911,8911
4258,296,2081,2116,2116,542
4259,1592,1459,1251,1339,1339
4260,7489,8263,1029,7833,7833
4261,1611,912,2261,1119,1119
4262,1686,1390,1169,557,557
4263,621,1298,2277,1298,136
4264,85,2114,1391,1391,1066
4265,503,2205,2081,7,7
4266,2300,368,643,452,470
4267,121,1440,2045,2197,2
4268,521,872,1646,1646,1485
4269,1855,1966,1471,1268,391
4270,501,496,391,391,2228
4271,1152,1262,698,1696,2218
4272,1501,8249,1388,882,882
4273,3425,8104,1018,6415,6415
4274,4372,4227,7543,5224,6059
4275,370,709,723,1065,1065
4276,1932,2282,187,1681,1681
4277,1493,747,2041,7429,7429
4278,1770,94,1728,1728,1728
4279,297,1808,105,2148,2148
4280,2052,1036,580,2275,2275
4281,1834,936,1768,425,425
4282,1548,166,342,447,447
4283,2163,797,779,1721,1721
4284,195,1577,761,1577,1577
4285,538,685,3491,208,208
4286,1080,322,747,1410,1410
4287,8219,4238,1258,2236,2236
4288,5058,7667,6064,3167,7646
4289,2236,2168,2236,301,301
4290,3013,1808,436,901,901
4291,1980,1438,1751,1751,1751
4292,1359,361,1007,1212,2150
4293,858,1449,111,111,2295
4294,1706,1810,380,828,828
4295,184,414,1873,1334,289
4296,1003,1990,574,913,1214
4297,1759,509,457,2045,2045
4298,989,1563,7160,1819,1819
4299,2108,705,670,2081,2081
4300,313,260,1806,1806,1806
4301,4385,1317,2223,2220,1828
4302,2082,59,979,800,800
4303,29,1261,2092,1611,1170
4304,1227,791,1127,1127,1127
4305,1403,672,4126,827,1178
4306,2283,892,1828,2005,838
4307,1145,28,1516,1066,1066
4308,724,60,60,1218,1218
4309,1373,1238,1238,1238,1238
4310,1662,1690,1558,9068,1529
4311,49,1317,2116,1788,1788
4312,897,5359,7219,7219,6151
4313,1884,1592,4385,1138,1138
4314,2010,2060,1374,1341,1341
4315,2064,922,2203,333,333
4316,1697,653,886,857,930
4317,587,100,1673,1844,1844
4318,37,770,1809,2015,2015
4319,2196,758,758,758,758
4320,1508,2127,343,1989,1989
4321,2181,239,1873,261,261
4322,1013,2038,1811,236,236
4323,941,94,1248,1432,1248
4324,946,1966,204,1728,1728
4325,1064,1487,621,621,621
4326,782,1584,2014,1493,1493
4327,3209,673,19,19,19
4328,575,2227,1538,549,408
4329,1898,396,1591,309,309
4330,1621,1847,460,925,1435
4331,296,2161,920,1860,1860
4332,580,445,979,204,204
4333,1234,1854,1818,459,1818
4334,2306,2167,1309,931,931
4335,1116,3756,4599,4599,8749
4336,1318,7376,8331,8839,8839
4337,2179,4514,6523,6611,6523
4338,2165,2189,1918,20,20
4339,8504,3884,884,1609,1609
4340,205,1644,2289,717,717
4341,349,2003,2217,383,383
4342,22,739,948,22,22
4343,2057,1970,1669,1669,1669
4344,1073,404,1936,955,443
4345,1434,1579,890,454,454
4346,2173,2264,133,2264,2264
4347,958,1562,1562,182,182
4348,398,28,28,1022,1022
4349,1682,1760,1159,450,42
4350,550,1483,1508,336,664
4351,1827,5265,8902,721,721
4352,1052,2307,556,809,809
4353,1957,2284,1431,2200,446
4354,827,1431,2085,2081,2081
4355,188,946,840,840,840
4356,327,2048,2021,2021,2021
4357,1648,2193,961,1183,2226
4358,2031,930,729,972,972
4359,1914,2149,8693,1007,1007
4360,1165,2472,102,102,102
4361,379,1786,43,312,312
4362,236,481,7859,7598,7250
4363,641,1207,1657,1551,1551
4364,480,759,237,1492,795
4365,452,23,1816,980,1816
4366,1591,1499,1816,592,592
4367,1166,192,1268,2069,2069
4368,1881,941,1375,1375,1375
4369,295,564,693,693,597
4370,729,623,1467,1467,1467
4371,621,1791,1019,1019,1019
4372,2140,2094,2274,716,716
4373,1027,2146,1497,730,90
4374,164,2082,223,1391,223
4375,1219,1654,1815,1654,1815
4376,2029,1279,162,85,85
4377,1217,339,1974,1974,1974
4378,3722,523,8251,5237,5237
4379,2026,1938,213,2267,2267
4380,1087,1457,86,1693,2241
4381,9,1217,686,686,686
4382,1722,912,2110,2110,2110
4383,7818,3684,8049,8049,8049
4384,1623,1042,1714,1714,1714
4385,183,1884,31,708,9093
4386,153,50,450,1113,1113
4387,1437,1521,1306,1306,1306
4388,1435,1843,2102,2075,2075
4389,825,1539,1733,623,2114
4390,603,2093,1602,1431,1431
4391,1566,1682,804,745,745
4392,1911,1301,1837,1837,1837
4393,663,2091,318,318,318
4394,34,1542,294,1404,1404
4395,364,7713,1393,2243,2243
4396,745,1878,732,804,732
4397,2045,4315,701,8099,8099
4398,2022,689,121,1484,121
4399,2285,2075,1950,1207,1207
4400,262,1179,937,937,937
4401,2051,2053,693,693,1529
4402,34,706,836,535,1839
4403,428,1130,8663,8663,8663
4404,528,188,452,1439,1439
4405,173,2025,162,881,1907
4406,1055,852,1291,8644,1291
4407,159,315,1057,1057,315
4408,1106,1684,649,157,2227
4409,1228,174,140,1561,1561
4410,1210,519,1184,1587,1453
4411,1433,1535,2135,2135,2135
4412,357,6247,6683,911,6247
4413,248,755,65,1879,1879
4414,1409,860,773,852,852
4415,996,2204,148,1870,1870
4416,1400,1149,199,199,644
4417,133,822,729,452,452
4418,774,1149,1149,1802,1802
4419,1542,282,2283,2170,2170
4420,4385,2212,7,7,980
4421,6873,2089,2590,6195,6195
4422,1603,2052,2128,2050,470
4423,1808,1782,2238,2238,2238
4424,1681,1654,1604,1604,1604
4425,391,1254,178,2254,2254
4426,740,420,365,1966,1966
4427,403,1893,29,2150,2150
4428,2021,100,327,157,157
4429,1094,1457,2252,1376,1844
4430,530,429,1789,2252,2252
4431,942,2228,1496,1496,1496
4432,336,1452,1410,1410,1410
4433,1720,1630,2187,243,243
4434,514,1246,1887,253,337
4435,1242,2022,347,1035,1362
4436,2241,950,1119,1501,992
4437,1231,306,1864,1282,1282
4438,1152,1973,940,2268,2268
4439,1944,67,338,2306,2306
4440,806,2009,1054,1054,1054
4441,1908,1288,1908,1908,1908
4442,3364,4080,7912,7912,8946
4443,540,1830,1893,254,900
4444,1114,1710,962,887,1371
4445,468,416,1935,416,1935
4446,6942,5371,4853,8546,8260
4447,558,9223,2267,1138,145
4448,1014,8034,3493,2115,2115
4449,2078,7909,815,1111,815
4450,1198,1851,1061,454,454
4451,938,671,1997,2134,1819
4452,1727,1179,1518,2277,1888
4453,4906,483,1914,889,889
4454,8658,719,1729,1729,1729
4455,431,2184,241,241,241
4456,1673,1888,679,2249,420
4457,245,901,684,1729,1729
4458,1030,1721,1943,1940,1940
4459,1947,1259,2134,2134,1441
4460,1194,1756,1162,1646,1646
4461,892,262,925,262,182
4462,1250,625,1250,1250,1250
4463,32,645,2133,2133,2133
4464,818,1491,1037,396,396
4465,2183,535,591,591,591
4466,675,1666,1005,1390,1390
4467,9122,1346,2241,2179,2179
4468,952,1350,132,102,102
4469,2031,1816,1891,1066,1066
4470,201,769,126,126,126
4471,1024,2278,10,269,269
4472,1151,1358,1360,718,718
4473,8343,9043,5164,5164,5164
4474,494,1706,664,8405,815
4475,78,8811,3820,3820,3820
4476,2247,1519,104,1034,1034
4477,2113,1849,170,170,170
4478,649,1771,6928,1519,1882
4479,237,1032,1888,7917,7917
4480,588,195,1212,693,693
4481,7277,247,2277,2277,7081
4482,8236,3780,4590,6177,6177
4483,3143,3389,4538,8547,4538
4484,2936,2404,2404,2404,8941
4485,1094,2014,1178,1634,1634
4486,139,1892,1933,1635,1635
4487,301,1914,1923,1770,1770
4488,797,1090,1448,1540,1158
4489,1508,2228,907,907,907
4490,2081,1901,2279,927,1989
4491,1139,1038,898,898,898
4492,1829,1829,157,1785,1785
4493,1359,572,240,240,240
4494,8284,8117,4320,4320,4320
4495,1453,506,389,143,143
4496,2019,2190,297,297,297
4497,1355,264,689,774,774
4498,1060,1782,2021,1787,1787
4499,47,1290,8972,1769,2215
4500,16,8666,3820,16,1509
4501,536,8765,505,7620,7620
4502,421,151,2921,2921,2921
4503,1622,2036,22,497,22
4504,361,1890,2254,331,424
4505,360,321,874,747,2072
4506,1768,1408,1985,600,291
4507,1557,121,372,412,372
4508,1012,7256,722,833,833
4509,1092,1622,325,692,325
4510,254,1521,242,1855,1521
4511,1599,911,468,410,410
4512,1410,916,196,196,196
4513,1322,7429,160,160,160
4514,2162,832,936,1266,1266
4515,7598,4626,9090,7982,6476
4516,1793,718,1276,1543,1005
4517,1441,307,3346,7211,8749
4518,196,1161,987,796,796
4519,2292,1481,1187,1187,1187
4520,25,1986,747,747,747
4521,7829,5370,6203,7451,8215
4522,4015,8011,6496,6496,6496
4523,7032,6197,4304,2641,5657
4524,887,783,1905,1398,1905
4525,820,2129,1316,300,300
4526,598,1000,1293,1293,1293
4527,178,1848,2019,1420,636
4528,277,744,2022,1066,1066
4529,1861,638,2186,2186,2186
4530,675,995,7524,7524,7524
4531,2190,1983,495,5830,914
4532,1354,1714,1714,829,829
4533,1278,1843,897,897,1061
4534,302,992,770,770,770
4535,2268,1920,1126,1126,1126
4536,1307,814,795,795,795
4537,1461,1026,7290,1842,161
4538,1885,2028,1651,1566,1566
4539,2091,798,2081,2059,2059
4540,1979,804,1518,1518,1518
4541,643,1856,643,643,643
4542,860,732,1583,1045,1045
4543,1943,1150,335,335,1661
4544,1727,635,1279,977,2268
4545,990,170,1249,2009,2009
4546,7810,7810,7810,505,661
4547,995,6632,3809,3809,3809
4548,2297,1194,1360,1360,1360
4549,1254,154,365,1189,1189
4550,159,178,476,1579,1999
4551,920,370,1425,873,873
4552,1604,1408,2034,399,1581
4553,1833,1762,2242,623,2242
4554,2225,654,2184,1864,1080
4555,8709,8839,8967,8967,8967
4556,213,629,1835,2096,2096
4557,217,1540,1166,1166,1166
4558,2131,2079,1749,1931,1931
4559,615,2253,1178,1178,1478
4560,823,953,1039,670,698
4561,2239,107,2172,2172,2172
4562,1639,110,644,1896,220
4563,567,4613,1566,1566,1566
4564,2173,1279,15,15,15
4565,1360,323,1429,1429,1429
4566,8923,6971,1931,107,107
4567,582,385,398,2167,2167
4568,1489,382,8293,8293,8293
4569,570,2029,476,2018,2018
4570,4518,2280,574,1868,1868
4571,990,119,1247,1247,1247
4572,3079,4969,7504,5501,5501
4573,150,5176,6462,6498,6498
4574,240,8448,8371,8371,8371
4575,7896,4445,8556,7910,7910
4576,7390,9225,8748,8748,8748
4577,7096,8618,8991,8867,8291
4578,190,184,181,181,181
4579,400,5257,6586,6586,6586
4580,1774,263,2206,1115,4361
4581,346,346,1030,2303,2303
4582,288,2059,800,132,132
4583,32,1778,2155,2155,2155
4584,215,1727,1902,1902,1902
4585,426,262,2275,426,426
4586,1957,2196,2041,623,1381
4587,679,274,1973,1309,1309
4588,1895,625,811,323,590
4589,305,1566,1632,2068,2068
4590,690,1099,547,547,831
4591,1901,2284,965,240,240
4592,1868,828,1888,1730,1730
4593,2160,6,807,807,807
4594,2069,2279,972,1306,1306
4595,1457,922,428,2265,2265
4596,596,2294,791,1480,1480
4597,1355,1106,1355,178,1355
4598,528,94,1838,333,287
4599,370,2139,141,1784,1784
4600,1024,1965,2028,1361,2028
4601,802,855,1053,239,1225
4602,2173,1011,458,1991,96
4603,6,875,2025,1812,1812
4604,1321,1666,849,2082,253
4605,833,1467,687,687,1643
4606,1292,1999,192,192,192
4607,1561,1987,267,192,192
4608,563,1387,1653,1653,1884
4609,223,79,1800,7555,7555
4610,819,1529,1297,7675,7675
4611,1397,887,338,338,338
4612,1191,1172,247,1124,1124
4613,2130,1626,1243,1598,1243
4614,5725,7357,7581,7581,7581
4615,8827,8916,1308,1572,9017
4616,7989,6938,8904,8934,8934
4617,918,733,307,307,307
4618,340,734,2043,2043,2043
4619,1493,288,391,508,391
4620,1633,1623,1381,1872,1872
4621,1328,1232,2232,2232,2232
4622,126,169,169,2003,2123
4623,33,1155,426,839,1499
4624,1025,1191,292,529,529
4625,787,1739,279,279,279
4626,314,1566,314,783,705
4627,1893,2267,2267,1117,1117
4628,1457,2212,1250,626,32
4629,1623,1933,1872,1276,1276
4630,1380,2308,860,1380,669
4631,176,2023,1106,1947,1947
4632,8752,640,3578,3578,3578
4633,1028,1628,1173,1173,1173
4634,20,20,527,1516,1516
4635,1674,1554,2221,955,955
4636,2012,2012,643,1934,1934
4637,766,1176,2288,907,907
4638,1100,1733,1733,1086,1086
4639,139,1966,1386,1386,1386
4640,1124,4507,245,1653,1657
4641,1519,835,831,831,1648
4642,21,1942,2030,35,35
4643,2038,1989,1533,1315,2081
4644,812,525,1986,1967,1967
4645,1204,243,1284,1284,1284
4646,1948,1049,2188,2188,885
4647,2068,946,2061,2061,2061
4648,2307,984,165,684,684
4649,1513,1594,1061,1061,1061
4650,1673,431,1821,1231,441
4651,630,532,1568,1680,1680
4652,2269,2173,914,647,647
4653,922,1114,1901,1901,1901
4654,363,862,323,709,986
4655,716,1801,716,716,716
4656,709,368,2082,57,57
4657,452,58,1938,2228,2228
4658,1673,100,1072,604,604
4659,22,804,998,998,2161
4660,370,647,784,1817,1747
4661,3108,1014,208,8993,7749
4662,2177,319,1741,1151,1036
4663,1792,8805,1050,2079,2079
4664,199,2043,7429,898,898
4665,32,992,1754,1754,2140
4666,884,730,513,536,536
4667,367,699,798,798,798
4668,554,618,1830,1364,1010
4669,215,191,331,331,1591
4670,1230,1549,1596,1596,1596
4671,369,2094,275,1759,1759
4672,7,2220,2125,8317,168
4673,1076,2094,1001,995,995
4674,750,597,2127,427,35
4675,1672,745,846,846,846
4676,1572,1334,6116,439,439
4677,1486,389,1560,745,745
4678,1893,805,3766,3766,3766
4679,745,1420,438,1136,1136
4680,1202,2003,2028,1616,1616
4681,159,216,974,2274,443
4682,1399,902,781,781,1841
4683,2064,1392,636,1892,1865
4684,2220,1194,1919,2214,2214
4685,1264,2258,765,1686,1686
4686,562,1302,562,172,172
4687,1960,725,800,2237,2237
4688,1188,1017,69,196,1728
4689,1824,1709,1785,759,759
4690,1493,1479,220,811,1534
4691,2085,729,2095,1157,1157
4692,1866,348,1973,1286,2014
4693,2034,262,2130,732,732
4694,1727,13,22,193,193
4695,2108,2012,250,250,250
4696,923,507,1045,743,743
4697,274,731,712,493,493
4698,2086,319,30,1075,30
4699,2079,2079,2079,2079,2079
4700,1330,30,1871,1723,1723
4701,1177,145,847,2224,553
4702,2184,465,614,1075,614
4703,1152,725,2025,336,336
4704,4194,3482,5202,5787,5174
4705,2914,4943,2032,2862,2862
4706,7591,7402,7677,2778,2778
4707,2232,3458,7543,8364,8364
4708,1701,842,1459,181,181
4709,453,8318,1456,1700,1700
4710,947,1742,1543,1543,1543
4711,1682,1933,1286,279,279
4712,337,337,482,158,482
4713,2142,881,1278,1278,1278
4714,5863,8752,5863,8988,8988
4715,1783,7240,245,245,245
4716,7568,2558,8915,8915,8915
4717,5838,2705,606,896,896
4718,1348,6059,6622,6622,6622
4719,2188,318,1631,757,757
4720,384,102,1572,1703,151
4721,1542,1652,940,940,940
4722,1435,1073,1621,2271,2271
4723,1048,1980,8504,221,221
4724,215,215,2167,1616,1616
4725,912,1246,1368,1368,1368
4726,1778,468,21,1870,1542
4727,209,1714,1427,158,158
4728,1124,1150,2107,2107,2107
4729,116,1195,2093,1610,1610
4730,69,478,17,382,382
4731,761,768,153,4157,153
4732,2165,217,660,1971,1971
4733,1953,1577,1252,1492,1492
4734,605,526,2109,675,675
4735,1148,445,675,675,675
4736,61,1288,2297,297,391
4737,699,699,599,599,599
4738,1316,1324,411,142,142
4739,156,1349,851,851,2161
4740,627,688,1185,524,1247
4741,1377,1261,1047,389,389
4742,477,1005,666,1049,1049
4743,1060,1060,8405,8405,8405
4744,541,1470,1126,221,221
4745,195,13,146,146,1240
4746,1053,1929,634,634,634
4747,2037,1233,537,1513,687
4748,1361,227,1493,1493,1493
4749,2077,1258,1917,1192,2142
4750,8616,6551,7441,7441,7441
4751,2168,288,725,688,688
4752,1365,1272,664,1150,358
4753,2199,1749,113,361,361
4754,2292,1630,1369,808,2092
4755,2204,539,80,875,1690
4756,300,1431,284,284,284
4757,1260,1924,2140,1005,1005
4758,7240,2264,2066,739,1817
4759,842,2180,8603,8603,8603
4760,8279,316,1819,717,1819
4761,1072,961,556,1539,1988
4762,1996,1972,216,2112,2112
4763,1992,1661,564,1325,647
4764,1845,2009,1551,1623,1623
4765,7,1155,2020,2020,2075
4766,1885,2059,159,363,82
4767,1786,1960,5733,694,5461
4768,1188,491,1522,582,582
4769,225,7160,94,1626,1626
4770,1907,3902,3828,3828,3828
4771,1201,8182,8182,748,748
4772,1299,2647,762,8136,19
4773,2225,766,972,440,440
4774,1073,1563,2254,1786,1006
4775,323,1923,597,1591,1591
4776,8216,1465,2673,2673,2673
4777,581,1807,1341,704,8988
4778,724,102,1934,1991,1991
4779,654,1908,833,982,2022
4780,1662,1771,1149,199,199
4781,2148,1593,952,63,1545
4782,2085,288,488,488,488
4783,1884,2090,1277,496,496
4784,593,1588,2159,7250,7250
4785,521,77,2026,164,164
4786,255,1177,879,1177,1177
4787,1442,590,2112,336,997
4788,2057,1581,1645,619,619
4789,786,1176,1973,1301,1396
4790,1378,856,2114,302,2223
4791,730,1664,1071,2136,2136
4792,2066,204,261,1251,1251
4793,1177,1296,520,520,520
4794,439,2150,1230,1230,1230
4795,1015,786,557,1052,1052
4796,234,1942,1807,2066,2066
4797,1372,2102,1095,1592,1592
4798,2047,1342,1681,1681,1681
4799,1932,1012,2135,68,68
4800,562,1807,661,1369,2061
4801,2295,2113,597,14,14
4802,501,2999,1687,1687,1687
4803,1129,943,501,501,501
4804,917,349,2169,2169,2169
4805,2149,613,1473,1989,1989
4806,1200,1552,2255,171,171
4807,664,167,2107,2301,2301
4808,1896,220,418,800,800
4809,1807,293,731,293,293
4810,440,2049,27,1000,27
4811,2228,1549,2021,507,507
4812,8532,812,5282,2135,2135
4813,1501,2149,2247,2247,1186
4814,471,959,7800,7956,7956
4815,1141,862,1189,1189,1189
4816,1415,478,233,7336,7336
4817,1753,507,1277,1674,1726
4818,985,1152,1642,1642,1642
4819,969,1038,342,342,1681
4820,1887,1583,1519,327,327
4821,452,2225,873,875,875
4822,397,1168,397,397,397
4823,598,809,1754,2140,1754
4824,2198,818,901,1369,1369
4825,1420,955,892,853,853
4826,894,1172,233,61,8203
4827,813,1832,2050,2050,2050
4828,1706,1446,1276,725,725
4829,2286,957,320,282,767
4830,1277,1355,104,522,522
4831,1888,2102,39,1270,39
4832,1010,7702,666,409,409
4833,579,1161,1666,1666,1666
4834,1786,7179,583,957,1985
4835,1942,309,2078,1457,1457
4836,863,478,682,2041,2041
4837,2110,4837,26,7567,208
4838,967,2012,85,85,85
4839,1011,7247,7247,7247,7247
4840,1094,890,1094,363,363
4841,2169,1907,1370,917,917
4842,7571,7855,8288,7065,7065
4843,1196,259,7487,7291,7291
4844,1196,2365,4495,7857,7857
4845,671,1322,961,263,263
4846,1948,2250,511,2165,511
4847,947,423,1158,1158,1507
4848,739,782,1525,1525,1525
4849,2258,832,1046,1046,1832
4850,1220,1286,1176,825,1176
4851,1272,1341,1374,1374,1374
4852,811,2002,641,7561,7358
4853,2199,1603,122,122,122
4854,1632,521,1576,1082,1576
4855,1454,2295,295,295,295
4856,38,731,418,1522,1272
4857,336,1010,2003,200,450
4858,1459,251,1953,127,773
4859,1812,187,2272,1999,1999
4860,226,2051,9089,9089,9089
4861,1249,8173,904,904,904
4862,657,746,8172,612,612
4863,1063,1146,1511,1511,1511
4864,173,292,609,609,609
4865,1869,2094,7052,7052,7052
4866,1007,1364,129,129,129
4867,39,1537,1537,1699,1699
4868,265,2280,2228,2183,2228
4869,2124,1876,966,1218,253
4870,1203,7599,572,572,572
4871,104,345,732,1431,1431
4872,1497,605,1214,1214,1214
4873,2068,2113,353,1370,1370
4874,860,9085,9085,9085,9085
4875,8892,7788,2425,3481,3481
4876,19,8916,7322,7717,7991
4877,9107,8432,9065,817,817
4878,1124,1276,486,486,9166
4879,123,1002,4391,3209,3209
4880,1639,1129,100,1292,100
4881,1045,1795,282,897,897
4882,391,503,1679,1679,1679
4883,194,2029,2083,216,216
4884,731,1013,324,1041,1524
4885,1387,425,1642,1642,1642
4886,4852,4321,1963,1963,1963
4887,790,1903,1251,1934,1934
4888,1891,503,1584,2116,2116
4889,890,159,1693,1699,1699
4890,2306,1049,2196,2196,2196
4891,972,2007,551,409,409
4892,1336,242,1622,1859,1032
4893,1972,826,1567,1567,1567
4894,1307,701,1820,677,94
4895,1327,1231,82,282,282
4896,851,1310,851,851,851
4897,1293,1379,851,851,851
4898,520,923,2028,1202,1202
4899,85,336,954,684,684
4900,1094,1101,1898,450,450
4901,304,8218,5811,5811,5811
4902,936,129,4290,2292,2292
4903,1381,482,1032,1435,1381
4904,1681,1565,1052,2228,2228
4905,590,360,468,1566,1566
4906,769,2054,2300,2300,1666
4907,1534,2165,610,6,6
4908,274,151,1989,91,156
4909,1856,428,716,215,215
4910,1736,133,1888,575,1657
4911,386,160,1508,1508,1508
4912,1849,836,2019,2019,2019
4913,178,482,225,225,225
4914,1777,396,323,2135,2135
4915,2069,1913,142,142,142
4916,39,496,391,2016,2016
4917,4452,4273,118,1192,1917
4918,7691,8949,6526,7816,7816
4919,2120,2120,1886,2236,341
4920,1913,1353,1847,851,851
4921,5350,849,236,236,236
4922,1051,1394,1775,1094,1094
4923,1324,1380,1148,1629,1629
4924,1534,1277,1404,1128,1128
4925,1383,1278,1885,1885,1885
4926,32,919,158,2073,2073
4927,132,641,1679,178,759
4928,1998,2021,1215,1243,1566
4929,1060,1587,1613,762,762
4930,2081,1740,1361,851,851
4931,1716,1493,822,1098,822
4932,337,197,337,325,325
4933,1902,886,1345,55,55
4934,2293,337,1074,1074,2099
4935,2135,1579,786,1811,972
4936,1987,893,833,948,948
4937,729,1368,1780,1780,1534
4938,1188,77,400,400,400
4939,521,2149,1565,1565,1890
4940,590,2225,1985,2154,2154
4941,1516,4523,2106,2307,2307
4942,552,429,552,552,552
4943,1311,125,2187,2187,2187
4944,1687,570,695,804,804
4945,729,39,1488,1488,1488
4946,1362,1916,1843,940,940
4947,2064,541,120,898,898
4948,1968,1890,2167,202,1220
4949,499,1423,1331,836,1579
4950,5350,1904,784,784,784
4951,37,5,1569,332,332
4952,236,1031,201,1710,1710
4953,1627,1020,69,69,69
4954,504,1771,909,404,909
4955,898,2083,1578,1578,51
4956,8001,4620,6186,6186,6186
4957,1790,7840,1665,2398,2398
4958,5487,2931,916,916,916
4959,1023,451,1071,1794,1152
4960,200,465,2169,680,775
4961,213,1499,438,438,438
4962,644,1639,1009,1684,1684
4963,333,1608,1581,309,1581
4964,1744,261,1675,1471,1471
4965,1428,523,51,51,51
4966,1908,444,458,1088,1088
4967,1490,725,710,710,64
4968,7319,8485,1402,2175,2175
4969,2236,3924,934,934,934
4970,8616,7857,5492,7285,7285
4971,350,3491,536,536,536
4972,4228,8244,2703,2703,2703
4973,4268,3513,5585,5585,5585
4974,532,2083,2274,2274,2274
4975,1661,2307,1686,296,1686
4976,7,2130,339,1659,1659
4977,4385,1012,1924,1924,1924
4978,658,1593,959,8863,1509
4979,359,1906,595,1651,1651
4980,1,1832,1576,1576,1576
4981,2189,2189,159,159,159
4982,107,19,119,1769,1480
4983,1278,1103,96,1629,96
4984,1533,1488,1042,2279,2279
4985,932,1024,182,1486,1404
4986,521,112,958,4321,4321
4987,1051,1988,890,2085,584
4988,838,772,1999,571,571
4989,8896,1964,8205,1964,1964
4990,7797,1964,1964,1964,1964
4991,1528,1930,1447,1447,1447
4992,1262,640,7458,1495,8204
4993,1665,2259,1612,1256,1256
4994,334,1438,861,861,1496
4995,173,1038,443,430,1503
4996,1118,1425,1528,1171,2172
4997,1238,7290,2001,1779,2048
4998,55,357,1659,1025,233
4999,1142,180,457,1376,457
5000,332,1858,914,2064,2064
5001,1830,1993,1299,229,3
5002,7804,7780,1111,5291,5291
5003,876,2208,1662,165,165
5004,1298,7412,10,674,674
5005,768,749,749,352,352
5006,747,1011,61,436,791
5007,982,314,314,1472,1472
5008,777,1481,168,168,168
5009,1101,890,1835,1101,513
5010,381,381,287,287,287
5011,930,1458,1938,1760,1760
5012,578,946,943,1737,943
5013,1860,6,248,248,248
5014,474,732,994,994,994
5015,1212,366,1759,788,2295
5016,200,1699,159,957,957
5017,1482,691,2146,2306,2306
5018,1264,897,696,1307,1307
5019,1301,528,1100,753,753
5020,507,436,452,452,452
5021,2089,1833,1810,377,1810
5022,615,38,2075,78,78
5023,36,1666,1873,1873,1873
5024,1393,1583,296,296,296
5025,1141,1114,482,2226,2226
5026,1680,270,1870,306,1166
5027,1767,318,2212,753,2212
5028,1630,29,1899,876,876
5029,1797,1610,1994,260,260
5030,1300,143,723,1817,1817
5031,1592,2057,1747,2171,2171
5032,1166,716,929,929,929
5033,1166,1266,800,1266,33
5034,1705,759,240,765,759
5035,2212,1237,1616,1616,1616
5036,1295,150,2207,1388,1388
5037,7402,1314,8434,4612,8112
5038,6420,4055,4612,6420,6420
5039,8563,2077,2077,2077,2077
5040,1345,1501,279,1739,1739
5041,786,1810,1401,2308,2308
5042,547,77,247,2204,1429
5043,237,439,2586,3353,2586
5044,8392,2297,1922,1079,1953
5045,2060,1265,2004,2004,2004
5046,1853,381,788,1778,1778
5047,8761,4485,2470,2438,2438
5048,1171,1171,1445,1631,7573
5049,2160,741,721,1682,721
5050,1537,1272,313,1272,313
5051,459,414,1752,516,516
5052,2209,167,8083,8083,8083
5053,651,1519,1041,1181,1181
5054,716,8,9133,9133,9133
5055,732,745,707,707,707
5056,2161,577,2234,1039,1039
5057,1378,692,2005,732,732
5058,1964,1593,1926,61,61
5059,773,2021,1081,1081,1081
5060,1589,1452,1137,1137,1137
5061,901,358,929,955,955
5062,1688,1217,92,2118,2118
5063,1577,878,1452,1577,1577
5064,634,967,699,699,456
5065,1360,190,1944,284,771
5066,1760,1122,1122,1122,1122
5067,3997,4152,4178,3793,4178
5068,3676,3122,3946,3460,2679
5069,1993,7907,8947,8642,8947
5070,96,750,1637,747,747
5071,1919,677,317,559,559
5072,59,2238,2052,2052,2052
5073,1033,2289,1831,612,1793
5074,1739,298,8370,1031,1031
5075,740,930,229,1866,1866
5076,1425,453,1794,443,443
5077,193,100,2010,822,822
5078,914,1823,7185,534,534
5079,1410,161,822,822,822
5080,1903,451,1278,545,545
5081,792,1426,1732,1732,1732
5082,1550,1526,2284,1467,1467
5083,1812,524,849,1762,849
5084,501,1142,2280,422,2280
5085,1931,1671,541,1047,1047
5086,1625,795,204,204,204
5087,1895,1790,777,725,725
5088,434,1986,1986,1714,549
5089,1925,359,301,1938,1705
5090,4628,7775,510,7675,7675
5091,1821,637,1070,1166,1166
5092,442,756,2053,1874,2122
5093,1516,1603,1461,1461,1461
5094,12,713,894,1274,1274
5095,714,2065,1463,1705,2223
5096,989,935,1914,1914,1914
5097,2256,180,1837,1837,1837
5098,272,758,1701,1306,1701
5099,2159,20,2177,1849,2000
5100,1100,668,912,718,912
5101,755,197,397,397,397
5102,1368,1244,1435,1859,1859
5103,327,410,1864,1864,1864
5104,612,1964,2253,668,668
5105,4321,1214,999,999,999
5106,705,395,2146,2034,1590
5107,1165,2038,2247,2020,2020
5108,1901,1947,498,269,2036
5109,783,1499,1699,670,1553
5110,275,1777,454,454,454
5111,2130,948,1914,1914,1914
5112,1434,2154,496,1277,496
5113,1334,1591,1619,493,493
5114,1237,299,1824,1237,1237
5115,1490,4507,2184,243,243
5116,133,321,488,488,488
5117,163,104,322,505,505
5118,312,1947,1220,45,45
5119,764,677,1693,851,851
5120,342,715,233,91,91
5121,950,2248,1832,1832,1832
5122,696,1587,404,1812,404
5123,938,1356,1012,1012,1012
5124,1569,152,7,1813,1813
5125,2168,2069,1280,1280,1280
5126,2206,1810,935,2028,2187
5127,2257,580,2306,58,58
5128,825,296,597,1960,1960
5129,571,1619,2160,940,940
5130,300,831,1869,1340,1359
5131,947,808,2302,2062,2062
5132,887,98,1597,1597,1597
5133,2237,725,1565,431,1588
5134,1983,565,2042,2042,50
5135,830,2210,2277,2308,2308
5136,708,931,1701,2093,2093
5137,1925,1351,1855,1855,1855
5138,6627,9092,8854,4916,6183
5139,1354,9059,1381,1381,1381
5140,194,812,2308,1133,1133
5141,1739,1926,1509,1509,1509
5142,472,7927,7165,8205,8205
5143,3149,650,819,819,819
5144,771,1008,630,404,404
5145,857,907,98,98,98
5146,1541,1913,2283,1901,644
5147,2212,384,1282,1938,1282
5148,7240,7623,883,64,64
5149,2820,321,474,2177,845
5150,775,94,2023,983,983
5151,1066,19,1306,1306,1306
5152,2131,2191,2060,2060,1587
5153,9,920,757,729,452
5154,350,8776,724,724,724
5155,1609,2681,3009,3009,3082
5156,794,1364,8136,48,5222
5157,2257,1052,447,447,447
5158,263,46,6968,1475,1694
5159,533,2012,1640,1640,1640
5160,1433,1714,8405,1884,1884
5161,1479,1397,1863,1863,1863
5162,2254,643,396,2306,2306
5163,908,2135,765,129,129
5164,978,34,483,483,483
5165,497,1128,730,730,730
5166,7538,4382,1348,1348,1348
5167,5569,1172,2298,2298,1945
5168,3967,2388,2408,2649,2649
5169,7151,8521,2172,6116,6116
5170,382,8656,690,1607,1607
5171,2018,520,1617,2275,2275
5172,344,249,633,2061,633
5173,508,695,1328,1328,1328
5174,765,2020,1001,1155,1944
5175,1082,1387,501,360,360
5176,1427,968,1512,857,857
5177,2254,570,1247,229,229
5178,2156,529,150,1977,1977
5179,496,9,1776,1776,569
5180,963,1066,337,2220,2220
5181,2000,1679,7657,1338,1852
5182,1496,106,1770,1770,1770
5183,1732,2198,1450,1450,2118
5184,496,1118,1033,1033,1033
5185,691,1198,2251,2251,2251
5186,776,7576,1349,1772,1837
5187,1844,1426,1342,1342,1909
5188,1119,747,1321,1333,538
5189,1408,458,801,647,155
5190,719,1009,1045,1045,1045
5191,1857,1271,1385,1385,1385
5192,1827,1014,1135,7495,1383
5193,1189,686,2305,627,627
5194,827,133,1626,1679,1679
5195,1769,1878,1227,299,299
5196,1051,1269,1048,1906,1562
5197,1068,2196,1113,1608,153
5198,626,46,572,572,572
5199,1038,164,2257,1406,97
5200,1282,894,2220,2220,2220
5201,979,306,2091,1455,1455
5202,5818,2191,4903,5619,5055
5203,7577,8166,1174,8063,8063
5204,1414,6969,8434,8866,8866
5205,804,932,932,932,932
5206,529,1945,1179,1179,1179
5207,1069,53,2120,1689,1689
5208,735,1228,619,619,619
5209,119,961,961,961,961
5210,782,1121,1172,549,549
5211,927,2003,567,1397,2173
5212,2022,393,390,390,390
5213,1222,2006,912,735,735
5214,8293,421,3270,806,806
5215,1254,1590,641,2148,593
5216,1373,1130,1087,555,1087
5217,262,1362,1730,588,625
5218,1032,1388,2277,1823,771
5219,963,1170,820,664,664
5220,2070,673,2583,2583,2583
5221,1403,1552,178,1139,178
5222,420,1302,1679,2254,2254
5223,1518,464,2217,709,2217
5224,1786,499,1979,458,239
5225,2074,1349,1228,1228,1071
5226,995,1710,1387,2094,2094
5227,1398,430,189,2020,2020
5228,2036,395,379,379,379
5229,1003,2223,1685,993,1079
5230,2285,612,2123,2123,2123
5231,7489,1228,80,80,80
5232,221,5495,5608,5873,8756
5233,1621,7555,4031,4031,4031
5234,1478,69,1187,719,719
5235,1428,2916,1367,1410,1410
5236,106,833,874,698,698
5237,47,462,2178,831,831
5238,1309,1576,1787,1787,1787
5239,1549,1845,1811,1269,1811
5240,2257,1786,1811,1811,1811
5241,1823,134,153,153,1396
5242,175,861,34,1253,1253
5243,1806,1431,2306,2085,2085
5244,980,2220,296,296,296
5245,1075,165,333,389,389
5246,1666,2170,578,1162,1162
5247,2100,2070,1364,2070,537
5248,4521,6722,7499,8543,7499
5249,8774,5070,7601,4734,4734
5250,2062,348,468,410,410
5251,367,164,1457,979,979
5252,2088,2284,289,866,866
5253,1673,1770,1998,2222,2222
5254,1513,513,1095,1095,1095
5255,379,95,165,1131,42
5256,7213,8317,8176,1715,1715
5257,9153,790,717,9170,717
5258,708,992,158,1638,1638
5259,2148,1593,1841,2176,540
5260,2136,1739,2136,2136,1100
5261,608,1146,7095,7095,7095
5262,685,64,9010,256,256
5263,871,2118,1301,1301,1301
5264,9002,614,7448,7500,7398
5265,1554,1372,1471,1568,2219
5266,813,227,399,639,639
5267,1371,582,1519,1519,1519
5268,236,570,1675,1301,2141
5269,815,1116,828,1706,828
5270,552,1458,664,1458,1458
5271,1867,1167,1964,1964,1518
5272,1201,883,1278,1450,1278
5273,957,1794,611,933,184
5274,7815,1311,1036,1438,1438
5275,852,957,2303,1063,2303
5276,1321,1908,1510,360,360
5277,181,1238,186,186,186
5278,2187,1017,532,4321,4321
5279,7,1224,1403,1139,1139
5280,2143,3552,2869,9229,9229
5281,328,7483,218,870,870
5282,3146,7530,3713,3863,4545
5283,358,292,990,990,990
5284,148,911,458,458,458
5285,665,856,1073,306,306
5286,2228,45,723,723,723
5287,7429,769,1932,667,667
5288,2113,135,970,192,444
5289,1893,674,1055,1055,1055
5290,33,1677,827,827,827
5291,77,217,1326,1326,2019
5292,915,438,671,2194,2194
5293,2234,2252,1218,1028,1028
5294,388,305,1773,1773,1773
5295,1608,1491,1371,1947,1947
5296,1881,1567,24,24,24
5297,7932,936,3954,3954,3954
5298,617,1226,2024,2265,2024
5299,57,1723,1666,1887,1887
5300,1066,2053,1821,1821,1098
5301,1790,1007,1364,1058,5725
5302,1737,7936,1591,1101,1614
5303,2290,536,2150,420,420
5304,1529,504,1701,504,717
5305,1682,1978,1150,1682,1682
5306,1898,1520,2123,414,414
5307,1808,2026,525,1808,1808
5308,1375,7448,1849,1846,1846
5309,2052,685,2058,2058,2058
5310,2054,1082,571,571,571
5311,992,1799,289,289,1007
5312,497,283,1159,583,583
5313,2126,530,1667,1667,1667
5314,1323,2009,515,1789,1789
5315,1281,8098,912,335,335
5316,1682,124,602,602,602
5317,521,373,288,1245,1245
5318,447,2091,1693,1500,1486
5319,8209,7073,6323,6323,6323
5320,758,1320,8563,534,534
5321,1206,341,341,341,341
5322,627,1351,32,1654,1654
5323,1319,1608,1608,384,816
5324,1277,1649,1763,1674,1683
5325,38,1215,1641,1655,1697
5326,1015,1015,1367,1367,1367
5327,856,1704,607,1378,1378
5328,1520,1266,1119,2048,2048
5329,202,2198,3664,3664,3664
5330,804,996,1959,1959,1192
5331,1247,3924,1655,3,3
5332,7040,8662,1359,1609,1609
5333,1109,729,954,488,954
5334,3781,8296,3086,8793,1275
5335,4495,4972,2309,7498,7498
5336,2570,3861,2763,4225,4225
5337,653,343,23,2288,2288
5338,1500,1667,592,2288,1898
5339,764,1422,1292,1985,1985
5340,1493,27,2187,2070,2187
5341,262,619,954,1001,1076
5342,1914,3823,1165,111,111
5343,1658,504,990,261,1515
5344,2228,954,1129,131,131
5345,549,1727,1543,1543,495
5346,1300,901,226,1737,226
5347,2130,1356,1530,105,105
5348,7081,2002,8587,7973,7973
5349,664,902,3140,1822,1822
5350,8693,422,1922,1922,1922
5351,368,2160,1161,1499,1499
5352,1301,771,2094,1570,1570
5353,1611,256,1914,1914,1312
5354,1064,38,499,1064,1514
5355,1948,1670,226,226,226
5356,12,1079,1926,543,543
5357,1567,1698,1452,1410,1410
5358,6837,8881,3304,2463,2463
5359,1146,681,1088,9180,681
5360,7840,448,2562,2562,2931
5361,1518,2094,2018,233,216
5362,500,414,1046,1046,1046
5363,459,361,1915,2288,1922
5364,2005,106,1339,521,521
5365,787,1542,699,646,646
5366,2137,2165,1457,1457,1457
5367,475,1940,2272,1691,1691
5368,61,4210,1556,61,1556
5369,1931,130,403,1261,818
5370,806,107,4613,4613,4613
5371,1012,2119,2049,1106,1106
5372,255,7038,1834,1834,1834
5373,2154,1010,1822,1822,7559
5374,1280,1256,1457,359,359
5375,1412,1710,1162,972,972
5376,1266,562,1720,562,946
5377,256,1609,1454,879,879
5378,1784,1716,183,1893,1820
5379,2298,805,1105,1105,1105
5380,706,12,672,108,108
5381,121,2183,45,988,2036
5382,1700,958,1717,772,772
5383,1651,2135,1695,2103,2103
5384,185,1199,2013,988,988
5385,1360,1987,1987,1987,1987
5386,236,1579,365,365,1352
5387,1587,1390,740,1523,1523
5388,431,295,2178,767,767
5389,1107,9206,8889,8889,8889
5390,680,2019,1770,2290,2290
5391,988,1743,1706,1706,1706
5392,72,205,1078,852,852
5393,1171,2209,722,290,722
5394,720,7820,1027,1749,552
5395,1459,219,2095,2095,2095
5396,1557,1676,8709,8709,8709
5397,347,677,1690,1690,1690
5398,731,1316,74,2037,74
5399,1816,58,2265,2077,2077
5400,2336,7026,1802,1247,2018
5401,2229,2184,1100,3865,3865
5402,187,2154,2472,1758,1758
5403,287,2916,1773,791,791
5404,535,392,1560,764,764
5405,1038,1566,2173,2173,2173
5406,484,646,876,265,265
5407,78,2071,2144,2144,2144
5408,599,1361,352,352,352
5409,1555,1315,1425,1650,1650
5410,1587,687,1343,1343,1343
5411,1936,1449,273,691,691
5412,2190,1613,1375,1069,1069
5413,1221,1230,92,92,92
5414,591,2135,323,323,643
5415,1213,679,38,38,38
5416,1293,1224,818,1890,1890
5417,1004,1231,1523,890,890
5418,1018,1525,1422,1717,1717
5419,1854,879,1994,777,777
5420,2259,451,642,642,642
5421,5695,924,924,924,924
5422,997,432,627,105,105
5423,2206,2518,7599,124,124
5424,1250,1485,1009,1009,1187
5425,1121,1543,292,981,46
5426,914,198,7817,585,1283
5427,1151,860,169,96,96
5428,1710,1094,21,156,156
5429,629,1786,829,829,2306
5430,957,5360,781,781,781
5431,2200,1336,2258,232,232
5432,1654,140,140,2168,2168
5433,879,2658,879,879,879
5434,9035,293,8940,8940,8940
5435,381,1101,732,8265,8265
5436,8441,8621,8621,8621,8621
5437,2499,498,903,1424,1424
5438,178,1243,188,188,188
5439,1625,864,511,511,511
5440,4,2159,2196,1727,1727
5441,1195,1553,1761,1163,1163
5442,288,622,1247,1247,1247
5443,2242,42,1821,856,856
5444,539,433,732,850,994
5445,370,364,1992,1992,1992
5446,1471,2022,1467,255,255
5447,1599,2262,178,178,178
5448,2292,1402,7,979,979
5449,1318,1179,1237,2211,2211
5450,5213,4971,6434,5918,6584
5451,8752,3132,8323,448,8323
5452,788,99,1066,705,705
5453,288,454,1526,1101,796
5454,250,68,68,68,68
5455,2084,1620,499,227,227
5456,2185,872,2036,2036,2036
5457,2081,2291,1499,691,691
5458,723,867,2280,2280,1013
5459,8994,9206,1338,1338,1338
5460,4,1003,885,885,885
5461,1317,980,2195,468,468
5462,26,1145,863,630,630
5463,54,166,1149,54,54
5464,121,1589,1867,2093,1491
5465,2176,1773,107,107,107
5466,552,438,2298,1306,438
5467,544,305,1028,1351,1351
5468,749,344,687,687,687
5469,1608,1935,1640,1851,1851
5470,809,1292,266,266,266
5471,1439,1340,1340,1340,1340
5472,78,2033,1480,1666,19
5473,1583,979,274,367,367
5474,177,887,390,6928,6928
5475,1991,2214,482,482,482
5476,426,2024,1237,1140,1140
5477,516,1213,1768,160,160
5478,7519,9089,467,1240,1240
5479,1252,2264,398,398,398
5480,8591,350,8944,350,350
5481,2172,1786,1285,1285,1285
5482,546,1095,3,3324,1299
5483,1681,1835,1708,840,936
5484,1351,2167,370,370,370
5485,1931,1178,1178,7950,7950
5486,119,640,1882,367,367
5487,515,1589,391,391,1788
5488,818,1901,1038,1901,1901
5489,524,783,2137,415,2137
5490,2138,2266,2211,1381,262
5491,2146,1999,4242,2257,2257
5492,743,1787,665,1068,1811
5493,939,8732,7761,945,945
5494,2275,521,1349,1349,1349
5495,8405,1538,495,904,904
5496,3148,2172,925,925,925
5497,1740,1022,723,723,723
5498,443,667,2083,1709,1709
5499,1318,239,1362,1362,1362
5500,1913,1381,1517,1494,1494
5501,981,2257,1501,995,434
5502,1240,531,2221,1144,1144
5503,1696,2215,1439,538,538
5504,1641,9050,1209,8443,7815
5505,1449,1912,1885,539,202
5506,133,1052,488,1368,1368
5507,1148,1421,1678,504,1678
5508,1107,1227,456,269,269
5509,95,22,813,1141,1141
5510,1954,200,1619,1954,1954
5511,809,1548,1652,940,940
5512,1842,1842,1888,627,627
5513,1349,1092,2271,1617,1617
5514,2026,471,1605,1605,1605
5515,1963,8722,957,4361,957
5516,60,762,5258,6715,5258
5517,570,975,855,781,855
5518,16,414,3042,3042,3042
5519,2118,916,339,339,339
5520,202,5222,499,1472,1472
5521,1498,8419,170,7154,1773
5522,1670,1927,1156,1156,1156
5523,216,597,851,1717,1717
5524,887,550,2084,1815,1815
5525,1632,1807,1675,381,1186
5526,2327,1356,2499,229,4126
5527,927,766,1013,1625,1625
5528,1095,251,850,1095,1095
5529,171,1682,1263,1560,1560
5530,924,6650,5828,1883,1883
5531,8388,3463,8892,2476,2476
5532,1704,1704,814,814,814
5533,584,1227,374,1186,374
5534,14,1632,1493,1737,1737
5535,7305,8194,7680,7680,9150
5536,1072,171,2235,162,162
5537,7354,2006,1538,1538,1538
5538,214,646,2068,2068,2068
5539,2238,2049,1017,1017,1017
5540,1459,487,2232,6296,6296
5541,1514,8473,1872,1872,1872
5542,212,1449,187,1529,1529
5543,833,1920,2080,1316,1316
5544,7390,53,7381,7381,7381
5545,7716,4052,4068,3926,3926
5546,243,1192,1679,1402,1402
5547,1691,72,1465,1465,1465
5548,1383,1910,1116,1116,1116
5549,1850,7887,9158,5350,3588
5550,8452,6458,7055,7249,7249
5551,1410,2204,2111,1025,1025
5552,1137,1926,394,394,394
5553,315,2237,93,950,950
5554,5519,673,858,56,56
5555,618,115,949,100,2070
5556,982,437,2177,1261,1261
5557,909,9201,1337,3815,3815
5558,1410,797,425,118,503
5559,483,1488,78,78,78
5560,1165,1947,385,1178,1178
5561,2245,43,1315,1315,1315
5562,1881,1700,20,363,363
5563,994,701,616,616,616
5564,129,9080,2172,1807,1807
5565,3082,1506,7116,502,7646
5566,2229,847,631,5804,1188
5567,1070,8440,196,196,196
5568,1521,793,833,833,833
5569,761,1905,347,262,262
5570,798,2167,2050,47,47
5571,1360,1301,675,675,675
5572,1345,573,222,1415,222
5573,1026,1119,1026,1829,1829
5574,100,1815,1870,38,2265
5575,2111,2212,1267,1124,1124
5576,2248,1611,1864,1864,1864
5577,164,1372,1943,1943,1943
5578,2012,237,980,980,980
5579,1094,1163,1960,1032,396
5580,1656,8751,7537,7537,7537
5581,2179,8547,1800,1346,1800
5582,8405,1902,8405,7555,7555
5583,987,8021,8205,8205,8205
5584,2239,6722,7633,7633,7633
5585,699,239,239,239,239
5586,411,2193,2054,933,933
5587,174,11,8509,8,8
5588,1515,1270,1790,1672,1672
5589,936,351,416,1687,1687
5590,274,6682,7248,3283,3283
5591,727,1130,1063,927,1810
5592,181,8359,1963,1963,1963
5593,1217,2202,7820,253,7820
5594,1023,8055,1949,792,1949
5595,1658,169,2290,929,169
5596,373,1960,2190,1247,2231
5597,267,1086,291,291,291
5598,1604,613,164,1171,164
5599,963,2082,613,613,613
5600,915,1047,1965,537,537
5601,2035,1001,489,319,489
5602,1776,955,1761,1942,1942
5603,703,1148,1051,1471,1989
5604,521,1387,1938,751,2145
5605,1514,828,449,1984,1984
5606,1486,1248,7504,1262,1262
5607,724,516,760,1819,1819
5608,10,943,958,836,7250
5609,1448,1562,1950,1950,1950
5610,700,800,1403,1034,1166
5611,1349,245,1601,1601,1601
5612,303,1588,821,659,1006
5613,783,1518,1853,1853,1853
5614,1362,338,1530,1437,1437
5615,1542,1250,1479,98,1479
5616,601,765,1548,1007,1007
5617,1972,1112,1057,2304,2173
5618,1696,321,470,470,470
5619,334,581,1443,1443,1443
5620,284,1230,2094,2094,2094
5621,1592,2197,427,427,427
5622,2048,2048,338,2111,820
5623,672,1356,1537,2625,1778
5624,567,1565,1740,342,342
5625,841,634,1074,1010,1010
5626,635,648,482,482,482
5627,2081,215,1157,712,1157
5628,978,321,1450,1450,1450
5629,772,1403,2305,225,813
5630,2268,1808,548,2058,2058
5631,1741,39,2081,1165,1165
5632,2586,1777,345,2012,2012
5633,1479,132,1561,1561,1561
5634,294,629,844,699,1101
5635,629,1726,1726,1944,555
5636,580,571,844,1889,1889
5637,70,913,1990,1421,1421
5638,382,763,7784,7784,720
5639,3900,194,7297,7297,7297
5640,666,298,1428,939,939
5641,2241,532,688,1407,1407
5642,1389,1544,1258,1544,1544
5643,775,476,476,476,476
5644,1114,908,1749,1272,1272
5645,672,425,87,233,495
5646,2187,113,341,188,188
5647,1622,1334,309,1176,1473
5648,1893,1094,1985,2215,450
5649,917,346,2007,8083,2007
5650,1581,2472,2252,922,922
5651,1352,786,450,613,613
5652,1436,1944,1096,2197,2197
5653,1550,999,793,125,345
5654,1524,1285,2280,2280,2280
5655,7598,1133,7576,179,179
5656,1925,2283,1273,8832,8832
5657,109,885,1564,1044,1044
5658,8509,8509,1394,1394,1394
5659,996,1951,168,168,1081
5660,689,8,689,2080,689
5661,310,310,750,641,641
5662,186,321,876,855,855
5663,1566,72,1566,1566,1566
5664,1155,1166,1677,1677,1916
5665,1374,683,1616,525,994
5666,217,700,557,643,643
5667,337,1362,337,337,337
5668,2196,647,931,1003,1620
5669,8749,4531,3148,1414,1414
5670,2116,1226,564,1062,1062
5671,269,359,2057,112,476
5672,1667,4385,185,1803,1803
5673,913,903,74,74,1920
5674,3197,7941,2222,7941,1426
5675,237,6971,8865,7869,7869
5676,251,1020,6153,736,8906
5677,1804,1294,1251,1251,1251
5678,1166,1408,381,381,381
5679,931,850,1942,1462,1462
5680,2240,4385,396,1602,480
5681,1898,2242,1479,1479,1479
5682,1993,1835,1285,2158,1610
5683,1696,830,1970,1970,1970
5684,1458,2081,2184,133,133
5685,1730,1276,852,852,852
5686,1653,2230,1926,651,651
5687,977,1054,649,649,649
5688,1964,876,771,7340,1472
5689,1601,786,467,679,679
5690,596,263,944,1010,1010
5691,1778,1185,141,141,1733
5692,1459,1729,1386,1821,2081
5693,1109,1724,1671,1048,1048
5694,75,948,1890,1993,1993
5695,75,1095,2042,2042,1084
5696,732,1963,1470,1929,1929
5697,2172,4019,1610,1708,1708
5698,2254,726,82,159,3
5699,476,2283,187,187,187
5700,1155,306,856,1957,1957
5701,1010,935,2262,2196,2196
5702,800,1809,2129,1552,423
5703,185,2005,2005,2005,291
5704,654,168,2045,1308,1308
5705,925,1264,1004,1004,630
5706,7805,8007,7787,8545,8545
5707,7152,882,882,341,341
5708,4379,3588,5284,6649,9183
5709,565,1319,978,2162,2162
5710,1492,1077,499,647,2281
5711,306,1095,1425,1062,1098
5712,1260,1186,715,715,2108
5713,1531,1247,212,212,212
5714,1652,1437,2108,1377,1377
5715,56,181,2057,1527,1527
5716,416,465,114,114,114
5717,56,165,973,1720,1720
5718,2232,1849,997,1558,1558
5719,78,508,1840,730,730
5720,2188,996,1902,1902,1885
5721,993,1777,892,1559,892
5722,452,513,463,463,463
5723,1134,106,1608,1282,1282
5724,1083,552,815,7412,3777
5725,43,506,6828,8003,8003
5726,211,1150,1072,572,690
5727,1864,1503,756,1542,1870
5728,55,807,4385,4385,4385
5729,2057,559,343,343,343
5730,99,1643,2103,1150,454
5731,257,2064,45,807,583
5732,1375,450,442,1493,1661
5733,8364,771,8979,9017,9017
5734,7851,2700,4161,4161,4161
5735,8182,8055,8786,7757,7757
5736,2242,670,1390,1390,1390
5737,1541,464,464,854,1352
5738,4071,4533,299,299,1039
5739,3952,4507,1212,1301,1301
5740,941,1693,588,420,588
5741,1944,813,341,279,279
5742,637,1661,2085,2085,2085
5743,511,1243,2145,2145,2145
5744,683,1784,284,349,1165
5745,7909,8904,1908,8644,7567
5746,178,1498,599,1103,909
5747,648,1664,1270,2037,830
5748,1262,1715,1612,1612,1612
5749,1984,2931,2931,3644,3644
5750,684,2033,964,964,964
5751,1128,1131,1525,1525,1525
5752,1996,1581,892,1066,1066
5753,1332,1454,1851,1851,1851
5754,3375,435,663,7762,558
5755,4857,5710,2791,2791,4877
5756,7685,7886,9224,9224,8396
5757,1632,1955,1718,1779,1779
5758,765,2199,2163,2163,2163
5759,1318,228,162,684,684
5760,1658,1549,807,1815,1658
5761,468,637,1584,1584,313
5762,1479,765,1617,2293,2293
5763,961,495,2250,2250,2250
5764,2082,1010,1368,2006,2006
5765,561,1255,1517,1965,1965
5766,1510,1856,237,237,237
5767,268,1260,715,499,1987
5768,857,598,961,2271,2271
5769,1865,463,1162,1162,1162
5770,1124,1026,420,420,420
5771,2196,171,1435,551,551
5772,2165,926,926,291,291
5773,797,1272,35,2183,2183
5774,1060,925,134,782,782
5775,100,349,166,113,113
5776,250,1726,1270,1640,1090
5777,708,579,2283,202,202
5778,189,1754,756,1000,1000
5779,756,756,1000,1000,1000
5780,600,1420,1915,1359,1870
5781,2065,1280,1086,1086,1086
5782,459,1470,1576,1082,1576
5783,69,1011,898,1419,1419
5784,751,2265,377,134,134
5785,691,1090,1726,1726,1726
5786,123,1444,2228,1583,1437
5787,147,973,1832,422,1604
5788,205,1956,2708,1210,1210
5789,901,1500,1498,3366,3366
5790,1742,804,1896,1163,1163
5791,297,1470,1290,1751,753
5792,1005,73,1479,2075,2075
5793,1754,30,2166,918,918
5794,670,1869,825,2124,2124
5795,187,77,227,1025,1025
5796,63,284,410,38,1437
5797,1913,1412,937,1900,937
5798,2171,1316,1467,1690,1394
5799,874,806,1335,116,116
5800,1569,790,278,1569,31
5801,1208,1130,1323,1810,1810
5802,866,438,1423,1950,1950
5803,922,278,234,1019,1019
5804,1648,1242,1667,1512,1512
5805,33,2152,1948,516,1752
5806,570,346,1218,1143,509
5807,1722,392,2259,2259,2259
5808,1880,1699,1675,1186,1186
5809,154,914,256,1112,1112
5810,642,321,516,516,516
5811,1499,102,1101,1487,1487
5812,1212,1610,3,815,623
5813,1576,775,102,102,102
5814,2270,11,859,1939,2113
5815,2279,1419,497,2078,2078
5816,1041,498,764,764,764
5817,2257,1344,337,1009,1009
5818,595,1395,388,388,388
5819,2008,492,2241,245,1669
5820,2084,420,791,1915,1830
5821,1995,808,911,911,2065
5822,521,1162,1429,751,751
5823,3078,3509,6493,9188,8712
5824,355,754,754,754,754
5825,8106,3473,8084,4612,7876
5826,6858,7866,62,4700,4700
5827,4127,8709,2581,478,2044
5828,6683,6206,5680,5809,5809
5829,1065,4591,298,298,298
5830,1318,1042,1400,7576,7576
5831,1911,1911,1393,1393,1393
5832,1311,1311,4361,7504,7504
5833,2218,602,305,305,1261
5834,1311,1311,2206,1023,2206
5835,572,564,913,913,913
5836,1366,1453,1178,229,229
5837,626,8861,701,701,1213
5838,432,1122,1190,684,684
5839,1514,1016,2141,550,550
5840,267,2106,26,187,187
5841,189,616,1411,616,616
5842,5727,446,1620,663,1374
5843,2306,1349,1374,3,3
5844,793,2254,1496,200,200
5845,467,801,105,876,876
5846,36,894,750,750,1070
5847,1584,1420,2297,1408,1408
5848,994,1601,892,1906,892
5849,1324,490,1880,687,2284
5850,771,536,1861,1861,1861
5851,7159,8001,8969,101,101
5852,581,9026,1323,871,871
5853,1693,1484,793,1835,1835
5854,801,1703,185,185,6966
5855,1199,1142,8327,8327,8327
5856,832,2068,973,1720,2234
5857,35,986,1565,297,714
5858,369,1152,1481,1481,1481
5859,1162,1042,2103,2103,2103
5860,1318,2057,1824,1824,1824
5861,480,1675,1492,838,496
5862,2291,744,592,237,744
5863,1504,2165,692,1990,241
5864,2228,4194,5698,3208,5698
5865,401,3867,5592,5592,5592
5866,773,585,722,722,722
5867,1146,1167,538,1385,953
5868,1600,1442,263,465,465
5869,522,874,2075,9068,9068
5870,165,611,1056,2063,2063
5871,2146,2086,709,1457,1457
5872,1554,867,274,274,2280
5873,3221,1250,867,867,867
5874,3486,1958,1524,854,854
5875,1062,544,1820,873,406
5876,1917,142,535,535,77
5877,2285,7592,8205,8205,8205
5878,1771,7561,459,2232,2232
5879,2302,750,7833,467,467
5880,1777,1533,1069,1189,1630
5881,769,261,524,524,524
5882,1141,236,2221,2221,2221
5883,783,407,1924,1390,1390
5884,163,7940,669,669,669
5885,995,841,615,615,615
5886,639,363,2036,273,273
5887,2090,1404,584,838,838
5888,1073,922,2306,1482,486
5889,7561,1796,2136,1055,1055
5890,25,7561,953,686,686
5891,602,602,1739,1739,8443
5892,996,915,1962,1328,433
5893,1497,130,1615,460,460
5894,1535,6554,1714,1714,1986
5895,1989,1908,1038,1038,1038
5896,2280,216,216,1629,422
5897,876,7810,1200,371,722
5898,1716,232,1522,1522,1522
5899,1673,1503,1503,1503,1503
5900,2205,725,1728,1943,1943
5901,2026,2306,2223,1279,796
5902,992,1015,1015,616,616
5903,129,1533,1980,1980,1095
5904,1936,677,677,1095,113
5905,879,1395,2173,2173,2173
5906,1036,436,1356,1356,1356
5907,1147,870,8805,8805,8805
5908,208,184,184,8722,284
5909,7299,2499,4852,5408,3640
5910,1661,617,1764,1073,1073
5911,2006,765,488,659,1554
5912,1733,795,584,242,242
5913,396,2223,1696,1408,1408
5914,1851,1525,1525,2167,2167
5915,612,758,1297,829,829
5916,1347,199,977,29,29
5917,1332,129,1567,1567,1567
5918,823,1276,1356,1356,1356
5919,2066,1261,391,391,772
5920,309,1576,1176,1176,1176
5921,2088,625,813,391,391
5922,3149,645,1346,3346,7680
5923,7711,3666,8404,4998,9078
5924,422,1734,1799,422,422
5925,2118,1728,1278,1278,1278
5926,1681,5584,5010,5010,7633
5927,3264,1259,1259,678,678
5928,2033,1357,562,985,985
5929,1435,972,2090,2090,2090
5930,1381,925,2092,2057,215
5931,822,1478,128,128,128
5932,523,562,491,491,491
5933,8687,40,2206,1572,2206
5934,1914,1231,393,393,164
5935,528,1720,672,2176,2176
5936,1402,1101,1994,365,365
5937,211,1945,745,745,745
5938,269,165,428,2224,2224
5939,552,1977,572,211,211
5940,1903,474,2000,2000,2000
5941,1137,491,879,879,879
5942,1014,1690,1707,1707,1707
5943,739,188,991,991,791
5944,1261,1205,1100,2000,2000
5945,1622,250,1622,1622,1622
5946,244,2291,1197,1197,1197
5947,236,868,1657,1871,4
5948,766,1768,947,5,5
5949,57,1778,2251,2251,2251
5950,903,1328,568,2019,2019
5951,1388,6415,6415,8500,7564
5952,204,1531,1579,1579,1579
5953,2260,250,2308,559,559
5954,314,1302,107,270,270
5955,1945,723,333,331,331
5956,1909,764,3766,3766,764
5957,2215,1221,2237,2237,2237
5958,1688,2118,2118,2118,2118
5959,1188,1692,1188,2198,2198
5960,2026,154,794,794,794
5961,1391,369,1675,171,171
5962,989,700,2183,227,227
5963,563,1124,1567,1760,1567
5964,14,1095,1693,1094,1845
5965,760,1892,2307,658,658
5966,547,1943,1657,1657,1657
5967,1710,589,786,1942,786
5968,1340,2269,2053,1075,2053
5969,343,857,2024,1492,1492
5970,1234,2282,1062,1710,1710
5971,1754,730,2124,852,852
5972,1488,1687,2160,2160,2160
5973,1358,1471,1942,1534,1141
5974,935,733,2306,1032,1032
5975,244,240,2190,426,2170
5976,627,7429,886,106,106
5977,1064,2060,202,1808,1808
5978,599,2103,927,445,1114
5979,1737,1835,1342,1109,1109
5980,22,716,1176,1287,1686
5981,1197,1231,1734,1639,1734
5982,1007,1189,725,2183,1820
5983,2215,1890,2184,1080,787
5984,1679,2887,24,2184,2184
5985,53,817,301,7452,7452
5986,1284,2132,1917,7419,974
5987,335,672,885,882,882
5988,84,1034,424,2086,2034
5989,1784,503,966,481,1838
5990,1365,88,442,485,485
5991,805,1588,3197,1039,1578
5992,2156,6508,6508,6508,6508
5993,8277,9180,586,586,586
5994,2336,838,7161,470,470
5995,258,580,1068,1068,1068
5996,1738,6363,1738,1738,1738
5997,4361,577,902,902,2149
5998,2185,317,232,232,232
5999,1374,1213,1923,1923,1923
6000,456,29,993,1524,993
6001,444,1285,2291,2291,2291
6002,2137,1096,456,2028,2028
6003,582,2237,615,1769,1769
6004,1308,1094,2172,2172,2172
6005,864,2005,1901,2212,2212
6006,8318,119,265,265,265
6007,223,332,1390,1390,1267
6008,197,197,1351,1005,1005
6009,2283,112,1815,2084,1815
6010,1159,1471,1890,187,1723
6011,1053,1722,585,1849,1849
6012,1383,1357,9010,9010,9010
6013,2085,851,835,835,835
6014,347,1781,617,617,617
6015,1971,820,1512,1512,1512
6016,1837,829,827,827,827
6017,222,1936,952,952,952
6018,1168,1397,1109,1109,1109
6019,3042,33,122,122,122
6020,1267,164,1466,442,442
6021,277,277,1898,2307,2307
6022,578,2271,1214,853,853
6023,486,972,761,761,761
6024,1611,2303,522,104,104
6025,2214,1920,820,425,425
6026,2130,838,2262,33,33
6027,1303,1962,8688,2398,2398
6028,1690,4423,2658,300,300
6029,1839,567,426,979,979
6030,334,1138,1440,1529,1440
6031,8009,7335,8626,8626,8250
6032,2925,4478,3004,8832,8832
6033,1392,1880,988,988,988
6034,7168,7555,197,1444,197
6035,648,6618,1140,1892,1124
6036,79,1776,294,648,648
6037,1028,790,2086,653,653
6038,2293,579,1860,1860,692
6039,567,726,783,570,570
6040,979,2149,1895,1895,1895
6041,1057,711,125,2127,159
6042,759,897,1095,2221,2190
6043,1779,1776,1352,1396,1622
6044,755,111,1066,765,765
6045,2142,1864,272,655,655
6046,1053,687,2103,2103,541
6047,1168,1481,1019,1019,1019
6048,2226,492,1697,2305,1912
6049,132,1679,1034,520,231
6050,1183,8176,865,263,1055
6051,507,386,1428,1370,1243
6052,2126,1712,616,616,616
6053,1962,403,836,218,218
6054,2116,1808,988,988,646
6055,1865,422,1372,1361,1205
6056,431,2286,1301,4507,4507
6057,683,133,1626,115,618
6058,1492,627,2292,2292,2292
6059,1164,571,1944,1901,1944
6060,729,807,1935,1935,1935
6061,1361,1925,1403,762,762
6062,12,1679,1903,1903,1903
6063,7115,5906,8310,6534,2268
6064,5791,1841,1366,6661,6661
6065,2103,2034,1292,855,855
6066,2149,1634,165,88,88
6067,864,1533,1966,225,225
6068,672,1643,723,1498,1498
6069,2270,1721,2270,7557,7557
6070,659,1709,1859,123,123
6071,1721,1829,868,1194,1194
6072,571,710,1101,1131,793
6073,2057,1305,137,137,137
6074,643,1434,2036,152,286
6075,1155,2275,459,459,459
6076,32,32,971,971,971
6077,948,1998,1015,2200,2200
6078,143,2219,666,666,666
6079,4604,1499,542,315,315
6080,745,3840,3132,3082,3082
6081,659,1114,1581,1581,1581
6082,319,657,1712,657,657
6083,1279,1279,2155,330,1864
6084,1439,559,1775,1780,1780
6085,1860,318,1555,1625,1767
6086,2112,2034,1762,892,892
6087,2195,21,1037,1272,1272
6088,621,2287,1116,1965,1965
6089,1013,2037,35,2284,2284
6090,1247,1285,1847,1996,1996
6091,1421,138,2037,7,1717
6092,2036,862,2183,2228,2228
6093,1366,1486,1978,1978,139
6094,240,2024,263,1493,1493
6095,1916,288,461,461,461
6096,1712,744,7081,2,959
6097,1527,96,419,832,832
6098,1702,155,220,1255,1255
6099,476,1379,1425,1313,1313
6100,1762,369,426,2190,2170
6101,860,561,97,1761,867
6102,1418,84,1418,1620,1620
6103,613,463,1356,1270,1270
6104,1524,381,1239,1239,1239
6105,380,264,1217,1217,1217
6106,881,536,2264,1262,1262
6107,1411,2222,986,986,986
6108,605,2172,1914,1914,1914
6109,1152,2015,626,1652,1336
6110,223,55,22,22,22
6111,343,2302,705,2304,136
6112,2266,976,2818,6248,6248
6113,1947,2023,59,863,863
6114,8093,8937,8278,8717,8717
6115,1291,1511,7725,7648,7648
6116,7702,1005,44,443,443
6117,6683,3355,1181,885,405
6118,1390,2057,1824,1824,1824
6119,2106,893,2104,1981,1981
6120,364,1785,1547,1547,1547
6121,1501,1722,1981,1707,1707
6122,1528,1543,1169,7225,1872
6123,1248,154,777,1546,245
6124,1262,2234,1007,748,56
6125,8366,7995,5862,5862,7559
6126,2046,4507,243,2178,2178
6127,1554,1009,1639,1073,370
6128,999,27,1024,1925,1925
6129,87,1200,1215,1215,1215
6130,15,1499,1499,1075,1075
6131,1737,421,8275,8275,2074
6132,110,2282,1471,1471,1471
6133,151,1828,236,476,2097
6134,415,353,1449,97,97
6135,1168,907,1391,1391,1391
6136,2188,2157,1003,1435,1435
6137,2293,1010,1053,1010,2131
6138,715,1690,732,1561,732
6139,2041,703,2266,766,2277
6140,1645,703,2133,624,624
6141,2147,655,1815,1815,388
6142,1291,768,526,526,526
6143,1813,2037,1729,1729,1729
6144,2171,1442,1276,7061,7061
6145,1832,2061,2181,203,203
6146,448,562,884,884,884
6147,903,2284,1038,1038,2008
6148,2084,1901,753,1709,1709
6149,7179,1651,1744,1762,86
6150,1882,691,1726,1726,1726
6151,2088,1094,637,637,159
6152,1799,1150,390,2008,2008
6153,1137,393,806,1452,1452
6154,1080,1079,1170,1123,1123
6155,787,985,685,64,64
6156,932,804,1902,1902,1902
6157,1558,1278,1666,1666,1666
6158,1300,107,1792,122,122
6159,898,482,2233,923,2233
6160,1582,1863,521,1038,1038
6161,2253,562,392,1011,1011
6162,1094,2077,480,480,480
6163,550,629,312,2071,2071
6164,813,2294,686,1661,1192
6165,897,6810,1620,2063,2063
6166,1923,1550,1579,1584,323
6167,240,1142,1140,584,1828
6168,1778,1778,1157,1155,1155
6169,1274,1156,1505,1505,1505
6170,73,1126,2003,2003,2003
6171,2047,1195,2852,2852,2852
6172,2259,2200,346,346,346
6173,1075,804,165,1261,1261
6174,7885,7038,394,1240,1627
6175,7584,997,2125,2125,2125
6176,7270,101,7754,7270,7270
6177,951,1273,7598,7598,7598
6178,301,1860,1192,2168,974
6179,770,2258,1865,709,1865
6180,1700,788,79,1496,1700
6181,348,74,1361,1202,1537
6182,1060,1190,664,588,588
6183,1786,1845,913,2065,2065
6184,1369,2201,1338,1338,1338
6185,336,1504,985,2264,985
6186,1113,983,1955,1521,653
6187,470,1592,864,864,240
6188,1625,99,2106,2106,2106
6189,1223,2183,1361,1361,1361
6190,2223,1112,1471,1471,1913
6191,483,1285,262,262,262
6192,472,1300,7810,7810,7810
6193,78,1401,612,348,1105
6194,979,1085,2130,1220,1164
6195,2001,1619,188,1299,1987
6196,1940,861,1932,2052,2052
6197,653,573,974,695,851
6198,1888,7415,423,717,1518
6199,1621,1735,589,589,589
6200,312,134,730,8509,1606
6201,629,1674,1061,1061,1061
6202,1844,1625,476,476,476
6203,1677,1860,647,653,653
6204,284,96,2278,2247,284
6205,438,193,770,759,2010
6206,954,194,1026,1026,1026
6207,1959,532,1958,1327,1327
6208,1818,391,1094,1539,892
6209,1266,381,1795,1158,1631
6210,1101,1334,513,439,439
6211,439,1835,699,1131,14
6212,1239,1938,677,3486,2154
6213,1334,1375,1576,1576,1576
6214,1280,1667,175,563,563
6215,972,452,240,759,2271
6216,1890,1923,922,2306,289
6217,1987,1608,1113,1113,1113
6218,113,4203,4203,1057,1057
6219,2078,1994,864,903,903
6220,1048,192,1625,2011,2011
6221,1587,2077,1061,1061,2222
6222,726,1022,406,1041,1339
6223,406,653,2281,1809,348
6224,2127,2128,1549,152,152
6225,2254,141,1567,922,922
6226,986,2017,1876,1494,1494
6227,2085,929,361,361,361
6228,489,163,696,696,1607
6229,1940,1834,208,9052,9052
6230,1528,397,189,1913,1913
6231,1098,1107,2290,2159,2159
6232,691,1131,463,11,11
6233,2167,2255,1766,1766,95
6234,1844,1499,1878,1878,1878
6235,2096,926,229,2269,2269
6236,979,2240,1567,1567,1567
6237,1949,311,8776,1630,1630
6238,103,2636,151,7749,9012
6239,2080,1557,987,774,774
6240,1439,1420,334,943,943
6241,447,1867,1822,1674,1674
6242,723,194,7348,7348,7348
6243,1009,901,777,881,881
6244,1808,452,1310,946,946
6245,881,1347,991,2150,2150
6246,1805,214,541,541,541
6247,2193,1725,3403,1720,1720
6248,1708,1463,1420,1420,2268
6249,2254,726,35,1473,1473
6250,954,542,165,1356,165
6251,454,227,1384,1493,1493
6252,536,1582,2050,2050,2050
6253,1801,2188,1754,1246,1246
6254,1526,2022,1226,1226,1226
6255,232,1855,854,854,854
6256,1066,2091,1929,1929,1929
6257,1481,2112,809,809,809
6258,1360,112,112,2097,2097
6259,511,962,1321,1387,1387
6260,1689,4321,584,1859,1859
6261,8532,952,2156,1273,1273
6262,1706,968,89,89,89
6263,111,1848,909,2068,1198
6264,1139,2069,1808,114,114
6265,1550,1440,584,1106,244
6266,5520,1104,17,2,2
6267,1828,1034,1492,2005,2005
6268,454,2167,59,59,59
6269,691,2167,1901,1901,1901
6270,549,298,1965,819,819
6271,694,8399,7238,1043,7238
6272,1997,228,229,298,298
6273,1334,1591,1015,1015,1015
6274,2067,1162,58,427,1526
6275,399,595,1221,3324,3324
6276,1895,2231,225,1302,1302
6277,1828,159,1141,159,83
6278,1679,980,381,2284,2284
6279,349,1508,841,622,622
6280,302,2208,342,2272,2272
6281,1516,883,2253,1215,1215
6282,1505,1931,909,1530,1530
6283,344,1998,622,622,1869
6284,777,545,1713,1713,219
6285,1722,147,388,1209,1209
6286,2267,1471,7221,7221,7221
6287,2159,1507,1748,1392,1392
6288,1124,7,979,1749,1749
6289,667,2037,36,734,2302
6290,1525,1539,1061,1811,739
6291,1152,2074,1807,181,915
6292,711,250,1097,850,850
6293,230,287,815,1342,61
6294,1787,45,1491,1989,1989
6295,646,1838,1594,1594,1594
6296,786,1176,1832,1832,798
6297,1744,1161,644,644,644
6298,1162,143,1624,2093,2093
6299,1762,844,1192,2132,1192
6300,1238,116,392,392,392
6301,1418,1825,1722,2234,2234
6302,2057,386,1308,26,26
6303,73,1250,927,800,800
6304,1968,1950,804,943,943
6305,433,1878,1838,1838,822
6306,42,445,1310,1973,204
6307,156,818,394,511,511
6308,2039,1096,454,1001,1001
6309,741,428,524,524,524
6310,30,128,2217,77,77
6311,2227,1180,472,2043,472
6312,807,1867,828,828,828
6313,176,1007,2059,2090,940
6314,2157,478,1168,587,587
6315,1898,1584,1584,1764,1584
6316,2113,314,386,531,531
6317,1975,1566,1012,1012,1012
6318,2128,28,1499,102,1350
6319,1075,2033,2051,537,1810
6320,1682,243,1950,243,989
6321,1311,1311,448,448,448
6322,429,1875,1887,1036,1036
6323,8672,8672,8505,865,8505
6324,1549,37,546,1821,1821
6325,1825,577,173,1120,642
6326,729,1471,1457,30,30
6327,326,1028,2152,143,143
6328,356,380,409,1077,1077
6329,389,1173,387,2229,2229
6330,1561,239,239,2212,2212
6331,9114,847,2708,2708,2708
6332,1707,522,700,2285,2285
6333,275,1895,1234,1753,1753
6334,2063,2183,1562,901,901
6335,1057,385,1457,385,385
6336,1999,672,955,1862,1862
6337,1620,753,243,133,133
6338,538,953,2239,2074,2074
6339,756,623,2212,1697,1155
6340,305,303,1039,1039,1039
6341,1791,1055,1055,2136,2136
6342,2116,2050,275,1931,1931
6343,1382,310,1319,1855,1855
6344,7142,831,7422,7192,576
6345,263,761,1782,1782,1782
6346,85,1552,1686,1686,1686
6347,1392,1121,2078,2078,2078
6348,1432,1251,1629,1361,1629
6349,1652,1226,942,104,104
6350,298,430,1894,443,443
6351,1593,1593,1863,1335,1335
6352,2217,1143,1736,1736,2515
6353,2125,912,1156,774,774
6354,4507,1958,563,1489,574
6355,282,639,1626,2017,2017
6356,1820,1958,679,861,861
6357,992,557,325,325,325
6358,335,2053,338,820,820
6359,1121,2136,962,912,912
6360,1298,2260,1195,1761,979
6361,800,192,97,497,1268
6362,429,915,740,295,295
6363,1017,8638,1516,2259,2259
6364,419,7934,7934,749,749
6365,1481,1600,2294,1278,1278
6366,2028,297,297,1086,1086
6367,171,1256,1579,1579,2066
6368,1202,23,2307,2301,2301
6369,1349,250,1654,1494,1494
6370,501,986,875,142,142
6371,2247,2233,1761,317,1896
6372,730,1276,2298,1100,1100
6373,2064,1764,1277,361,361
6374,289,2047,1121,1121,1121
6375,2223,1710,1269,895,895
6376,653,1343,765,765,765
6377,1114,1733,1092,1634,892
6378,1253,1231,1890,1890,1890
6379,2222,138,1496,1408,1496
6380,2195,2090,795,623,795
6381,61,1696,474,474,474
6382,726,1441,830,1895,2188
6383,399,6854,6116,8310,8310
6384,980,85,2307,2307,2307
6385,437,7851,9201,453,453
6386,2230,9059,1356,1356,1356
6387,829,1189,274,427,427
6388,237,1619,729,2056,250
6389,804,374,1959,1959,1959
6390,1758,1164,2096,42,2096
6391,2082,2081,346,800,800
6392,2064,2180,886,1702,1702
6393,1629,1629,231,2085,2085
6394,1164,1887,1690,418,418
6395,398,1530,649,74,74
6396,907,2062,881,863,971
6397,1889,686,725,725,725
6398,1113,1279,1859,2264,2264
6399,1062,938,327,263,327
6400,1756,30,50,779,1543
6401,750,2051,5,5,5
6402,1095,395,1091,1091,646
6403,1343,319,996,996,1741
6404,2247,1747,419,2247,284
6405,1726,463,2071,274,274
6406,867,1539,863,166,166
6407,497,2112,2133,359,359
6408,1017,155,1254,909,1770
6409,360,2297,775,775,611
6410,777,1036,790,879,1620
6411,2026,1392,2092,9059,9059
6412,577,1685,545,774,545
6413,1939,360,2029,342,342
6414,1342,1681,547,1212,1212
6415,1175,2264,34,169,169
6416,113,958,1790,1327,861
6417,1839,1762,7587,601,1075
6418,792,408,730,1124,267
6419,2168,376,1455,1003,1677
6420,1699,1165,2197,157,2197
6421,764,2016,75,1533,1533
6422,1736,584,573,1766,1766
6423,142,219,1528,1528,1085
6424,664,1433,1642,930,674
6425,1501,1501,1117,8929,8929
6426,7429,474,470,1189,118
6427,8428,372,717,717,717
6428,48,1790,1700,1700,1700
6429,154,2118,245,1546,1546
6430,458,7165,773,1676,127
6431,1302,316,1023,1023,1023
6432,297,1350,1584,1584,525
6433,1740,317,317,43,43
6434,820,2135,400,2302,734
6435,1960,1462,887,1462,1462
6436,819,947,1747,2056,2056
6437,691,1462,1052,833,833
6438,1195,1913,1767,486,486
6439,135,1357,1534,590,590
6440,192,1680,2271,1957,1957
6441,962,265,287,199,199
6442,2291,1845,2306,2306,570
6443,2306,2306,1114,623,623
6444,3042,399,7879,1230,1230
6445,2681,881,985,358,358
6446,790,1839,4290,4290,4290
6447,2065,548,1876,521,521
6448,862,204,1057,2304,2304
6449,2065,1914,978,978,978
6450,643,126,591,1523,1523
6451,317,2215,2305,2065,2065
6452,1302,1500,439,1234,893
6453,301,473,3451,905,905
6454,1595,1258,1192,1917,1917
6455,1258,594,2027,8485,8485
6456,465,1948,1717,1717,1717
6457,1253,1402,1763,7689,1763
6458,2054,1542,827,1542,1542
6459,202,19,1292,966,966
6460,590,381,1084,1084,1084
6461,1341,554,611,611,2213
6462,2076,2044,1702,1331,1331
6463,3331,1884,1810,17,17
6464,1747,648,2205,7295,7295
6465,1071,9221,372,372,372
6466,1822,1822,1822,1822,1822
6467,2307,1264,1597,1631,1631
6468,1177,1926,2072,2072,2072
6469,2286,8370,1137,1480,1137
6470,186,2171,1137,2202,1137
6471,1129,229,2013,555,555
6472,732,269,8832,269,269
6473,2210,5341,6004,2680,2680
6474,7675,1879,7297,7297,7297
6475,981,2084,1872,1872,1872
6476,7680,2440,9078,1515,2202
6477,244,806,7429,7429,7429
6478,1715,1410,64,2000,2000
6479,7335,2278,3935,3900,3935
6480,1256,325,171,1675,1675
6481,1362,1730,1005,1435,1435
6482,3660,1844,1567,1234,1234
6483,1640,783,1301,1301,1301
6484,3572,996,1500,2233,185
6485,1762,757,531,531,531
6486,1368,2029,492,1919,2112
6487,3953,743,1310,1310,1310
6488,1403,47,1670,79,79
6489,1914,484,1914,1914,1914
6490,1105,680,658,658,658
6491,217,9053,1303,1383,8504
6492,1988,1538,1451,1451,1451
6493,1279,1693,996,996,996
6494,829,1117,331,1828,1881
6495,960,1897,7250,1839,1839
6496,1297,1978,1868,939,2684
6497,5306,2906,6335,7861,7861
6498,1728,1290,611,1302,225
6499,845,2162,1281,747,1862
6500,2088,863,838,838,838
6501,452,1139,938,938,938
6502,1501,5678,1635,1760,1635
6503,1743,212,1264,364,364
6504,1786,1786,2257,379,2257
6505,892,1197,229,159,1195
6506,711,1925,1762,273,273
6507,1869,1324,1030,2188,2188
6508,649,1397,1408,1435,1435
6509,336,2003,261,1373,1373
6510,879,1330,1330,713,713
6511,929,47,2065,2065,2065
6512,1518,846,2224,2083,2083
6513,1747,564,1542,1339,1285
6514,1408,2102,1045,786,786
6515,178,8265,8265,8265,8265
6516,7707,1122,1704,1546,1546
6517,8687,595,1248,1248,1248
6518,523,1007,4069,268,95
6519,1849,8025,2046,2046,2046
6520,2601,6881,6418,7215,7519
6521,7592,4743,8902,8865,8865
6522,2157,1100,998,1050,1050
6523,511,1769,550,550,550
6524,2625,725,1047,1047,1047
6525,868,593,1184,1184,1111
6526,7069,1676,664,746,746
6527,920,761,359,359,359
6528,129,2014,1142,680,129
6529,359,1845,1786,554,1277
6530,39,1189,1699,1436,1436
6531,343,906,2057,7061,7061
6532,1447,2232,7956,8097,951
6533,63,1443,715,872,1565
6534,1128,1934,1220,1847,1847
6535,554,1086,1534,1942,1942
6536,1462,2257,955,955,1942
6537,716,2167,303,1980,1980
6538,1966,2269,2088,856,2088
6539,8824,2372,4591,7136,7136
6540,935,2187,2187,2248,2187
6541,1854,2215,111,1522,1632
6542,2080,923,1847,2254,2254
6543,643,1576,1786,793,793
6544,439,102,439,2169,2169
6545,85,1101,2,1165,2197
6546,915,1665,1665,1600,1665
6547,3622,1907,6305,6305,3935
6548,4697,8605,865,865,865
6549,9043,1294,3324,546,1993
6550,5455,902,5858,9028,9028
6551,1909,906,1613,1613,1613
6552,1562,7,334,901,334
6553,4385,1705,134,359,2242
6554,936,1075,84,84,84
6555,59,416,1340,227,227
6556,1572,2133,411,427,427
6557,1898,1141,1658,920,920
6558,1263,9200,6428,6428,6428
6559,902,5360,1982,1982,2229
6560,1276,1050,253,1706,205
6561,538,1934,545,599,599
6562,1060,737,264,737,737
6563,577,383,423,1376,423
6564,474,1365,420,420,420
6565,850,172,420,1189,129
6566,1309,459,459,459,459
6567,1569,1824,761,761,761
6568,1879,1860,757,7179,7179
6569,244,7643,2009,696,696
6570,7720,268,268,8468,3958
6571,668,20,1524,2086,1617
6572,1282,795,1073,1073,1073
6573,1035,2061,1412,1133,1998
6574,2916,1102,1826,1826,1826
6575,902,1310,1407,1470,484
6576,442,1114,2024,2015,2307
6577,2242,917,2165,2165,1084
6578,961,1441,1510,1510,1510
6579,873,591,1165,873,1165
6580,1628,498,1121,7217,7217
6581,102,639,639,1434,1434
6582,860,550,1999,1999,825
6583,1820,204,436,436,436
6584,2201,1492,647,647,647
6585,1224,1608,2190,2190,2190
6586,454,1992,2084,112,623
6587,1915,892,996,996,996
6588,5663,5663,6350,5663,5663
6589,4571,6481,5141,5141,5141
6590,6340,3065,7524,6867,6867
6591,2031,85,1851,1851,1799
6592,1523,1449,1126,3221,1126
6593,61,1350,141,202,1110
6594,809,536,1470,100,100
6595,7547,7667,2478,387,387
6596,1565,627,488,2134,2134
6597,2683,1868,758,1564,758
6598,8405,259,7400,2132,2132
6599,4181,3414,3323,4127,4127
6600,1285,643,1786,1996,1693
6601,1234,1652,1581,1652,1652
6602,250,1163,262,262,262
6603,8881,8605,5459,5459,3889
6604,660,966,8194,1298,1298
6605,1605,1983,674,1983,1983
6606,1363,2278,1808,1808,1808
6607,2006,2006,1984,627,627
6608,2043,1975,1611,1684,1684
6609,627,1471,1911,1231,1231
6610,1704,401,323,1935,1935
6611,719,856,1157,798,798
6612,774,532,974,1245,1245
6613,1003,974,2168,2168,2168
6614,1174,9192,1258,1258,1258
6615,2165,2165,2183,2048,723
6616,1507,755,36,176,176
6617,155,1109,513,373,373
6618,559,898,550,1999,1999
6619,940,166,1867,140,140
6620,2171,2177,1167,487,487
6621,511,850,379,159,2215
6622,796,1662,580,838,1640
6623,946,1890,1878,1844,1844
6624,602,1602,1247,439,1307
6625,791,1450,2288,2048,2048
6626,823,577,7504,1665,1665
6627,1749,353,1978,1560,1560
6628,373,908,819,3501,819
6629,395,2221,2257,182,182
6630,867,863,798,1624,1624
6631,2059,1548,1041,1431,1431
6632,810,892,1634,862,1525
6633,1066,1661,1643,1090,564
6634,1909,536,1247,1643,738
6635,2204,105,2121,360,360
6636,4527,2550,4166,3580,3580
6637,1099,594,8485,8485,8485
6638,5981,3583,5929,5929,5929
6639,1001,1162,1162,680,680
6640,1252,1541,1723,1723,1723
6641,2064,2059,184,1024,591
6642,1397,9,2220,981,981
6643,1604,1510,1053,1155,1053
6644,1233,2592,1415,1289,1289
6645,1322,1242,2223,91,91
6646,419,143,816,407,407
6647,2031,963,1306,1517,1517
6648,1541,1761,1068,2265,2265
6649,2257,1229,250,1189,1189
6650,486,624,1824,156,156
6651,2145,2215,1265,1265,1265
6652,1230,361,474,1844,1844
6653,2150,858,985,986,1160
6654,746,8904,1882,104,1882
6655,1958,1643,2190,563,563
6656,1289,36,1054,1054,938
6657,451,151,1732,278,18
6658,245,1302,1550,2187,1120
6659,2291,152,1944,1944,1944
6660,94,628,941,1699,1699
6661,2215,476,2290,452,452
6662,1103,26,683,683,683
6663,2079,1077,2165,936,936
6664,1069,288,814,996,996
6665,1032,1736,1499,119,119
6666,1273,1566,1505,870,1632
6667,1720,64,1609,523,523
6668,1831,982,575,575,575
6669,2223,1032,2004,91,2004
6670,928,1562,309,2014,584
6671,2254,643,1499,1499,1499
6672,2161,1298,2218,2218,2218
6673,1036,143,432,1035,1035
6674,2045,959,1953,1180,1180
6675,1605,1276,1331,1208,1208
6676,89,2259,2186,2186,1088
6677,388,1255,478,478,478
6678,1379,994,2228,1619,2228
6679,584,637,1581,2034,2034
6680,1086,2038,613,296,296
6681,857,41,907,1621,1621
6682,570,2036,691,338,1851
6683,2094,1092,756,756,756
6684,8626,7413,372,6165,6165
6685,5,70,815,988,988
6686,896,1577,195,195,195
6687,1844,1048,1994,331,1994
6688,61,1368,1566,261,261
6689,1397,254,776,776,776
6690,1631,1372,946,1183,1579
6691,1199,213,1737,975,975
6692,1189,2164,1189,1189,1189
6693,536,385,779,1953,374
6694,1247,131,1039,1039,1164
6695,142,275,309,15,15
6696,513,1889,1084,463,1938
6697,513,1101,1101,1758,1758
6698,1906,1737,373,373,373
6699,1567,15,1365,1365,1365
6700,2096,165,1208,1072,1072
6701,279,353,2161,1072,1072
6702,1742,198,1742,1742,1742
6703,194,136,3076,2142,2142
6704,2030,2263,588,2170,2170
6705,1866,194,30,1441,1441
6706,1815,1246,1269,1597,1597
6707,972,1709,164,920,920
6708,172,1898,213,766,814
6709,5520,6238,2787,2896,5496
6710,1352,1421,1352,955,1996
6711,981,1519,696,696,696
6712,7768,5986,6595,8165,5310
6713,925,2128,156,2030,851
6714,231,365,1139,668,668
6715,261,323,282,282,282
6716,1675,1844,818,1640,1640
6717,178,400,1090,1090,230
6718,2063,131,1624,406,406
6719,564,1736,2228,391,391
6720,866,986,159,1029,1029
6721,769,1960,504,608,175
6722,1859,312,1623,1623,1623
6723,452,2049,1846,1846,1846
6724,2199,1083,1966,747,747
6725,1176,102,294,1109,1109
6726,1107,416,864,503,864
6727,1934,880,931,341,341
6728,559,399,2228,2336,225
6729,2150,1417,1417,3953,1417
6730,3551,1147,1536,72,1274
6731,883,353,818,1147,1147
6732,1097,2130,7429,382,382
6733,835,2036,1129,1129,1735
6734,2190,2190,3526,881,881
6735,1520,1747,2039,1469,2039
6736,2282,940,1007,1272,793
6737,2257,1992,947,947,947
6738,2086,1914,2086,1285,1285
6739,1711,1300,2093,2093,2093
6740,873,1499,1526,1499,138
6741,2132,652,974,974,974
6742,355,1595,259,53,53
6743,355,1258,355,4527,4527
6744,1722,208,749,749,749
6745,184,1030,1363,1363,1363
6746,1331,681,7797,1796,2186
6747,1923,2014,1316,2146,2146
6748,580,1576,720,2254,1693
6749,1814,1507,192,664,2005
6750,321,1093,2286,914,914
6751,1431,1431,1242,995,995
6752,1418,1418,1165,1954,1954
6753,611,2063,7504,8001,8001
6754,2143,114,1914,114,114
6755,1115,1058,2206,448,448
6756,1612,1617,1784,202,979
6757,814,399,542,994,399
6758,1519,1812,670,715,715
6759,1579,1402,1270,804,804
6760,8737,1776,2284,30,30
6761,558,53,8720,8720,8720
6762,7129,8666,5286,5286,5286
6763,8693,1160,8889,8889,8889
6764,560,4698,7804,7804,7804
6765,1236,8825,1236,1236,1236
6766,609,609,9133,1332,1053
6767,1236,1501,205,7637,205
6768,968,6165,5371,9025,3202
6769,1295,6663,1635,1635,1635
6770,163,1778,1880,1875,8863
6771,311,1524,515,544,544
6772,1541,2165,2038,359,2038
6773,1270,563,1032,1896,1032
6774,2302,157,1506,504,504
6775,260,1792,8554,1961,727
6776,12,287,175,175,175
6777,8884,6289,4489,5295,4489
6778,8194,2774,1433,1433,1433
6779,7814,7511,3966,1937,1937
6780,1648,2022,867,867,867
6781,1119,1064,447,1046,1046
6782,1426,1496,1310,1310,1310
6783,152,1070,1024,2280,2280
6784,732,1261,1998,1998,1998
6785,2172,28,215,695,695
6786,1254,789,1413,1413,1413
6787,736,1626,1647,1647,1647
6788,7580,2888,606,8481,606
6789,396,610,617,1833,1455
6790,825,1938,856,564,550
6791,1888,574,1421,1421,241
6792,8249,3113,8929,7699,8929
6793,2013,712,7427,7160,7160
6794,1806,902,1438,1438,1438
6795,669,17,280,455,455
6796,617,1871,1360,1424,1424
6797,1940,2227,6135,6135,6135
6798,1560,2218,295,3587,3587
6799,2068,8045,2185,2185,2185
6800,830,7024,7024,7024,1456
6801,880,1736,1692,2160,2160
6802,321,1679,113,113,113
6803,1360,1747,629,1973,1973
6804,2140,1301,42,112,112
6805,850,33,2103,2103,2103
6806,2054,2100,1602,318,318
6807,1114,1797,1524,1524,1524
6808,450,1830,771,379,379
6809,1484,2265,2307,317,2307
6810,2153,1697,1582,928,928
6811,8693,161,2061,973,973
6812,2061,384,839,428,2170
6813,2086,2190,2128,2128,8914
6814,11,2096,763,756,756
6815,6615,6281,597,597,597
6816,2173,487,982,1079,1079
6817,2286,1335,1863,1863,1863
6818,313,1081,467,467,1246
6819,933,780,1298,980,1701
6820,1946,1105,256,2187,1152
6821,2194,1858,165,389,1486
6822,667,1513,398,1599,1599
6823,447,591,1166,1166,1166
6824,2099,845,1026,1026,1026
6825,2131,1246,176,176,176
6826,403,358,12,12,12
6827,229,360,1781,1331,836
6828,999,2132,1918,1918,1918
6829,556,1569,968,1387,1387
6830,124,3294,4321,884,4321
6831,479,792,117,357,357
6832,1513,1407,791,915,915
6833,1889,786,1579,475,475
6834,855,101,419,419,419
6835,1167,942,686,2074,686
6836,3108,560,681,681,681
6837,1705,2252,838,838,838
6838,2149,2228,753,644,644
6839,28,1029,643,643,643
6840,213,952,2240,2240,2240
6841,770,1250,2147,2147,1062
6842,1945,60,1115,1715,1715
6843,244,1908,1240,1240,1240
6844,874,419,2286,1452,1452
6845,879,2036,713,1367,1367
6846,8343,151,494,494,789
6847,7619,7584,7556,7556,7556
6848,2105,5127,3828,2890,8492
6849,1876,1545,1465,1465,1465
6850,1219,2222,9,9,9
6851,1041,1015,459,1460,1460
6852,659,1360,442,442,442
6853,1631,13,1171,1393,1393
6854,1175,1697,380,380,2018
6855,8563,8689,2886,3539,3539
6856,47,1504,1382,859,410
6857,1403,3853,1917,1917,1917
6858,1139,215,524,524,524
6859,913,8076,7023,395,7023
6860,164,330,2288,2288,2288
6861,1610,1408,1671,1671,1671
6862,1095,1955,892,892,1705
6863,2019,1090,528,528,528
6864,1731,1456,268,8229,268
6865,8759,9181,737,737,5602
6866,451,1909,1848,2234,1848
6867,1162,587,638,8014,638
6868,1162,2242,1988,227,227
6869,2005,1195,2100,1482,1482
6870,92,2278,2234,1311,1311
6871,1051,513,380,978,494
6872,2292,295,2089,2272,2272
6873,2286,1808,874,1217,1217
6874,1019,210,314,982,982
6875,2021,747,2208,2208,2208
6876,37,136,2179,912,912
6877,1579,1991,457,457,457
6878,1368,504,3342,675,1921
6879,355,1044,7661,1389,1831
6880,3283,7228,7765,2692,7677
6881,4321,1214,1585,1748,1585
6882,705,1431,2283,849,849
6883,1223,93,1835,1835,1835
6884,2015,1811,665,2254,2254
6885,1078,478,868,8465,1910
6886,1706,1983,1331,1208,1208
6887,8411,9158,5520,5520,3809
6888,2113,9089,8656,1104,1104
6889,126,608,792,2035,1390
6890,5892,1389,6794,8746,8356
6891,1688,1330,1574,208,208
6892,4421,380,5,2152,1300
6893,1858,4369,3301,764,764
6894,1707,1255,1452,1504,1452
6895,2107,2193,998,740,740
6896,1060,1873,43,599,599
6897,364,1515,1106,1004,1004
6898,3616,1489,1850,1528,1528
6899,1813,2239,2250,2250,2250
6900,1076,873,1645,1645,1645
6901,885,1859,8832,2134,1819
6902,1328,960,1567,1550,1550
6903,351,103,4958,4746,4746
6904,1478,891,7014,7014,7014
6905,243,1421,1600,2086,2086
6906,2009,404,1936,1644,1644
6907,1897,1220,881,881,881
6908,164,919,1493,370,370
6909,2162,815,1328,1449,549
6910,148,344,1837,577,577
6911,1525,2240,954,39,39
6912,8889,7219,2128,1512,414
6913,1186,83,788,1006,169
6914,1136,1047,1047,1017,1047
6915,1748,1209,526,2708,2708
6916,488,1007,644,2153,2153
6917,2221,1821,378,2024,2024
6918,1842,2263,2272,790,790
6919,713,1951,133,2178,2178
6920,7762,1990,1879,1104,1459
6921,1935,1313,557,557,557
6922,8194,8094,9083,9083,2608
6923,2103,728,1341,922,1457
6924,1343,589,887,887,1110
6925,1855,1247,1895,1560,1200
6926,369,452,488,2293,2293
6927,963,1066,1398,1345,1345
6928,917,2012,2197,121,121
6929,1619,179,65,2117,2117
6930,1900,38,735,2031,2031
6931,989,8916,628,7160,7160
6932,396,786,1777,91,91
6933,1916,2265,8480,8560,8560
6934,273,920,6928,1611,2129
6935,482,1693,41,2251,2251
6936,96,1834,1834,1519,1721
6937,1072,1173,1083,1083,1083
6938,529,2708,613,1191,1191
6939,22,1674,556,556,556
6940,223,223,1800,1494,1494
6941,1957,2236,532,532,532
6942,1991,1460,599,796,796
6943,517,517,193,193,193
6944,1349,210,1349,1349,1349
6945,970,1434,381,396,396
6946,1280,1859,2069,698,698
6947,813,753,1403,797,797
6948,542,200,2049,1885,1885
6949,569,595,753,741,753
6950,1787,200,1178,1096,1096
6951,881,1893,1720,858,475
6952,1160,1959,53,7419,7419
6953,1485,2010,659,1360,1360
6954,1525,892,2197,1096,1096
6955,1124,1711,134,134,134
6956,819,2981,8405,8405,8405
6957,840,1777,642,642,642
6958,5585,2752,8232,8232,8232
6959,2194,565,1150,100,1295
6960,1866,7649,1702,2676,3419
6961,270,1978,1399,1399,1399
6962,2256,2212,1754,1305,1180
6963,731,1815,1113,1113,1110
6964,2014,2226,1514,1514,1529
6965,1224,1634,751,1365,1365
6966,578,2254,1166,231,231
6967,894,675,860,8098,1782
6968,1095,721,623,481,481
6969,1576,296,2094,581,581
6970,1892,302,1272,1431,1431
6971,1839,1860,1109,2190,470
6972,1435,1785,1622,1622,1622
6973,455,1779,1732,9176,9176
6974,3228,3028,3228,3228,3228
6975,1998,1119,1626,1626,1626
6976,182,1282,6582,6582,6582
6977,1620,2248,1482,2259,1423
6978,1097,706,412,1419,1419
6979,1697,744,2057,2057,2057
6980,2026,1784,975,568,568
6981,2091,2091,2091,2091,2091
6982,2100,1566,395,395,2158
6983,562,1230,1411,1614,1614
6984,1784,1347,2049,1093,1093
6985,2124,1022,873,873,873
6986,826,2061,1991,122,122
6987,2069,1733,1817,292,292
6988,11,2257,1776,954,954
6989,1821,6,1888,2153,1007
6990,1110,2167,1705,839,839
6991,2064,1979,1053,1053,1053
6992,344,7495,1015,8752,1276
6993,174,1632,456,456,93
6994,1629,1648,1151,393,393
6995,507,1198,863,1155,1155
6996,2157,1435,1554,387,1049
6997,1031,1288,32,6928,860
6998,1092,1247,431,1140,1140
6999,163,1459,4507,1580,871
7000,458,1652,1920,1920,1894
7001,1568,2204,1194,1194,1194
7002,1944,1264,2041,893,893
7003,1881,1450,985,2070,2070
7004,115,850,1914,1758,1758
7005,1661,1441,556,1542,556
7006,2179,1965,514,1444,1444
7007,562,8994,6010,151,8200
7008,1721,1896,860,1721,1721
7009,2107,1012,2008,1530,1530
7010,428,2256,446,8504,855
7011,7429,1863,1966,1966,1966
7012,1970,1481,1178,621,621
7013,1657,1567,684,684,684
7014,475,1119,7810,1147,1147
7015,1046,1808,85,85,85
7016,398,1187,174,174,174
7017,1569,1992,359,1762,2212
7018,1908,1796,1995,7870,1995
7019,1317,455,863,863,863
7020,2290,1307,574,3366,1643
7021,669,859,65,668,668
7022,610,1070,1416,2139,2139
7023,82,7721,1240,1240,1240
7024,494,8344,4332,8344,8344
7025,1406,1114,1988,1562,1562
7026,761,220,7225,1255,1937
7027,446,1155,2053,368,368
7028,470,215,343,343,343
7029,709,1316,266,266,266
7030,2166,411,296,514,1623
7031,1706,99,219,60,60
7032,2148,390,160,2148,508
7033,1957,816,2133,2133,2133
7034,85,153,1581,1100,1100
7035,297,1704,503,1266,503
7036,1662,906,688,2039,2039
7037,495,1442,2206,1672,2206
7038,1263,994,1635,1635,1635
7039,1845,540,83,83,83
7040,213,139,139,1,2086
7041,681,6150,681,681,681
7042,487,1771,1240,1240,1240
7043,1208,654,1650,1650,1650
7044,1215,491,1015,1374,1374
7045,1346,1346,1184,460,605
7046,1374,2028,2116,1219,2076
7047,2067,1361,851,1056,1056
7048,2292,1496,1671,1671,723
7049,5723,158,155,169,117
7050,2247,2127,1045,1045,1045
7051,950,387,1600,1600,1600
7052,2004,6,810,810,810
7053,9127,5456,8902,1502,141
7054,2225,1537,1525,1198,1006
7055,2169,642,2070,422,422
7056,2061,8083,1276,971,971
7057,1239,85,1769,1769,1359
7058,587,28,215,215,215
7059,195,1658,468,1666,1666
7060,357,2007,1623,1563,1563
7061,311,721,564,709,709
7062,806,874,874,874,874
7063,725,1257,884,3865,3865
7064,955,2240,786,471,309
7065,804,1770,881,1112,1112
7066,2059,1957,929,2050,716
7067,6769,7837,7176,6083,6083
7068,1063,2169,1807,2122,1807
7069,392,1887,38,80,1873
7070,2013,10,10,17,10
7071,454,729,1099,1709,1099
7072,1721,1953,2029,1424,1424
7073,431,474,100,1367,1367
7074,2232,1849,1850,1850,977
7075,158,526,1763,1763,1763
7076,112,643,1138,1138,2282
7077,1537,2065,1397,1350,426
7078,1870,283,283,1220,1220
7079,809,42,629,931,626
7080,638,643,1693,1693,1693
7081,1372,1869,7429,388,7429
7082,1016,37,630,630,648
7083,1629,2285,1519,1519,1519
7084,1579,701,2256,7250,7250
7085,717,775,1339,273,1339
7086,45,927,624,644,644
7087,1434,1434,2214,7061,7061
7088,1375,153,1652,712,645
7089,8,8413,933,933,933
7090,1520,192,873,1596,1596
7091,508,7429,1529,1999,168
7092,981,959,8868,1707,1071
7093,2274,820,841,841,841
7094,9066,1577,1577,964,964
7095,652,1383,926,926,926
7096,463,1329,2292,1471,1471
7097,1512,1540,1135,1135,1135
7098,1908,734,411,360,148
7099,1469,1345,1891,158,158
7100,1474,1244,7323,7323,8709
7101,805,2167,524,315,524
7102,704,2260,67,313,67
7103,2060,645,954,277,1842
7104,1921,918,898,337,337
7105,1435,2088,338,1854,1854
7106,523,61,884,1364,1364
7107,1184,1331,575,1750,1750
7108,1584,2219,1821,2219,1471
7109,458,383,96,96,96
7110,265,5866,4743,5171,4809
7111,1711,1711,7862,595,595
7112,7192,8,278,2096,278
7113,523,8055,7934,1363,1363
7114,349,122,2028,279,279
7115,1181,37,612,612,612
7116,1747,1106,3331,877,1441
7117,122,923,270,2049,712
7118,1864,176,648,925,630
7119,918,1145,1927,690,1630
7120,1371,1019,140,1873,1873
7121,5966,1250,925,1163,1163
7122,410,1343,1860,1860,1860
7123,2007,1000,1000,1000,1000
7124,807,1643,445,1860,1860
7125,687,314,2047,2047,2047
7126,1789,1652,1286,1033,1286
7127,156,1669,535,535,535
7128,1364,88,1832,1832,1832
7129,827,1113,1992,1139,1631
7130,1198,379,1882,1882,1882
7131,929,138,2017,2017,1555
7132,1343,1559,1533,783,783
7133,563,194,207,155,340
7134,1997,1066,607,1378,1378
7135,1987,310,1987,1987,1987
7136,1853,878,1756,1004,1004
7137,792,499,1641,1641,2114
7138,99,1576,1352,1778,1778
7139,1068,1621,940,1620,625
7140,2999,1438,421,1624,1624
7141,1671,1211,507,1227,1227
7142,1035,29,265,265,265
7143,30,729,1760,564,564
7144,428,2256,2061,1481,1556
7145,342,1090,1090,1090,1090
7146,487,1394,1063,1063,1063
7147,1371,1652,2288,1234,1710
7148,4011,782,1615,2176,1628
7149,1153,618,2076,1529,1529
7150,470,2045,1555,994,994
7151,3084,8056,8282,8282,8282
7152,297,1496,7815,1508,1508
7153,1470,1916,1818,1055,1055
7154,12,12,575,575,575
7155,301,9091,1642,932,1642
7156,611,429,745,745,745
7157,1069,2076,419,340,340
7158,1806,1247,804,804,804
7159,1892,1158,780,2261,6996
7160,7661,7195,7540,8511,8511
7161,8329,3953,1977,6305,6305
7162,1271,1503,1912,1912,1912
7163,449,844,471,471,471
7164,197,1730,1444,733,1924
7165,1496,825,4385,1051,4385
7166,1780,1808,1339,506,1876
7167,1013,370,1531,1531,1531
7168,1313,1256,1114,1114,1114
7169,1999,1971,2284,1181,1971
7170,561,19,1548,1155,1548
7171,1457,2279,2056,1339,1339
7172,2226,2298,791,1706,1514
7173,522,189,1966,106,38
7174,1261,1752,2088,408,408
7175,795,708,2112,1266,1266
7176,1760,1839,2170,1653,1653
7177,1341,1716,791,791,791
7178,5970,5178,4805,9065,2540
7179,4734,6721,5886,1423,5886
7180,208,1331,2783,633,8805
7181,7142,540,1347,647,1347
7182,450,872,2215,524,9114
7183,270,1815,1375,1391,1375
7184,3027,3884,3552,3774,3774
7185,2212,1454,655,1846,1007
7186,730,782,1280,1988,1988
7187,273,1268,9,1723,9
7188,1156,1003,157,495,495
7189,2225,1927,1829,2051,2051
7190,38,38,1920,74,1920
7191,1098,462,1345,1345,1607
7192,8638,3744,1201,1201,1201
7193,234,997,1399,1399,1923
7194,974,1258,1206,1206,1206
7195,1444,1072,1763,1763,1763
7196,467,630,812,1872,650
7197,159,1533,2173,1890,1913
7198,389,305,674,674,924
7199,2168,532,532,532,532
7200,747,59,747,747,747
7201,5047,279,606,606,606
7202,2280,1172,672,672,672
7203,1783,190,5332,494,41
7204,35,797,418,204,204
7205,304,219,516,516,516
7206,1557,1814,26,472,9068
7207,2124,384,927,927,927
7208,1558,1041,1495,1495,1495
7209,1254,1631,1376,664,1376
7210,1296,805,1532,1532,1127
7211,640,1159,922,922,1616
7212,1584,1315,595,595,595
7213,627,318,1429,1785,1785
7214,2146,3486,1777,4493,4493
7215,466,270,828,2293,1435
7216,1283,4200,3353,2564,2564
7217,761,478,1680,771,1225
7218,250,994,667,58,814
7219,946,861,1687,1759,1759
7220,1099,690,788,374,374
7221,1116,1255,194,2304,194
7222,983,1966,2288,2288,2288
7223,995,254,561,1821,907
7224,730,145,1773,1773,1773
7225,1094,58,2154,315,315
7226,2266,299,741,741,741
7227,712,87,1314,8902,8902
7228,600,1587,1979,1487,1487
7229,788,2167,1898,922,1898
7230,7,1749,1973,1973,1973
7231,1962,7126,16,2095,2095
7232,1720,1147,2286,955,2286
7233,955,31,584,1775,1531
7234,616,1693,658,490,490
7235,1418,1399,1954,1418,1418
7236,2199,596,596,596,596
7237,99,213,215,2100,2100
7238,1277,1632,683,1131,1131
7239,306,6,7429,1062,1126
7240,7657,1807,1609,1609,1609
7241,971,2080,2176,2176,2176
7242,7354,5109,6563,7642,7642
7243,1703,1589,1716,4290,4290
7244,6422,7052,7052,7052,7052
7245,1567,1582,724,724,724
7246,1292,1893,701,701,701
7247,528,858,941,941,1466
7248,7407,7542,7519,842,842
7249,7181,1054,142,487,487
7250,1225,1171,239,1782,1670
7251,981,1723,722,891,891
7252,922,2056,1229,1229,1229
7253,535,194,666,666,666
7254,2269,1256,1845,7429,7429
7255,2189,1533,1254,2148,1254
7256,1927,1969,2011,2011,2011
7257,4,370,2202,2202,820
7258,61,565,115,1545,1419
7259,1214,8474,5520,3501,3501
7260,2254,753,476,476,476
7261,7549,3202,6872,5542,5542
7262,7257,1310,8413,1816,1816
7263,810,1052,1397,1583,1583
7264,1408,2162,2190,1726,767
7265,1367,1452,806,806,2286
7266,1145,4038,2146,2146,2146
7267,7168,8216,6291,6717,6717
7268,1855,340,2258,2060,2060
7269,4385,569,248,497,497
7270,288,759,237,408,408
7271,161,2024,1623,393,393
7272,184,238,828,1648,1648
7273,1547,1592,1650,1650,1650
7274,323,1759,2204,2204,2204
7275,2240,2204,156,2028,2028
7276,686,70,1672,1672,1672
7277,2077,1742,2120,1314,1314
7278,297,986,710,710,710
7279,2256,696,525,525,525
7280,649,1272,212,649,649
7281,2052,1342,2225,2225,2225
7282,2019,128,449,449,449
7283,1393,1583,2147,1845,2265
7284,1686,816,1587,482,482
7285,8144,2138,2302,382,27
7286,213,1496,2045,2045,2045
7287,142,729,571,1972,1972
7288,1568,1190,2100,1653,1653
7289,1390,5350,2128,1762,1762
7290,1623,2227,1962,690,690
7291,468,47,2300,2300,2300
7292,1048,1567,2301,1935,1935
7293,2085,1890,2271,574,2271
7294,4019,6732,2133,2133,2133
7295,1053,1062,1062,2020,2020
7296,364,12,2002,2002,2002
7297,1936,1936,415,2225,2225
7298,6839,6626,5399,5397,5397
7299,859,1004,1004,2109,1004
7300,188,1552,1726,1251,2066
7301,1278,1278,916,916,916
7302,1845,524,1561,1533,1533
7303,779,981,1880,324,127
7304,298,897,484,8609,8104
7305,269,2038,721,721,721
7306,1492,221,8620,1349,8620
7307,1748,885,1003,1397,1397
7308,1736,1310,1838,1838,1838
7309,892,1102,2037,2037,2037
7310,33,1549,95,1610,1610
7311,1082,559,1533,159,1531
7312,1062,2269,1960,571,571
7313,1764,1246,2172,1171,2220
7314,5350,177,381,381,381
7315,1935,1661,477,477,477
7316,476,1810,1919,1615,1919
7317,1057,2267,2013,8513,8513
7318,37,37,1393,1324,1324
7319,158,1396,2100,2100,277
7320,1548,2288,825,1542,1542
7321,2014,317,793,793,793
7322,338,310,622,1034,100
7323,9048,7159,7428,1014,1014
7324,2146,134,1762,1404,1404
7325,5790,3292,6610,4864,4864
7326,1283,4626,2967,5855,6677
7327,1290,1530,173,8708,1112
7328,2063,369,61,61,61
7329,37,983,810,1155,1155
7330,1639,414,440,3865,3865
7331,1851,887,146,146,146
7332,831,98,6928,1476,1476
7333,1292,953,134,691,134
7334,231,1888,1081,644,644
7335,2006,1967,1714,7675,7675
7336,529,6176,1738,1803,1803
7337,1992,404,1536,796,2113
7338,7323,8400,404,612,612
7339,1930,9183,8047,8356,8356
7340,1952,534,4606,6453,6453
7341,532,66,1069,480,480
7342,2184,685,1692,1692,1692
7343,1714,741,8263,1656,1656
7344,8299,8005,7989,8034,8034
7345,1186,1186,1186,1186,1186
7346,6337,7189,4904,3477,3477
7347,1407,1848,84,3140,844
7348,587,3221,2031,2031,2031
7349,980,2203,1306,2298,2298
7350,1324,1343,980,1265,1265
7351,986,864,129,714,714
7352,978,978,160,160,870
7353,1405,8029,1430,8969,8969
7354,1997,3366,1129,1129,1813
7355,1703,1075,804,1356,1356
7356,1513,3204,3204,1838,1838
7357,2116,1643,1643,1992,1992
7358,1474,8509,6968,1158,478
7359,267,1437,149,2136,2136
7360,257,1548,1052,134,134
7361,1611,1465,1743,1523,304
7362,1672,627,1072,1392,1392
7363,291,232,1931,1931,1931
7364,1591,1280,1745,1745,1745
7365,8462,6314,5724,6257,6257
7366,864,2190,2154,1817,1673
7367,3582,483,1545,3486,3486
7368,849,187,872,1999,1999
7369,487,2286,1030,1908,149
7370,2161,2298,648,1914,1914
7371,2105,9034,2583,2105,297
7372,866,1579,1775,365,365
7373,603,83,2130,1624,791
7374,2665,293,1527,1527,1527
7375,6422,1276,852,2121,2121
7376,1914,2066,580,2193,2116
7377,1471,1387,2094,2094,2094
7378,1902,1038,2114,898,898
7379,361,315,425,1368,1368
7380,1189,1189,506,639,639
7381,55,198,770,1157,1157
7382,1080,254,1794,967,967
7383,200,1230,1724,1724,1724
7384,8144,2156,70,1748,1748
7385,7494,5238,5860,5984,6828
7386,1581,497,979,855,1103
7387,1493,1919,202,725,707
7388,979,1887,443,239,980
7389,1057,154,2119,2119,2119
7390,1519,529,2020,1437,1437
7391,178,1705,420,6,6
7392,1153,1031,1979,1557,1557
7393,1615,55,831,541,541
7394,2275,2066,202,1262,92
7395,356,1774,640,446,640
7396,8988,6169,899,9170,899
7397,1462,1462,2038,783,2161
7398,1999,459,1361,2060,1604
7399,157,1121,605,1346,1346
7400,14,2280,1365,1567,1567
7401,1142,176,478,478,478
7402,1697,1081,919,1930,1930
7403,64,1239,2118,2118,2118
7404,160,523,2118,2118,2118
7405,1898,37,1479,1902,1902
7406,1539,2165,564,564,564
7407,1251,240,4019,1903,1903
7408,8077,1836,9150,1836,6980
7409,2190,588,231,231,231
7410,1148,1323,740,1617,1251
7411,1395,2290,1057,4203,4203
7412,724,1607,938,938,938
7413,691,691,98,1998,1309
7414,202,813,213,2306,2306
7415,100,1773,946,202,202
7416,495,1486,2161,1442,1442
7417,422,1832,1198,1698,1698
7418,2121,1394,2061,1713,1713
7419,5563,4695,4997,8933,8933
7420,1378,813,979,979,539
7421,2257,1153,128,3616,4521
7422,1549,157,250,250,250
7423,1704,535,820,1288,1935
7424,790,1119,1584,2190,2190
7425,681,1707,1707,1707,1707
7426,15,359,95,520,864
7427,2071,838,1851,1692,1692
7428,114,2219,2254,365,1493
7429,299,428,1892,1837,1837
7430,272,241,947,1316,1316
7431,1884,868,1551,364,1547
7432,2284,1846,76,76,76
7433,495,305,1311,305,305
7434,3759,1295,7566,7566,7566
7435,6415,1263,1822,1822,1822
7436,1811,1549,1046,1046,1046
7437,760,977,262,1900,1900
7438,189,577,1592,1592,1592
7439,1603,928,1682,1296,1610
7440,1434,1106,347,1555,1541
7441,502,4631,3946,5602,5602
7442,2008,1139,72,2217,2217
7443,885,1264,2302,925,925
7444,8062,3689,8003,8003,8842
7445,2290,1347,1090,1090,1090
7446,655,1397,659,659,659
7447,1250,2221,1821,795,795
7448,2279,358,309,1817,309
7449,41,279,2248,2248,2248
7450,1813,231,1729,1729,1729
7451,218,1480,855,1151,1782
7452,2163,1709,710,710,710
7453,950,2073,919,919,919
7454,661,2002,1288,1926,1926
7455,48,1612,1262,1600,1612
7456,1839,431,2212,454,559
7457,1577,467,1252,1794,1794
7458,8690,1927,1934,1144,1587
7459,703,143,1623,318,918
7460,1477,1065,179,1065,1065
7461,536,47,2279,955,955
7462,1473,185,579,579,579
7463,2044,970,1604,1724,300
7464,1543,1630,244,1373,1373
7465,7086,9163,5829,7086,7086
7466,4,4386,1292,444,177
7467,366,2020,691,1096,1096
7468,2051,1796,1209,1209,1209
7469,2237,1301,1083,375,375
7470,432,1600,552,239,239
7471,796,447,1785,1325,445
7472,31,297,603,1828,1828
7473,806,1802,1808,1030,1030
7474,1843,1390,587,587,587
7475,931,2024,1318,8014,8014
7476,646,915,1523,1523,740
7477,406,1300,456,456,456
7478,1738,369,2255,2255,2255
7479,1738,6867,1738,395,1606
7480,393,1254,458,132,2028
7481,2256,1560,1560,716,1560
7482,544,2045,1740,1740,1740
7483,1890,709,1334,1334,1334
7484,902,310,7934,681,681
7485,1005,36,641,733,718
7486,266,1766,366,1838,1759
7487,1730,446,2081,2081,2081
7488,37,1197,1587,407,407
7489,1028,6,872,958,1972
7490,1601,1041,1869,195,195
7491,1330,2076,1154,1154,1050
7492,1953,334,585,1768,1768
7493,612,2109,1004,1244,254
7494,1673,1950,2106,1072,1072
7495,8908,7870,2232,1447,673
7496,906,1071,2043,737,737
7497,1135,392,2031,1023,1023
7498,1495,985,890,890,2586
7499,9181,8218,8923,5985,5985
7500,1274,622,1704,1704,1704
7501,486,6004,6530,6530,6530
7502,1231,1541,1776,2265,2265
7503,2260,1939,2110,874,874
7504,391,1177,1589,1698,1698
7505,1450,941,1292,333,1838
7506,1662,1786,2103,1372,927
7507,7413,8385,5754,7413,7413
7508,1164,2472,704,731,731
7509,1153,7122,7122,1843,1843
7510,795,578,262,1553,1553
7511,2180,774,1066,522,522
7512,2008,1139,1637,5,1317
7513,907,2181,1242,1242,1242
7514,661,2054,629,2291,2291
7515,1141,1911,1911,1911,1911
7516,1272,275,1431,1466,1431
7517,1706,253,1319,577,577
7518,1171,467,1114,776,776
7519,582,584,398,398,398
7520,1949,698,1224,1080,1224
7521,842,1073,1763,589,589
7522,394,76,2021,2157,2157
7523,1815,73,1854,1854,1854
7524,1547,282,1549,364,1434
7525,938,61,1025,1025,820
7526,443,142,1708,215,215
7527,927,1102,1080,1862,1862
7528,45,58,624,624,1786
7529,757,1068,1541,1541,1541
7530,2050,161,391,1009,433
7531,26,1760,1809,1809,2035
7532,1434,313,832,1251,1251
7533,643,36,643,1787,833
7534,1448,1172,1729,280,153
7535,2159,205,2018,1879,7237
7536,842,1545,7270,7270,7270
7537,415,2534,1356,1839,1814
7538,1765,4315,8124,706,8124
7539,1681,1908,806,806,806
7540,766,759,171,2271,2271
7541,3622,916,794,389,389
7542,2275,1679,584,30,1681
7543,1217,1707,520,1420,1420
7544,8114,247,760,2147,2147
7545,1194,1827,959,959,959
7546,1238,1690,2016,2016,1140
7547,986,1958,1434,1106,1106
7548,2300,110,704,1033,1038
7549,1206,4238,945,2027,1877
7550,1482,1407,94,1624,1624
7551,1783,166,767,2184,1212
7552,1306,664,1956,1956,1956
7553,2004,43,771,152,152
7554,930,930,930,930,930
7555,443,1805,212,1805,8381
7556,187,588,947,3331,1255
7557,2163,2177,1480,1885,1688
7558,769,374,423,187,187
7559,1156,920,759,759,1783
7560,1689,118,2132,974,974
7561,1450,202,677,677,677
7562,1442,1767,121,2031,2031
7563,4127,81,1348,8474,8474
7564,1028,1185,2,1159,1159
7565,1672,1948,1148,1148,7782
7566,790,796,1600,1600,740
7567,1071,260,2217,2217,2217
7568,642,1046,2162,1951,1951
7569,226,1946,1426,1496,1426
7570,1793,188,983,983,983
7571,328,2210,3209,1295,1295
7572,173,1858,4071,1858,1858
7573,806,393,1177,1177,1177
7574,7633,6199,8359,8359,8359
7575,63,1078,8805,8765,8765
7576,7720,568,689,834,834
7577,1690,1624,319,192,970
7578,2263,228,139,2178,2178
7579,1107,858,2290,2290,2290
7580,699,1041,1242,1242,1242
7581,675,97,1076,1396,1396
7582,59,2050,1987,2050,7429
7583,1754,210,1053,1053,1053
7584,865,330,428,299,299
7585,7167,8452,1026,1026,1187
7586,1190,1204,259,905,905
7587,1542,793,35,1292,1292
7588,1852,2007,4253,2216,2216
7589,1271,1998,1503,1673,1673
7590,2578,4587,8481,6995,7626
7591,397,2140,397,2266,2266
7592,914,419,1604,128,128
7593,360,1922,312,2116,2116
7594,497,1469,2062,8263,2062
7595,1813,8833,8194,8843,8843
7596,1705,942,45,374,374
7597,153,8708,7273,280,280
7598,1695,408,532,532,532
7599,467,1181,1815,1681,1681
7600,1374,1374,852,852,1033
7601,2078,2168,2078,2078,2078
7602,1047,1047,1560,1560,1560
7603,2249,827,1068,1068,1068
7604,81,666,2299,1300,1828
7605,1451,353,3115,1458,1458
7606,2057,1851,2041,1888,1888
7607,1673,161,4210,1450,1450
7608,3368,2552,2971,2971,5498
7609,497,153,257,257,257
7610,1360,792,7270,7270,7270
7611,881,1687,725,1364,1364
7612,7120,7544,842,600,600
7613,1261,2265,1816,798,798
7614,868,8335,1200,960,1200
7615,779,840,370,1801,370
7616,1038,887,140,1100,1100
7617,1278,3526,627,1918,1918
7618,1016,959,7101,8263,8263
7619,304,2237,1825,143,2218
7620,1466,1581,1408,1408,1408
7621,2222,1296,1462,893,1724
7622,2663,3944,2758,2758,2758
7623,1093,1670,741,2241,1727
7624,759,99,1202,129,1361
7625,2257,1921,1441,1441,1005
7626,883,9229,8896,4875,3815
7627,1730,337,1168,55,55
7628,1558,1558,1592,926,1567
7629,2165,1516,1028,698,698
7630,1074,1924,197,197,197
7631,8,356,346,781,2061
7632,1387,527,392,392,408
7633,1004,823,183,183,183
7634,9,514,2035,2035,2035
7635,1963,781,1963,1963,1963
7636,8752,7529,6701,6701,6701
7637,955,1960,580,730,580
7638,738,251,1640,1640,772
7639,8014,783,2073,845,845
7640,26,671,67,927,927
7641,875,2224,2241,1531,1913
7642,704,685,2239,451,451
7643,1285,643,569,1776,1776
7644,487,1495,2180,1495,1495
7645,1854,348,1454,1155,1454
7646,511,1749,1286,2187,2187
7647,1573,1297,4331,1235,1235
7648,195,2043,1939,1476,1476
7649,397,1398,1293,1293,1293
7650,292,80,2022,2266,158
7651,913,1287,301,925,41
7652,2172,886,1604,1010,1010
7653,364,918,1016,826,826
7654,311,1882,1242,629,629
7655,1626,1288,1361,1202,1183
7656,2,2144,1377,189,189
7657,1498,1022,1278,1885,1885
7658,1123,1036,967,967,967
7659,2209,1062,110,2113,2113
7660,546,546,546,546,546
7661,1538,1255,8658,1111,1184
7662,1535,2099,1754,963,1398
7663,1055,7749,7939,5754,5754
7664,1513,511,1994,1994,1994
7665,1967,1633,376,376,376
7666,1066,1592,1998,2005,2005
7667,950,2143,1374,1374,1374
7668,947,1623,867,496,496
7669,330,686,1500,1500,1500
7670,444,2228,830,830,830
7671,1649,553,364,1997,1997
7672,1777,84,1339,1256,1339
7673,1230,165,2144,2144,2144
7674,393,299,77,1789,77
7675,5628,5614,1109,798,798
7676,1982,1179,7263,7263,7263
7677,161,1266,147,2025,216
7678,1462,955,507,1818,1818
7679,275,2052,698,1219,323
7680,1355,1358,220,220,220
7681,1502,859,2098,2098,2098
7682,556,1127,404,997,997
7683,250,1674,1674,1674,1674
7684,1844,204,160,160,1098
7685,467,1891,2060,7168,1686
7686,673,8945,7870,543,543
7687,680,587,1652,1652,1652
7688,659,327,157,1779,1779
7689,1466,1466,3820,1466,1466
7690,1734,375,139,1274,139
7691,2155,2262,809,1518,607
7692,1713,522,459,7821,1834
7693,1362,963,751,682,682
7694,1047,7412,1044,1044,1044
7695,1835,1085,213,213,213
7696,2149,2215,465,465,465
7697,1152,1495,975,975,122
7698,1370,1919,511,1202,1202
7699,5707,2446,8616,6791,6791
7700,1260,1760,983,1659,983
7701,1062,1666,962,1710,1371
7702,1025,1153,1646,195,195
7703,13,729,1441,36,36
7704,921,205,219,1485,847
7705,252,384,1100,665,665
7706,650,630,1884,1133,2109
7707,1074,459,1791,1930,1791
7708,687,2065,2222,1601,1601
7709,1370,1434,133,1675,1675
7710,1957,556,1885,237,237
7711,688,42,913,1957,1957
7712,1484,2240,1960,1960,1960
7713,1496,784,994,994,994
7714,454,376,1399,1287,1287
7715,1366,3143,5725,1058,5725
7716,925,629,2077,508,508
7717,914,1425,1273,514,514
7718,2090,635,2140,2140,2140
7719,2075,1768,2119,1425,1425
7720,69,883,2070,1997,2070
7721,1301,1333,1012,1012,1423
7722,228,2010,1092,52,2223
7723,2107,1743,1148,1701,1887
7724,187,1200,1809,1630,1630
7725,2280,2085,42,1625,1625
7726,1023,1023,1848,1720,1720
7727,795,1237,798,1250,447
7728,8005,141,776,1010,1335
7729,1853,2440,1638,1202,1158
7730,8334,774,2272,2287,2287
7731,2302,29,1641,29,545
7732,297,345,77,1041,1041
7733,1786,6,783,783,783
7734,969,1541,1425,813,813
7735,1519,962,730,2256,857
7736,1996,1761,2057,1651,1651
7737,1408,302,1379,1583,1379
7738,1203,779,847,2298,2298
7739,398,854,244,398,398
7740,7135,8150,5438,7318,4528
7741,2119,995,1379,1379,1379
7742,8708,1025,2303,2121,1329
7743,1587,1734,826,826,826
7744,961,2211,1548,1548,1548
7745,1334,294,1189,1178,2291
7746,1863,1398,833,833,833
7747,429,1298,407,815,815
7748,1437,850,342,1037,309
7749,292,1228,1932,1869,1869
7750,9035,7238,8870,7821,7821
7751,986,1386,251,2190,563
7752,772,261,1640,1640,1640
7753,1397,716,1523,1542,1273
7754,124,1442,611,984,984
7755,4165,4547,6033,3633,5977
7756,488,1971,1154,1281,1931
7757,2096,431,1988,2271,242
7758,1707,1707,871,871,871
7759,1397,1062,340,477,343
7760,400,2076,1621,5678,5678
7761,1038,215,1365,761,1469
7762,1856,15,643,851,2127
7763,1803,2159,120,252,120
7764,954,277,2254,1856,277
7765,1046,2057,997,85,85
7766,7396,2901,5408,5408,2516
7767,1231,318,1250,1250,1250
7768,1541,39,1904,2280,2280
7769,1489,696,7810,7810,4400
7770,1188,1188,1302,1302,1302
7771,1499,450,1770,1636,1636
7772,1392,2090,1486,242,242
7773,347,163,354,354,354
7774,1323,1401,624,2284,578
7775,139,1018,2202,1123,1123
7776,1947,1590,612,2083,2083
7777,2211,1888,2024,2024,215
7778,1466,426,1265,1608,1608
7779,376,376,1542,1018,1018
7780,2238,2238,2238,2238,2238
7781,1565,985,936,1266,1266
7782,411,106,22,2059,2059
7783,6810,4418,358,92,92
7784,901,1086,679,1864,1864
7785,1117,2145,1314,1314,1314
7786,694,1538,1982,1982,1982
7787,2085,961,1145,655,282
7788,1433,2104,1884,1884,1884
7789,768,1961,1088,1796,1796
7790,538,713,1367,806,806
7791,1566,1810,380,725,743
7792,121,829,2283,2283,86
7793,1389,1204,884,884,884
7794,2104,1733,1021,1021,1021
7795,358,1116,746,746,1405
7796,871,689,959,671,804
7797,2025,607,1666,1716,1716
7798,1907,1094,1366,1221,1221
7799,2485,1736,1838,3209,1838
7800,56,1165,111,1165,1165
7801,1574,1969,404,1240,1240
7802,2234,608,2186,2186,2186
7803,1672,2242,1351,2252,1351
7804,1080,1589,1771,1771,1926
7805,1636,1753,7580,7580,7580
7806,1760,1141,751,1539,1539
7807,493,7230,6496,121,121
7808,1990,83,1324,1541,1541
7809,989,1602,1737,1737,1737
7810,2145,1429,1925,1855,1152
7811,1472,47,291,2183,2183
7812,1233,2002,2162,774,774
7813,644,2160,302,338,338
7814,1869,649,242,828,828
7815,66,864,247,247,1207
7816,569,1762,1661,189,1282
7817,1004,920,2301,1150,1150
7818,1561,1408,1942,1942,1942
7819,2141,467,868,868,868
7820,433,1109,2010,747,2010
7821,1561,1431,1789,1789,1789
7822,2137,84,84,1562,1790
7823,1806,1525,2096,2291,2291
7824,113,1753,1134,425,425
7825,1480,543,7038,7038,7038
7826,1219,1915,130,130,130
7827,772,1958,850,2254,2254
7828,2160,647,636,2005,2005
7829,2222,826,1359,1359,1359
7830,1467,644,258,965,965
7831,724,595,1683,458,723
7832,709,2300,661,661,661
7833,1604,823,1518,698,698
7834,790,4,1695,958,4665
7835,49,661,1209,1209,1209
7836,166,1696,909,654,654
7837,1065,603,744,788,442
7838,686,1659,2130,686,686
7839,2037,273,1669,1947,27
7840,4089,2641,4521,2325,2325
7841,121,1277,180,121,121
7842,255,747,1371,2022,2022
7843,1712,2075,2274,2274,1187
7844,1838,3819,4421,4396,4396
7845,1939,1220,1863,2084,2084
7846,873,1109,1677,1677,1677
7847,1987,396,1947,1947,1947
7848,467,52,1764,1547,1748
7849,2179,2104,669,669,669
7850,1887,85,313,313,313
7851,84,1817,1709,784,1709
7852,1896,922,1341,1341,1341
7853,2280,1944,1082,187,187
7854,684,1454,468,1568,1440
7855,699,832,447,1745,1745
7856,289,178,2276,2276,186
7857,2163,1581,342,342,2268
7858,1379,1277,2279,2279,2279
7859,1345,319,768,3548,3548
7860,134,849,1045,1045,1052
7861,1098,282,238,238,238
7862,2047,2280,1683,1022,1022
7863,306,1038,1758,1758,1758
7864,1998,1471,1083,2066,2066
7865,6,1094,590,590,590
7866,1282,1507,627,1231,1231
7867,660,284,2136,2136,2136
7868,2092,1684,815,815,815
7869,4420,1906,1600,1736,1736
7870,374,2146,665,1482,2306
7871,1899,1699,1909,146,990
7872,7900,7868,2428,2428,2428
7873,104,104,104,104,1920
7874,1171,1707,2287,2287,472
7875,614,1699,1239,1338,1338
7876,1909,916,1728,1278,1278
7877,1384,2263,686,908,908
7878,1703,1513,677,1489,1998
7879,116,1840,2245,1185,1185
7880,786,1431,1041,1041,1041
7881,726,1860,926,926,926
7882,156,314,1958,1931,1931
7883,557,940,2024,2024,1824
7884,1030,2287,430,430,430
7885,1915,791,1566,261,1566
7886,814,1863,1091,1091,1091
7887,41,765,23,608,608
7888,2293,931,1652,684,873
7889,659,1373,980,1148,1148
7890,1114,1610,511,525,525
7891,1446,1203,161,919,602
7892,82,372,90,2049,2049
7893,1820,1185,3009,1136,3009
7894,1068,1313,1581,623,1375
7895,186,523,607,1728,1728
7896,481,173,646,646,646
7897,1376,42,1470,2231,2231
7898,1313,2210,710,1163,1163
7899,1064,335,8098,8098,8098
7900,769,313,1164,6928,14
7901,1266,1107,245,3983,243
7902,892,391,664,1579,1579
7903,1736,1736,2183,1671,1671
7904,338,1410,2215,1036,1036
7905,5,5699,7912,8626,8626
7906,6757,7141,9064,8333,9064
7907,744,583,1163,396,396
7908,256,711,521,521,1808
7909,951,509,1880,1104,1104
7910,1917,496,454,454,454
7911,8565,9183,4584,8731,5693
7912,1134,1527,2520,2520,2520
7913,886,733,1660,1005,1660
7914,670,2161,1533,296,296
7915,795,2112,1728,1728,1290
7916,1929,1929,1304,1304,1304
7917,1579,1470,1096,2240,855
7918,1303,1164,1923,1923,1923
7919,1259,393,878,193,193
7920,2131,1034,634,634,634
7921,8313,7909,7912,8171,8171
7922,1372,216,134,166,166
7923,880,771,1895,1895,1895
7924,1228,1460,1228,1228,1228
7925,1294,694,316,2113,2113
7926,930,1560,513,513,513
7927,2015,2265,627,2188,2188
7928,1267,800,368,1931,368
7929,7784,7284,6815,6815,6815
7930,610,935,1863,1863,1863
7931,130,256,2187,481,481
7932,383,539,1797,2222,2222
7933,2033,2137,1069,1069,1069
7934,1009,167,1329,1329,1329
7935,1653,1419,1810,1810,1810
7936,98,1912,2188,2003,1343
7937,1054,2287,517,1118,1118
7938,1163,1934,2114,636,636
7939,937,262,8720,8720,574
7940,520,706,8386,9089,9089
7941,88,1576,39,838,838
7942,1690,1071,567,567,206
7943,930,930,930,930,930
7944,1285,406,233,1740,1740
7945,2039,2245,296,349,349
7946,2090,1815,1693,1693,1479
7947,2290,1343,1140,2154,2154
7948,501,1293,1293,501,501
7949,454,826,753,381,381
7950,2259,1671,8182,2063,8182
7951,7853,694,522,1118,1118
7952,1385,1290,1731,1904,2100
7953,129,335,2010,114,370
7954,2269,408,1509,1044,1044
7955,1350,580,1844,216,1845
7956,1619,1786,996,996,996
7957,6,1,705,705,705
7958,1615,1871,1405,1405,1405
7959,412,1531,1025,1545,168
7960,294,74,1187,773,1187
7961,340,26,34,1904,7250
7962,761,194,1940,1940,1940
7963,617,110,617,617,617
7964,1592,125,102,152,1395
7965,1272,1616,335,384,333
7966,107,545,157,876,876
7967,1751,1222,1751,486,486
7968,450,2252,2022,2022,2022
7969,1861,8722,2033,2033,2033
7970,791,1215,1482,842,842
7971,106,874,833,521,521
7972,971,1511,957,957,957
7973,1121,939,388,2213,2213
7974,810,892,121,121,121
7975,1808,1692,625,2069,2069
7976,1782,2298,1225,605,605
7977,57,1045,11,567,1811
7978,1198,995,1041,1041,1041
7979,1958,30,1562,3204,3204
7980,2986,5041,8657,8657,8657
7981,1815,1166,1429,1051,1051
7982,2026,1312,1530,901,901
7983,481,196,356,356,356
7984,994,454,893,379,334
7985,2238,1804,472,2136,2136
7986,836,8392,1775,1775,1775
7987,2161,731,2153,2012,2012
7988,1057,436,1724,1724,1724
7989,6717,7121,1981,5642,5642
7990,1128,1434,542,542,542
7991,1731,2148,2148,2013,2148
7992,194,241,1868,574,574
7993,8495,262,1521,3221,3221
7994,1446,577,918,337,337
7995,857,4572,3578,3269,3269
7996,1466,1012,1592,1592,1592
7997,1822,1822,1822,1822,1822
7998,686,479,1501,1501,1880
7999,282,1454,1680,49,2287
8000,597,2295,317,1159,2472
8001,1538,1986,676,1003,2207
8002,1512,484,1962,5880,6379
8003,1901,967,7061,1096,1457
8004,379,1576,204,1310,1310
8005,1293,1862,2148,1290,1290
8006,1693,1693,1693,1740,1740
8007,1722,208,4332,681,4332
8008,1392,1750,1514,1509,1760
8009,1710,220,990,990,990
8010,620,730,1784,1784,1784
8011,958,861,861,1327,861
8012,1808,1310,1066,2026,2204
8013,2036,564,864,838,838
8014,270,653,776,776,776
8015,273,1996,1533,21,1777
8016,1819,1514,1105,2195,1276
8017,1748,318,164,441,441
8018,2264,499,2264,100,2264
8019,1068,1176,601,913,396
8020,8413,976,3752,1765,3752
8021,1897,2276,562,394,562
8022,1741,1519,504,146,146
8023,2066,1895,1406,156,2127
8024,3823,3031,5406,6004,6004
8025,1587,1669,1354,1246,1246
8026,1145,1623,2007,1674,1764
8027,34,1200,500,2129,2129
8028,2999,1199,702,702,702
8029,580,1913,564,564,564
8030,2298,2156,782,2210,1977
8031,8278,1237,347,347,347
8032,1960,1895,1888,821,33
8033,2197,1944,2245,256,256
8034,1778,61,6928,458,735
8035,686,690,1442,1442,1442
8036,1391,1110,637,637,849
8037,972,1559,1379,2228,2228
8038,1064,1510,385,2039,909
8039,350,7637,7069,7069,7069
8040,245,994,33,787,2167
8041,1844,4454,4454,837,6380
8042,1167,545,1558,545,545
8043,2199,1408,997,100,1301
8044,2068,1682,787,65,1383
8045,304,284,6722,1706,284
8046,988,2254,2254,2254,2254
8047,2308,1700,238,8124,8124
8048,2100,1902,867,1938,849
8049,1686,514,1587,7168,7168
8050,1552,721,1467,1425,1425
8051,657,2109,2009,2009,2009
8052,6942,8171,3669,8171,3669
8053,1196,8972,1419,606,606
8054,843,8117,7770,4153,4723
8055,1643,941,772,1643,1643
8056,939,1918,908,1100,1100
8057,278,1938,1944,1889,1889
8058,681,8672,681,7820,681
8059,1588,345,1832,2305,2305
8060,560,9013,7440,4672,4672
8061,1242,1396,1001,1142,1142
8062,830,1526,503,1351,1579
8063,4723,4698,8994,8401,8401
8064,815,143,1737,2237,1251
8065,156,1942,1141,1542,1542
8066,476,105,2008,160,2008
8067,847,1180,2043,2043,2043
8068,2499,1529,474,1808,225
8069,525,605,2871,2871,612
8070,1399,930,939,509,509
8071,1200,1871,1924,1924,7821
8072,565,2113,1526,1526,1526
8073,1234,2290,178,436,436
8074,830,845,2130,509,509
8075,8436,9190,3963,5459,8992
8076,1148,575,467,1171,467
8077,2292,152,152,152,2072
8078,2106,2090,364,561,3331
8079,2083,1711,1951,1140,47
8080,3277,1242,988,1096,1096
8081,1425,741,1624,2016,2016
8082,134,7168,1494,197,1517
8083,1690,1762,1181,1876,1876
8084,730,317,2240,450,450
8085,873,1107,30,1643,986
8086,243,259,882,1348,1204
8087,725,565,767,1567,1567
8088,1346,1346,144,2104,2104
8089,131,19,2221,1906,2078
8090,7608,45,7179,7179,7179
8091,1632,1499,1234,334,439
8092,2153,1632,1198,2012,2012
8093,1292,1499,28,13,1339
8094,58,225,584,82,82
8095,176,307,1368,1351,1351
8096,1470,661,1720,1720,1720
8097,5924,6828,5924,1109,1109
8098,100,1009,2019,1493,1493
8099,1052,1692,480,480,480
8100,1951,339,1045,1045,339
8101,37,1860,1534,1534,1534
8102,1466,1466,8825,1466,1466
8103,5699,957,1487,1487,1467
8104,2146,2221,584,1542,878
8105,2240,159,2254,2057,2057
8106,20,1995,1150,2187,1150
8107,399,1496,1426,1426,1426
8108,2251,2238,623,2034,175
8109,1828,15,1788,1788,2228
8110,1739,1063,8443,1063,8443
8111,319,1151,2125,2125,2125
8112,571,1332,998,998,998
8113,1230,1807,689,2143,2143
8114,7899,880,140,140,140
8115,873,2100,1993,1524,1524
8116,9104,3241,2630,2630,2630
8117,2009,2009,1012,1012,1012
8118,1943,996,1305,2263,2263
8119,1632,2143,3,206,640
8120,89,165,1628,1978,1665
8121,1094,1101,58,387,844
8122,1155,670,1697,856,856
8123,2208,2300,219,609,609
8124,242,1156,1974,878,878
8125,2226,935,2008,106,106
8126,1030,1926,1694,1480,1480
8127,7262,8318,265,265,470
8128,2000,818,1577,2043,2043
8129,861,3366,503,790,790
8130,82,1662,2223,1231,877
8131,567,396,735,1309,1309
8132,4531,831,2281,8554,8554
8133,2195,1007,1843,1843,1843
8134,2038,159,284,1936,399
8135,2088,293,2021,1178,1428
8136,1352,164,563,252,1620
8137,2133,2226,2226,2226,961
8138,1147,1296,1922,1922,1922
8139,7160,1711,454,2238,1613
8140,1081,4157,169,169,169
8141,4493,1553,7614,315,315
8142,6715,1091,265,265,265
8143,12,847,7973,774,774
8144,1985,463,2003,2003,2003
8145,1574,870,7129,7322,7322
8146,8674,4983,8448,7887,8448
8147,8644,1545,507,507,507
8148,130,1526,1728,320,320
8149,2176,1228,1228,1228,1228
8150,1049,675,1246,197,197
8151,1308,1109,2036,184,184
8152,386,2173,2275,2275,2275
8153,996,182,922,1898,1898
8154,1232,920,1926,1969,1969
8155,8693,95,2152,1055,1055
8156,2219,666,466,466,466
8157,941,721,159,1379,1379
8158,735,535,731,1046,1046
8159,241,455,1026,1172,1172
8160,139,2248,604,1387,1387
8161,8254,5754,5471,6768,3170
8162,1825,626,105,1919,1919
8163,39,262,940,1938,940
8164,705,1669,733,1074,1074
8165,555,1131,1537,1537,1537
8166,391,1972,1792,2222,2222
8167,672,2375,4338,2067,3568
8168,2080,2096,930,411,411
8169,1907,1418,7559,7559,7559
8170,83,1222,74,33,74
8171,750,398,881,172,881
8172,2100,648,1310,695,433
8173,1344,1188,749,7749,2156
8174,1943,829,767,929,1212
8175,159,1492,159,1943,1224
8176,1432,2818,9095,7762,7762
8177,2165,2205,1508,2206,964
8178,419,37,1571,7168,7168
8179,823,1530,1495,1495,1495
8180,1105,1022,199,1238,1238
8181,1998,1321,149,149,149
8182,1491,915,31,1542,1542
8183,979,893,447,592,447
8184,1564,561,758,758,758
8185,746,1171,1119,1416,1171
8186,2287,280,2009,696,696
8187,8988,1028,725,1047,725
8188,2100,2255,682,682,682
8189,269,1961,575,575,575
8190,716,97,979,1155,1263
8191,588,2212,2140,1916,2212
8192,1393,913,1965,1175,935
8193,283,624,4385,4385,4385
8194,1538,91,1400,2042,50
8195,396,597,1960,1128,1128
8196,1734,491,1673,1673,1673
8197,780,430,761,761,761
8198,579,230,121,1533,2
8199,2297,1112,2140,2011,2179
8200,844,1960,1777,3486,237
8201,2257,643,1316,1898,591
8202,1815,1922,1181,1181,1181
8203,3129,4019,1251,6010,145
8204,191,606,1575,1453,8306
8205,2100,2128,1491,1491,1491
8206,1632,1411,1471,131,131
8207,1793,1945,460,1083,1123
8208,1274,1381,6968,298,298
8209,883,1983,782,1813,1813
8210,1503,1601,800,800,800
8211,659,1731,2015,1867,2015
8212,965,965,965,965,851
8213,1300,1276,815,815,815
8214,468,1972,969,969,1158
8215,554,1402,1280,1685,1685
8216,885,1042,605,549,549
8217,492,307,1373,194,719
8218,2078,1542,758,2188,2188
8219,709,488,1301,1301,1301
8220,9193,7539,7102,768,768
8221,1366,1152,7495,60,60
8222,35,520,202,133,133
8223,570,1293,2047,474,474
8224,859,1896,1777,395,395
8225,1341,1419,1896,980,980
8226,2066,8678,95,95,95
8227,21,1572,827,827,827
8228,391,30,391,940,940
8229,169,636,920,1004,655
8230,200,1942,2038,342,342
8231,752,89,2156,2156,2156
8232,8306,1646,2277,370,370
8233,883,1720,2298,299,299
8234,1521,292,1035,1507,1507
8235,1395,394,768,768,768
8236,433,82,1662,979,2280
8237,910,5521,3959,8356,6558
8238,1326,897,1254,1864,897
8239,820,2011,1422,700,2088
8240,2842,3185,3167,6091,4187
8241,653,1900,1632,704,1460
8242,2235,216,692,1325,1325
8243,1496,1369,1671,2156,1671
8244,1927,1095,3324,475,475
8245,2079,199,2239,2239,2239
8246,1028,823,389,389,389
8247,1484,140,2024,2057,2024
8248,21,454,343,644,644
8249,1596,7747,8929,1721,1054
8250,1943,593,958,283,1579
8251,244,1224,369,593,7429
8252,1290,1784,985,985,985
8253,1964,2303,1758,1758,2080
8254,515,540,8281,8281,8281
8255,2128,2183,2161,1220,1220
8256,275,2061,602,24,602
8257,1237,2073,2057,2057,2057
8258,1026,2043,1325,1623,1623
8259,1612,1248,1918,944,581
8260,7161,7095,8424,8605,3179
8261,1372,2008,782,358,1539
8262,3202,633,108,7343,7343
8263,7429,333,654,654,654
8264,1782,458,378,378,239
8265,1152,704,2182,577,577
8266,8099,2037,1513,850,1101
8267,1331,7735,7247,7247,1331
8268,1046,1923,903,1923,1923
8269,2171,1377,1257,1257,1257
8270,693,1826,250,250,250
8271,352,403,2033,1188,2033
8272,4321,896,4321,178,4321
8273,1557,1557,1557,1557,1557
8274,675,1448,73,1659,237
8275,106,354,1915,1316,1316
8276,599,592,396,396,396
8277,369,2155,2155,1041,1041
8278,1642,1709,1587,1551,1551
8279,23,1539,2167,729,729
8280,2017,7641,1789,811,2028
8281,1,1634,567,567,567
8282,2070,7783,2244,2198,2198
8283,1984,8350,7452,7452,7452
8284,1867,2080,248,881,881
8285,1624,1062,746,1721,1721
8286,1440,1612,194,620,3790
8287,1629,1525,769,1082,769
8288,246,914,1346,1346,1346
8289,219,127,8364,724,724
8290,1228,1228,493,493,8083
8291,670,770,1038,2303,659
8292,7905,324,560,7857,7857
8293,932,3373,837,178,178
8294,358,2264,2264,458,458
8295,1759,2190,695,901,2183
8296,1070,391,2269,1550,1256
8297,1251,1991,273,273,273
8298,892,1372,237,2190,2190
8299,420,1844,521,521,521
8300,1693,580,580,1533,1533
8301,2079,2079,2079,1558,2079
8302,1803,2078,1449,1449,1449
8303,2116,861,291,291,291
8304,2085,1316,1844,2173,2173
8305,1274,1309,641,1042,1042
8306,278,7419,480,480,480
8307,762,709,1457,1457,1457
8308,416,1036,425,2155,2155
8309,1537,7700,2440,1289,1289
8310,442,358,2054,2054,2054
8311,1147,416,914,1565,914
8312,1857,1245,8359,1857,4523
8313,1070,2527,3141,3141,3141
8314,1818,527,327,327,327
8315,895,1229,770,2064,2064
8316,2219,442,2306,1822,893
8317,1910,828,8799,1044,1044
8318,1567,129,1493,297,297
8319,1642,1918,1918,1307,1307
8320,89,985,2048,490,490
8321,139,2259,65,1028,8001
8322,851,1220,47,370,370
8323,2028,1806,1554,1806,1806
8324,7633,8242,208,219,219
8325,7587,2647,4598,3658,3658
8326,2257,1998,1501,1376,1851
8327,6418,5985,5680,5759,5759
8328,1294,2921,2045,6153,6153
8329,2478,8706,8761,5906,5906
8330,3972,2952,3992,3972,3972
8331,4216,3994,6115,3972,3972
8332,4387,2804,2584,3365,3540
8333,3528,2323,3352,4331,4331
8334,3739,3177,5956,8161,5268
8335,4448,8238,6403,6403,6403
8336,3105,2716,2875,2875,2875
8337,3069,3684,3995,4565,3449
8338,2604,4434,3684,8152,8152
8339,9005,4263,2519,8282,8282
8340,4190,3567,3992,3048,3048
8341,2799,2405,3335,3335,3038
8342,4239,7807,5416,5416,5416
8343,4503,4087,4155,4155,4155
8344,4333,3449,3474,3474,3474
8345,2342,3240,3470,3952,3418
8346,2420,4345,3635,4442,4442
8347,3816,2620,3168,3168,3168
8348,7043,3485,4818,4036,4818
8349,2955,4383,2367,2367,4174
8350,2375,3550,3244,4309,4014
8351,2865,2642,3607,4538,4538
8352,2469,3442,3749,3749,4177
8353,3363,2883,4297,3930,3930
8354,2985,2985,81,81,81
8355,2496,2922,6659,7582,7582
8356,3702,4265,3250,4524,4524
8357,2668,4234,3827,4588,2330
8358,1100,2187,1868,1083,1083
8359,7750,7750,3663,3663,3663
8360,5682,4318,3402,6181,6181
8361,3292,4205,3282,3282,3282
8362,6107,7416,5788,4260,5678
8363,3033,4550,2551,2551,2551
8364,3943,4014,2942,4160,4160
8365,1357,2359,1253,7502,7952
8366,3240,2425,4077,4077,4411
8367,4005,4331,3241,4074,4542
8368,3292,4472,6744,2967,6509
8369,6191,4999,6444,7283,6444
8370,8750,5732,1930,1730,430
8371,9145,2311,8470,4613,5588
8372,5014,4311,5335,5326,6736
8373,6283,6649,5743,5743,5743
8374,4422,4304,5554,5508,5508
8375,4431,8044,4803,2631,4803
8376,5378,6335,6335,6335,6335
8377,4378,3028,4173,1380,1380
8378,8328,4866,4515,5471,5471
8379,6217,2552,8213,8213,8213
8380,4312,2967,4840,5496,4840
8381,3739,3062,2387,2387,2387
8382,2977,6167,8023,8023,8023
8383,3026,3510,5828,5828,5828
8384,2787,6833,3203,2631,3782
8385,4184,976,5657,5657,5657
8386,6476,6274,5644,5644,5644
8387,1007,6786,5678,1621,5678
8388,9158,5064,8764,5586,3676
8389,2311,8363,2126,8470,1405
8390,4165,3391,2801,4250,2801
8391,3065,4569,2838,6770,6770
8392,2926,4542,6466,5312,5312
8393,8930,7501,8286,7544,7544
8394,101,7726,7659,8849,1070
8395,7903,7250,5350,5350,5350
8396,2604,5121,3827,5611,3827
8397,2981,6175,4205,5456,5678
8398,3516,7308,2919,2919,2919
8399,4344,6820,4999,5037,5037
8400,4173,4503,4503,4503,4503
8401,6339,6541,7072,4094,4094
8402,3241,6864,4234,3392,4234
8403,6658,7434,8247,4193,4193
8404,8306,4350,4334,4334,4334
8405,6403,3069,2779,6523,2967
8406,5733,4170,3197,6367,3197
8407,2565,2967,2383,2595,2383
8408,3949,3949,2756,2756,2756
8409,3977,9183,7075,3332,3332
8410,3922,2831,2769,7551,7551
8411,3303,4804,4690,4940,6556
8412,6782,6782,7863,3782,3782
8413,2947,3051,3361,3361,3361
8414,3950,4522,4100,4100,4100
8415,7439,2506,4640,4640,4640
8416,4590,3385,4156,2378,3605
8417,3475,3152,4444,3949,4444
8418,4076,5591,2575,4288,4288
8419,4186,7372,2395,3792,3792
8420,7749,4352,3372,3372,3372
8421,4196,3243,5935,5935,5935
8422,4542,5139,4184,4184,4184
8423,4335,5655,6677,4999,4999
8424,7998,7998,6508,6508,6508
8425,5451,5951,2552,7311,7311
8426,5718,5873,5413,3288,8165
8427,8360,9226,5643,7552,7552
8428,6725,9107,5959,6331,6331
8429,3974,5534,5091,6009,6009
8430,3739,8700,8700,6249,6249
8431,2425,6258,2674,3896,3896
8432,2357,8348,6725,7078,7078
8433,3012,7569,6866,5705,5705
8434,5415,8234,4999,6191,6191
8435,3202,4821,4184,4184,6060
8436,6650,6926,821,4176,4176
8437,7749,7170,3678,8776,8776
8438,9009,8379,8152,3942,3942
8439,7659,7228,4184,4184,7012
8440,7396,7300,8202,6583,7250
8441,3050,2591,8210,8210,8210
8442,9053,3949,1977,1977,1977
8443,6021,7074,6853,6853,6853
8444,4240,2893,2792,2792,3611
8445,5265,5423,5423,5423,6586
8446,8666,1118,3818,3818,3818
8447,3481,3481,4352,5083,5768
8448,4423,3481,4184,3588,3588
8449,2342,4613,3282,2387,2387
8450,5268,8152,8152,5415,5415
8451,7683,3299,2818,3821,3821
8452,2660,7305,2582,3771,3771
8453,2632,3340,2559,4367,4412
8454,4644,3620,3618,6052,6052
8455,3313,3220,2380,2584,2959
8456,3169,1380,6137,6137,6137
8457,3278,3115,4583,3278,3278
8458,5963,8763,2541,2541,2541
8459,2961,1790,4213,4213,4213
8460,3303,2975,8451,6027,8451
8461,4138,1297,8702,8832,8832
8462,3278,2941,2941,3831,3580
8463,3278,2429,3160,4391,4391
8464,5416,5554,7684,7684,7684
8465,3507,2551,6779,6779,6779
8466,2680,6530,8757,8757,8757
8467,4600,6627,6171,3456,3456
8468,4600,2844,4732,4732,4732
8469,3470,2551,5807,4378,4378
8470,4550,3970,3485,3970,3970
8471,5159,4724,8541,6021,4318
8472,2884,4983,4719,4719,4719
8473,6572,6852,1043,4441,4441
8474,7302,7228,5286,7314,5602
8475,8451,5934,7284,6815,6815
8476,7829,8989,4698,2591,8166
8477,2998,1136,9024,9024,5348
8478,4280,9178,7597,7597,7597
8479,4028,3304,2559,2677,2677
8480,7647,3309,5492,3309,3309
8481,4135,4061,2848,4066,4066
8482,4233,3924,4237,4237,4237
8483,3336,3036,2414,3387,3387
8484,2995,3418,6029,6029,6029
8485,3423,2849,3469,4278,4278
8486,2717,2566,2566,2566,3089
8487,2566,2566,2566,2566,4078
8488,2324,7623,2946,7623,7623
8489,2955,3158,3158,3158,2955
8490,2597,3445,4614,6321,4563
8491,2955,4201,4036,3684,3684
8492,4997,6479,7783,2955,2955
8493,6294,6088,3981,3638,3638
8494,3981,4466,2840,4990,4990
8495,332,2123,194,2006,194
8496,2610,3627,4440,4440,4440
8497,7883,3073,5617,5617,4323
8498,8850,7457,7204,3049,3049
8499,6207,5107,4870,4870,4870
8500,4597,6149,6787,6787,6787
8501,4488,4488,8222,6770,6770
8502,3481,4616,3564,4616,4616
8503,5180,2564,6337,7299,8144
8504,2800,2379,4190,4190,4190
8505,4246,2517,4125,4125,2824
8506,2876,5800,6673,5333,5333
8507,4303,3240,3894,4303,3687
8508,3701,2445,2670,3894,2954
8509,2879,3560,3658,4171,2721
8510,2492,2715,4201,4201,4266
8511,3321,3550,3550,3550,3550
8512,6770,5830,2599,6895,5753
8513,2811,2932,3015,8079,8079
8514,2806,3831,4145,3585,4356
8515,1976,6258,5678,5678,5678
8516,3863,4617,3261,4477,4477
8517,3307,2899,2899,2899,2899
8518,4347,4363,4363,2406,2767
8519,4081,3400,3733,2691,2891
8520,2823,3031,7338,2823,2823
8521,4293,3189,4121,4121,4121
8522,4087,7480,3591,9106,9106
8523,3407,8825,2485,6432,6432
8524,3226,3986,3914,4581,3191
8525,5682,3859,7873,4260,7873
8526,5032,7873,2710,6064,2710
8527,8431,6216,5171,6783,6783
8528,3830,7226,8758,8758,5725
8529,3638,518,1774,1774,1774
8530,3431,3128,3552,3128,3128
8531,8317,7098,3674,3674,6672
8532,5186,7457,6385,6385,6385
8533,8032,4550,2592,2592,2592
8534,4045,3687,2645,2645,2645
8535,2402,8824,2438,2438,2438
8536,4576,3885,2653,2653,2653
8537,6403,5439,2445,3277,3277
8538,5290,5827,5227,4712,4712
8539,5214,5395,6934,5295,5295
8540,3867,5866,6671,2712,2712
8541,1850,8347,6347,5794,5794
8542,281,133,985,985,985
8543,5234,2996,5234,5234,5234
8544,5037,6858,5883,5883,5883
8545,2992,2972,3948,3948,3948
8546,4589,2468,2379,4586,4586
8547,3171,3593,3730,4027,4027
8548,3163,4135,4366,4366,4366
8549,3775,7385,8999,7300,4441
8550,4578,2498,4995,4611,4376
8551,4873,3849,3397,3397,3397
8552,4068,8557,3144,4509,4509
8553,4068,4111,4233,4512,4512
8554,8033,2400,2400,2400,2400
8555,4152,2612,3524,3661,4428
8556,3450,3598,3320,3378,3378
8557,2471,3571,2748,2748,2748
8558,3322,3918,7191,3413,2385
8559,4444,2860,2860,2846,3106
8560,8301,4401,7658,4277,4277
8561,2632,4027,2584,3313,3313
8562,4246,3560,4465,3938,3938
8563,2685,3492,2560,4403,4403
8564,6865,4611,3490,2735,2740
8565,3211,4185,4178,4178,4178
8566,4104,4453,3719,6578,6578
8567,5992,4959,6051,6051,6051
8568,2492,8145,2684,2684,2684
8569,2875,4060,4541,3050,3050
8570,2511,4303,4411,4411,4411
8571,3764,3089,3089,3089,3089
8572,3526,4297,4305,2315,4309
8573,4102,4201,4267,2315,2315
8574,4444,8113,4587,4587,8586
8575,3735,4319,2860,2860,3439
8576,3203,6797,3976,3976,3976
8577,4302,3352,467,3551,3551
8578,2545,2835,3735,3735,3735
8579,3937,2318,3479,3980,3980
8580,2380,2790,3618,7607,7607
8581,5861,7488,4247,3335,3335
8582,3411,4224,4366,2773,3019
8583,3040,889,3709,2380,2380
8584,2328,2509,3883,4107,4107
8585,3229,3749,3469,3469,4128
8586,2532,3833,3373,3373,3373
8587,3658,3592,3204,3969,3204
8588,2573,2425,3616,3052,3052
8589,2717,3254,2717,2717,2717
8590,2530,3382,4325,4187,4187
8591,4599,1823,1441,1235,1235
8592,2995,2620,3089,3791,3089
8593,2995,2398,2332,3594,3594
8594,4285,3654,4219,4362,3399
8595,7488,3434,2733,3344,3344
8596,4539,4577,4158,2337,2557
8597,3714,4082,2943,2943,2943
8598,3586,3740,2985,4402,4402
8599,7093,4201,3043,2978,2978
8600,2649,3927,3322,3322,3322
8601,4434,7442,3361,3285,3361
8602,3858,3648,3858,3858,3858
8603,4236,4568,3531,4511,4511
8604,6782,2668,5480,4317,5480
8605,3347,3052,2806,2806,2806
8606,3755,3003,3581,4105,2969
8607,3955,2821,2821,2605,2605
8608,3075,4119,4119,2626,2626
8609,5678,4647,2098,8733,2098
8610,7783,8766,5854,6818,5854
8611,6454,3264,3600,8386,8533
8612,4315,7439,3311,2597,2597
8613,3078,4573,2439,6499,3435
8614,3622,3246,3582,3582,3582
8615,2747,2494,2747,2504,2504
8616,2663,2840,8851,4594,4594
8617,3958,3311,3748,3311,3311
8618,8225,3707,7243,2932,2932
8619,2782,2959,3070,3070,8529
8620,3544,3120,3625,3249,2914
8621,6865,6845,7086,7086,3997
8622,4185,4208,3126,3402,3402
8623,2345,4424,2405,2405,2405
8624,2501,8047,6267,7304,6267
8625,3710,2954,3985,2452,2452
8626,3843,3696,2621,2883,3696
8627,3892,2851,8604,3789,4330
8628,3154,8446,2547,4508,2678
8629,4453,3883,3692,4185,4185
8630,2368,2539,2786,3850,3216
8631,4365,4524,3370,3124,3124
8632,4111,3298,3326,3281,3281
8633,2522,3845,2692,2560,4229
8634,2406,4039,4568,2990,2990
8635,3791,8885,7217,8392,8392
8636,3676,3075,2825,3135,3135
8637,3175,3038,3434,3135,3135
8638,3846,2605,2993,4051,2993
8639,6254,3566,9230,6788,7066
8640,7732,3202,6709,2783,2783
8641,1403,1307,4029,1044,3699
8642,2606,2706,4301,3112,3112
8643,4248,2447,8531,2872,2872
8644,6580,4886,3893,6179,3893
8645,4428,4105,3567,2322,2322
8646,4144,3393,3171,3171,3171
8647,3180,3135,2502,3198,3198
8648,4019,2961,3963,3963,2632
8649,8301,9228,9084,9084,9084
8650,6106,5493,8717,8717,8717
8651,2838,2469,4103,4103,2867
8652,2643,4396,4280,4280,4280
8653,2665,1294,4401,5496,7894
8654,4013,2943,2456,3619,3619
8655,6627,5644,3120,3234,3234
8656,2848,4148,3171,3171,3171
8657,6296,8906,2285,774,163
8658,2485,5588,4489,7016,7980
8659,7680,7680,8538,8538,8538
8660,2471,3429,3563,4410,4410
8661,3298,3093,4314,3335,3335
8662,2784,3021,3281,3002,3002
8663,4441,8602,3260,3260,3111
8664,7053,2401,6234,6234,6234
8665,4244,4139,3887,3887,3887
8666,8225,2896,2373,2896,2896
8667,2624,2431,3907,2431,3907
8668,4111,4107,3563,3122,3122
8669,3186,3926,3854,3854,3854
8670,2837,4527,4049,3249,2817
8671,3864,3265,3054,3883,3883
8672,2720,6131,6064,6064,6064
8673,3856,2656,3971,3755,4206
8674,4707,7282,4114,2845,4962
8675,6570,8297,6631,5538,6631
8676,7487,6234,4709,4709,4709
8677,9131,6234,8745,7806,8895
8678,510,8628,3516,6571,6571
8679,7023,5060,5991,5545,5545
8680,8763,6717,6767,6446,6446
8681,4250,5083,8851,3582,6172
8682,3420,7468,7229,6573,6573
8683,2868,4159,5368,2894,7427
8684,3372,3203,2737,5221,5221
8685,3270,3829,3829,5194,7262
8686,3683,2580,3829,3829,3829
8687,2379,4520,2843,2666,3289
8688,4022,3999,4182,4182,4182
8689,4140,2929,3892,3892,3892
8690,3731,3892,5704,5704,5704
8691,4206,4061,3675,3675,3046
8692,4581,2442,2964,3137,3137
8693,6348,6135,9090,6341,6341
8694,8622,4687,6736,7660,5377
8695,4569,5503,3855,1594,1594
8696,4128,2945,2961,2961,2961
8697,2947,3772,3715,4021,3709
8698,4335,5608,5186,8234,8234
8699,2411,8876,3012,7925,4170
8700,3458,389,2566,3089,3089
8701,4053,7940,5285,5285,8943
8702,3955,6273,4131,9131,9131
8703,4404,3527,2479,4258,4258
8704,4481,8689,3999,3999,3999
8705,3297,2916,4499,5502,6577
8706,945,4247,6499,3435,3435
8707,6106,3051,2527,2527,2381
8708,3686,3426,3615,3615,3615
8709,2974,3985,3175,4265,4265
8710,2379,3135,3704,3704,3239
8711,4365,4185,4185,4358,4358
8712,3619,2528,4146,4181,4181
8713,5202,5202,5566,5566,5566
8714,4147,2962,3205,3571,4526
8715,3849,3955,2848,3462,4580
8716,3608,3999,2515,2515,2515
8717,2951,3892,3345,3398,4260
8718,5097,7839,8635,3781,2837
8719,3973,2689,3654,3654,3654
8720,2561,4098,2327,2343,2343
8721,2876,3538,8919,8282,8282
8722,3362,3335,3769,3769,3769
8723,6964,5462,3860,3860,8699
8724,4337,2669,2669,5697,5697
8725,2918,2431,3265,3883,3265
8726,3581,9134,3857,4609,3864
8727,3786,2775,3723,4578,4070
8728,3562,4183,2319,2618,2618
8729,2795,3161,2534,4164,3963
8730,3981,3881,4351,4351,4327
8731,2918,3903,4182,4182,4182
8732,8592,4099,2568,4551,4551
8733,3291,3854,3926,3723,3723
8734,3216,4286,4182,4182,4182
8735,8772,2420,2377,7741,4662
8736,7741,4215,9045,2818,2473
8737,2989,5573,2463,2463,2463
8738,2969,2969,2563,2563,2563
8739,2759,4264,4159,4159,2821
8740,2568,4376,4526,4526,4526
8741,6372,2822,4077,4077,4077
8742,3912,2604,7457,7457,7457
8743,2919,6839,6077,6883,6883
8744,2406,3671,2944,2944,2944
8745,3308,4106,4515,4515,4515
8746,3177,2578,4403,5355,5355
8747,8291,6247,5795,5795,5795
8748,3311,3311,2576,3311,3311
8749,3982,5034,2821,3513,3513
8750,2535,8963,4419,4419,4419
8751,3772,3407,4169,7826,7826
8752,2457,3606,2475,2475,2584
8753,2837,3573,3589,3589,3589
8754,7644,5269,3539,2969,2969
8755,3789,2646,3452,4068,4068
8756,3338,3059,2934,4156,2934
8757,3914,3895,3088,3088,3088
8758,3088,4573,2982,2982,2982
8759,2570,5764,2431,2904,2431
8760,3327,4589,4324,4148,4148
8761,3906,2813,3704,3988,3988
8762,2441,3831,2633,3121,3121
8763,2698,4058,4061,3527,3527
8764,3923,2606,2561,3999,2561
8765,8482,3360,3786,2418,9234
8766,3850,2664,5910,4566,4566
8767,3718,9170,9139,403,403
8768,3118,3358,2321,3521,3519
8769,8418,4227,4169,7543,4169
8770,8553,5284,3276,3276,3276
8771,6721,3018,3173,4288,4288
8772,4258,4168,3406,2662,2662
8773,2446,3564,3492,3698,3867
8774,3896,8813,3588,3596,3596
8775,4317,2530,7228,3285,3285
8776,2530,2530,7026,7314,7314
8777,2668,6144,6335,6335,6335
8778,2919,7085,3065,2098,9166
8779,4173,5378,8238,8238,6627
8780,4495,7687,6253,6253,6253
8781,4215,8219,4455,4455,4455
8782,2724,6851,1798,8455,1798
8783,3109,6992,7367,6279,6821
8784,3120,2950,2500,2589,2589
8785,4426,2951,4365,4000,4000
8786,2711,6561,2726,3320,2726
8787,3041,6361,2845,6361,6361
8788,2769,4121,2512,4019,4019
8789,2371,3460,8668,4083,4083
8790,3041,3850,2847,2408,2408
8791,5315,4347,3605,3421,3421
8792,3245,2920,4367,4367,4367
8793,7228,7301,6039,8043,6039
8794,6983,4295,3736,3531,3736
8795,9125,8959,4276,8288,8837
8796,8277,5856,6532,6532,7939
8797,3986,7650,9184,5675,9184
8798,7291,7127,2855,3438,2864
8799,7839,2821,2713,2713,2713
8800,8919,2606,2542,8927,6253
8801,3524,3887,3524,2442,4105
8802,3562,2471,4122,4408,2471
8803,3044,4285,4086,4086,4086
8804,3473,3940,4524,3191,3914
8805,3560,3393,4553,4179,2987
8806,2368,3693,3619,4029,4029
8807,1275,2791,3014,4283,4283
8808,3844,2964,2966,3356,3356
8809,4322,4351,4539,4539,4158
8810,2685,3986,2452,2758,2758
8811,7185,3878,3451,3451,3451
8812,3605,2677,4156,4227,4227
8813,2362,3827,2725,3687,3687
8814,3827,2487,2524,2524,2524
8815,2487,2912,4661,4661,4661
8816,5221,5608,6886,4986,4872
8817,2793,6413,8587,8587,8587
8818,7714,8361,8849,8849,8849
8819,2727,3343,8768,3109,3099
8820,2675,3434,4265,3434,3434
8821,3040,6334,2506,3520,2506
8822,2937,6839,5682,8283,8283
8823,3169,7395,7778,7778,7778
8824,7258,8541,9203,7457,9203
8825,9155,3455,8514,8514,8514
8826,2420,8688,8305,7176,7176
8827,4227,3455,2523,5829,8717
8828,4349,3973,5913,5913,7027
8829,6902,5165,5947,5947,5947
8830,2623,2850,3768,3768,2593
8831,5054,6689,5013,5013,5013
8832,7553,2712,6878,6878,6878
8833,4995,1976,4259,2543,6247
8834,7029,631,9085,3642,4063
8835,3399,4690,5996,5053,5996
8836,3397,6743,5610,4258,4258
8837,5917,5484,2732,7652,2732
8838,6288,3614,5371,6603,3808
8839,6406,3269,5700,5700,5700
8840,2326,2375,5724,5724,2888
8841,3482,5174,2331,5502,5988
8842,3808,3860,3700,2369,3295
8843,880,6390,5291,5231,5231
8844,5124,6886,1512,7264,7264
8845,4862,2440,290,290,290
8846,3836,2607,3405,8380,6078
8847,2961,3793,3801,4388,3801
8848,7231,8420,9102,5421,8643
8849,9134,945,1099,1595,1099
8850,3895,5374,2174,6420,6420
8851,3562,3786,3205,3814,3813
8852,3892,3999,2391,2423,2391
8853,2842,3315,3876,3876,3676
8854,6288,5224,6288,8460,8460
8855,4927,6129,6129,6129,6129
8856,3527,4419,4256,4019,4256
8857,3837,2974,4010,2521,4010
8858,2413,4392,4609,1959,1959
8859,2345,3450,2373,3224,2373
8860,4215,4684,3224,4540,4540
8861,6240,6887,4802,6857,6857
8862,3794,2921,7736,7736,7736
8863,3750,8311,101,8122,8122
8864,1241,2841,2951,5386,5386
8865,4364,3938,3223,2982,2982
8866,2528,4215,4564,4564,4265
8867,3408,3543,4543,2432,2432
8868,3014,4000,3527,3527,3527
8869,3709,2626,2581,3119,3626
8870,2689,4006,3924,4148,4148
8871,2904,3702,4224,3850,3850
8872,3315,3002,2711,3938,3938
8873,4384,3701,2653,4227,4227
8874,5921,4164,3618,3618,3618
8875,2480,2535,2676,3434,3330
8876,2335,3826,3207,3676,3109
8877,3597,4609,3783,3131,3131
8878,2900,4204,3732,4119,7325
8879,3343,5270,4885,6410,6410
8880,3395,3323,4258,9057,8689
8881,3661,2419,3269,3214,3269
8882,3515,2558,3162,3345,3345
8883,4679,6592,3892,4830,4830
8884,3779,6843,3565,4182,4182
8885,2518,3646,4250,4590,4590
8886,2701,3200,4443,4126,4126
8887,8559,8674,7880,3406,4401
8888,8941,7807,908,1852,1852
8889,4029,6495,6106,4694,4694
8890,676,8373,1065,2013,2013
8891,3736,3736,2771,2771,2683
8892,6895,8113,7902,6970,6970
8893,2818,2818,8222,9095,9095
8894,2428,2396,4272,4272,4272
8895,3504,4368,4253,4410,4410
8896,2466,2973,4469,4336,4469
8897,2888,2658,4991,6719,6719
8898,5005,4248,4317,976,976
8899,7136,9165,5855,5855,5855
8900,2525,3477,5623,5623,5623
8901,4149,558,6285,4699,4699
8902,6258,7191,2826,2826,2826
8903,4381,8922,3184,3184,6473
8904,2577,4027,4576,5467,5467
8905,3313,2392,5737,6603,6603
8906,5221,7416,2366,8368,2366
8907,2779,3899,2315,3749,3749
8908,3460,4247,2599,3304,3304
8909,4444,8102,4831,7457,3827
8910,8785,3474,8206,8206,8206
8911,3613,3100,7475,8389,8389
8912,3069,4433,2901,3150,2901
8913,4313,3276,7872,4352,8161
8914,5356,6686,4930,3631,4561
8915,3433,8459,8202,8526,4598
8916,4422,8285,7478,8488,8488
8917,5349,7044,6546,6546,6885
8918,6741,6467,5678,5678,3292
8919,5672,7533,4728,5719,4694
8920,3210,3480,2787,3048,3048
8921,2809,6336,3808,3695,4397
8922,4311,6519,3798,3798,3798
8923,7136,1259,2766,1259,916
8924,7755,8119,7755,7783,7783
8925,4106,9158,7300,8166,7300
8926,4525,2511,2867,4160,4160
8927,6299,4710,6471,6838,6086
8928,5955,6948,7287,7916,7916
8929,9185,5003,5674,5913,5913
8930,2684,3080,4296,2808,2808
8931,7142,4546,8086,8086,8086
8932,4458,3747,3158,3158,3158
8933,3175,4181,3437,3437,3437
8934,2403,4351,4300,4300,3038
8935,4351,3988,3712,3712,3712
8936,3634,3200,5992,5992,5992
8937,3697,5895,2865,8952,8952
8938,2694,3690,3139,3139,3139
8939,3277,6029,3278,3278,3537
8940,7125,2901,3551,5520,2553
8941,3968,2865,2360,3278,2360
8942,4535,4535,4239,4239,4239
8943,2473,5368,657,2912,2912
8944,9095,9128,6652,6652,7788
8945,7669,5796,5723,5723,921
8946,4123,5178,3474,3474,3474
8947,4535,6779,7260,7260,7260
8948,8529,3211,7417,7417,7417
8949,7558,5219,8635,8635,8635
8950,8571,8095,8888,7946,7946
8951,3676,7766,2385,8194,5520
8952,3362,2475,4450,4106,4106
8953,3119,3286,3284,4614,4614
8954,6645,3142,7089,7089,7089
8955,8936,1422,6061,3800,6061
8956,6183,4844,3663,3995,3995
8957,4156,6462,8016,6993,6993
8958,7762,1018,1502,896,896
8959,3865,9174,4209,8228,8228
8960,6721,2977,6175,6175,6175
8961,4702,8050,6664,4309,4309
8962,7336,108,3308,3308,3308
8963,2596,3872,2496,3181,4280
8964,2478,7975,2729,3688,3688
8965,2779,3011,4525,3687,3687
8966,8710,4004,5682,5697,5697
8967,5335,4552,6067,2526,4597
8968,6360,7875,9024,6061,6061
8969,4239,3219,9016,8195,8195
8970,2610,8787,6976,6976,6976
8971,6932,2884,7930,3350,3350
8972,3566,6457,7629,4192,7629
8973,2725,4556,4234,3424,3424
8974,4222,2637,3858,3858,8732
8975,6774,6774,2820,6715,6715
8976,2921,7173,8824,9143,9143
8977,8673,7326,8954,8954,8954
8978,4411,4174,4174,4484,4174
8979,3028,3501,4267,4267,4267
8980,2424,3418,4305,3791,4202
8981,926,2154,1898,1898,1898
8982,5456,5928,5928,5928,5928
8983,3209,582,2336,1178,7587
8984,3321,2595,2393,3115,3115
8985,3949,3778,4132,3613,8254
8986,3613,3613,3673,3673,3673
8987,3168,2871,4280,4396,3458
8988,3996,3232,4339,4339,3106
8989,3469,2852,4171,4171,4171
8990,7725,4715,6709,4184,8208
8991,3588,3065,1118,1118,8666
8992,1804,5350,7171,6583,6583
8993,2107,9153,5341,4951,4951
8994,2190,1776,2609,3652,3652
8995,8565,4167,2393,2393,2393
8996,2418,2343,2935,2444,2444
8997,2910,3386,2674,3386,3677
8998,2388,3574,3536,3055,3055
8999,6485,7772,3605,2625,2625
9000,4028,4294,2644,2917,2644
9001,3313,3700,2922,2457,2457
9002,3009,4434,4597,4597,4597
9003,7012,5768,4521,4521,6060
9004,2424,9008,697,697,697
9005,7994,2667,3606,7435,7435
9006,8277,5781,8309,8309,5794
9007,9201,7273,8538,8538,8538
9008,3663,3150,2575,3069,3069
9009,3530,1077,2595,4309,4309
9010,8564,3173,2637,4409,3912
9011,2347,3535,4163,3951,3527
9012,2407,3531,2581,3950,3950
9013,3313,3744,6659,4402,4402
9014,2557,4307,2543,2543,2543
9015,3758,3354,3299,2576,2576
9016,3670,3163,4061,4061,4061
9017,4571,2619,3216,3206,3216
9018,3880,3990,4166,4166,4166
9019,2772,4086,3971,3367,3367
9020,2924,3851,3851,3811,3851
9021,5238,1949,2580,2580,2580
9022,5335,3508,3644,3644,4329
9023,4128,3362,4128,4128,4128
9024,4128,3385,4128,4356,4356
9025,4019,3161,3469,4548,4548
9026,6926,5019,2854,3164,3164
9027,3588,3456,4123,4003,4060
9028,3419,5042,2424,101,8173
9029,3796,2378,2769,4113,2769
9030,4072,3702,2688,4117,2688
9031,4572,7287,5127,8638,5127
9032,4386,3884,4601,2762,2762
9033,4386,351,4089,4089,4089
9034,4017,3022,3022,3492,2344
9035,3605,2939,2662,2662,2662
9036,4238,3499,3996,3702,3480
9037,1852,664,9002,9002,9002
9038,3668,2397,3529,3783,3795
9039,3171,4206,3171,2748,2748
9040,3120,3016,3377,4051,4051
9041,2756,2488,4137,4137,4137
9042,2747,6318,5053,6139,5053
9043,2693,3759,3646,2404,2643
9044,2841,7000,7243,7243,7243
9045,8282,7651,8282,8282,8282
9046,2990,4579,3963,2702,3072
9047,2408,3041,8669,3849,3849
9048,2480,5734,2813,4582,4582
9049,4090,4574,4413,3104,3972
9050,3257,4551,3737,4336,2510
9051,5097,9004,4272,8891,8891
9052,4237,3157,2594,2594,2594
9053,3164,3813,4995,4995,4995
9054,8871,3616,7980,7980,7980
9055,3164,2667,7690,6642,6642
9056,3354,3246,3614,4579,4579
9057,2580,3550,3244,3244,3244
9058,7640,1952,5450,5450,5450
9059,3284,3183,3076,3076,3076
9060,2823,3578,3031,3031,3031
9061,3013,2815,3948,3948,3394
9062,3450,2441,4107,2885,2885
9063,3883,4578,3234,4609,4609
9064,3378,3854,3216,3216,3216
9065,3311,3544,3914,4000,3914
9066,4145,3531,2525,4113,4113
9067,2598,4021,4120,3340,3994
9068,3357,4380,4298,2662,2662
9069,6470,3905,2344,2475,2475
9070,5234,3097,4372,2439,4345
9071,3489,2313,2543,8087,2543
9072,3775,3825,8593,8593,8593
9073,2542,3978,3785,3785,3785
9074,3215,3031,2562,3578,2562
9075,3840,2152,3774,5281,5047
9076,3690,3965,4386,3965,3965
9077,3925,4159,3497,4225,3400
9078,4789,5549,6791,4768,6034
9079,4238,2518,3328,3328,3328
9080,4059,2822,3672,3672,3939
9081,4177,4171,3347,2767,2767
9082,3339,4203,4018,4018,4018
9083,4175,3468,4039,2347,2347
9084,6195,4436,2622,7755,7755
9085,7803,8465,4130,9208,2523
9086,3397,3434,3316,3242,4376
9087,9200,6929,6929,6929,6929
9088,2974,2800,4272,4272,4272
9089,2922,4000,3710,3679,6983
9090,4134,2386,4164,2632,3145
9091,2589,4197,2733,5773,4020
9092,6150,7698,4847,4847,4847
9093,3278,8824,3746,4245,4245
9094,2392,6878,2651,2454,2454
9095,3694,3694,8788,3647,3647
9096,3333,8593,8006,7329,7329
9097,2857,4131,2749,3783,3783
9098,4286,3625,2616,4509,3185
9099,3615,2570,3281,3281,3281
9100,3395,2962,8791,3257,3257
9101,362,3112,4455,3490,3490
9102,5383,3730,7405,3112,3112
9103,2839,8895,2498,2791,2791
9104,3351,2533,8716,5068,5068
9105,3979,8710,6173,5811,5811
9106,3351,7610,7308,7308,7308
9107,4236,2495,2621,2621,2621
9108,4149,1990,2089,8083,8083
9109,3400,3128,5694,5694,5694
9110,2621,2409,3833,4468,4468
9111,3143,3749,2449,3948,4396
9112,4250,2433,3941,8308,8308
9113,2448,2762,3228,3168,3817
9114,2726,4833,6451,5574,4729
9115,3296,3053,3836,3141,3141
9116,4122,3543,2346,2346,2346
9117,3892,4559,2943,3619,2905
9118,3563,3563,2570,4992,3274
9119,2690,8044,3230,3624,3624
9120,3863,268,4517,4517,4517
9121,3092,2984,3427,4126,4126
9122,4165,3850,3951,3951,3951
9123,5534,7332,6404,5062,8275
9124,5322,2683,4377,4559,4559
9125,8391,7876,9120,9120,9120
9126,7173,4893,3034,4267,2757
9127,7480,4478,6482,6482,6482
9128,3224,4140,8105,3096,3096
9129,4314,8379,4377,4377,4377
9130,4694,6681,4225,6453,6453
9131,4148,2782,3234,4539,4539
9132,3864,3671,3341,2727,8768
9133,5580,6673,6048,6048,6048
9134,2875,5070,4674,4674,4674
9135,3811,3407,4361,3031,7504
9136,2562,3851,1259,1259,1259
9137,3525,4298,2433,2433,2433
9138,2501,4479,3338,3430,4155
9139,3483,7884,7442,8251,9036
9140,3356,3356,2966,3356,3356
9141,3356,3356,3826,3356,3356
9142,4787,4055,3369,3006,3006
9143,4121,4203,2747,3965,2361
9144,2776,4017,2612,4293,4419
9145,3406,2392,4558,3492,3492
9146,2566,2998,2725,2998,2998
9147,4071,4298,4346,4346,3472
9148,3829,2725,6180,4248,4248
9149,5049,3363,8225,2659,2659
9150,2970,2448,3616,2601,2601
9151,3460,2881,6080,2964,2652
9152,2795,3795,2701,2701,2701
9153,3151,3233,3867,4019,3889
9154,3411,6243,4089,4089,4089
9155,5151,2321,5171,5171,5171
9156,4863,5671,7760,6581,6581
9157,6782,921,7056,1853,1853
9158,3646,2573,4250,4250,4250
9159,4432,2662,4350,3347,3347
9160,1,1301,814,646,646
9161,4065,2983,3536,2935,2935
9162,7933,7254,4215,7819,4215
9163,2682,3497,3497,4575,4575
9164,1461,8875,5223,3813,3813
9165,4218,2314,3954,3509,8355
9166,2787,3678,6052,6052,6052
9167,3914,4163,2711,4366,4027
9168,4121,2461,2796,2796,2961
9169,6885,6817,2938,3819,2938
9170,7286,7277,7628,7628,7628
9171,339,272,1018,26,155
9172,7286,2354,7136,7136,7136
9173,4486,3003,3205,4612,4612
9174,3451,3511,6287,2628,5611
9175,9177,2816,5013,5013,5013
9176,4355,5529,4700,5319,5319
9177,8976,5643,2214,6024,8431
9178,3194,4783,8717,3039,3039
9179,6003,2395,3425,6211,6211
9180,2524,8456,7775,8964,7041
9181,9228,8402,7597,4806,4806
9182,3514,8194,8334,8334,8334
9183,3527,3056,3928,4367,3056
9184,1298,1412,1538,612,1538
9185,2451,8040,8665,8665,8676
9186,3241,7593,2482,7262,7262
9187,2451,8870,7897,7897,7897
9188,4135,2441,3291,3291,3291
9189,3291,4445,4376,2679,3211
9190,4495,7399,3645,7587,7587
9191,3245,3570,3473,3960,3960
9192,3763,3306,6987,4374,4374
9193,4581,4377,5861,5861,5861
9194,3705,2920,4051,2626,2626
9195,4318,586,6713,6713,2382
9196,4540,4537,2542,8214,8214
9197,4381,2745,4366,4366,4366
9198,3694,2775,4342,2686,2686
9199,2772,3891,3444,2918,3651
9200,4689,5997,2665,2472,2472
9201,4412,6041,3302,2773,2773
9202,5694,3428,2340,3574,3574
9203,3389,4499,3403,4629,4629
9204,3389,3578,2659,4101,2659
9205,3862,4567,3607,3509,8824
9206,3775,3067,3250,4402,3250
9207,3343,3201,2738,2738,2738
9208,4306,2605,4307,4307,4307
9209,7615,4947,5583,7401,7401
9210,7222,7995,4947,4947,4947
9211,8269,7562,4673,4673,4673
9212,3239,3312,3999,3393,2515
9213,2132,3973,2486,3887,4559
9214,2716,3705,2980,2697,2697
9215,6604,6203,5108,5108,5108
9216,4290,2852,4415,2429,2429
9217,8244,6448,2174,2174,2174
9218,6266,4537,4111,3343,4111
9219,5977,5162,5658,5161,5161
9220,2365,5566,6678,7330,7330
9221,2741,2534,3375,4117,4117
9222,3440,3134,3459,3213,4367
9223,8924,1982,7095,7296,4965
9224,3119,3498,2644,3336,2644
9225,3695,3284,3428,2991,2991
9226,4345,7435,8303,4569,4569
9227,1471,1337,1274,1771,1771
9228,8156,4741,3879,3879,3879
9229,8857,2953,2717,1058,1058
9230,2675,3230,2724,3001,6851
9231,4097,2861,3754,3754,3754
9232,4097,4097,3846,3153,3153
9233,3326,4179,4519,4519,4519
9234,3058,2784,3088,4125,4364
9235,3763,2683,2683,2683,2683
9236,2511,2315,2629,2629,2629
9237,3449,9175,2315,2315,2315
9238,3995,2877,7883,7883,7883
9239,7909,5794,4229,8657,8657
9240,6158,6454,5830,5830,5830
9241,4318,6713,6671,3113,8518
9242,3201,3658,3322,3322,8254
9243,3869,2464,2715,2715,7925
9244,4288,3546,3503,7741,4186
9245,516,6180,3139,7820,7820
9246,2758,3134,4460,8155,8155
9247,5819,6632,6765,4819,6765
9248,2677,2615,2924,3165,3165
9249,3941,3616,8673,8673,8673
9250,2566,4479,4500,4028,4028
9251,3431,5855,2659,2659,2659
9252,3920,3669,4035,3187,3187
9253,5958,3355,3989,2331,2331
9254,8846,5788,2608,8621,2608
9255,4171,4203,3687,2362,3687
9256,8846,6309,7194,7822,7194
9257,2625,4997,6938,8241,8241
9258,7639,4078,8491,7227,8491
9259,8248,7443,6996,2311,2311
9260,2805,4076,2907,2907,2907
9261,2907,2907,2907,8417,8417
9262,2907,2907,2565,2565,2565
9263,2723,3464,3144,2778,2778
9264,3642,7153,3245,2957,2957
9265,3252,1173,1297,5257,1297
9266,4442,2421,3492,3492,3500
9267,4133,4404,4133,4364,4364
9268,3088,3437,4029,3315,3315
9269,2322,4413,4617,4413,4413
9270,7975,3884,3518,7338,7338
9271,4438,3559,3408,3408,3408
9272,3211,3601,7111,6551,4679
9273,3045,9015,3157,4272,4272
9274,4043,7493,4324,7493,5336
9275,5158,8828,8291,8131,8131
9276,7551,7252,6865,2813,2813
9277,4520,4564,5333,4260,5800
9278,7573,3630,5503,5503,5503
9279,2530,7228,7314,2530,2530
9280,1430,3933,3722,3722,2916
9281,2461,4557,4372,7543,7543
9282,2458,4421,4230,3813,3813
9283,3605,4590,3432,3432,3432
9284,4453,3335,2745,2745,2745
9285,2811,3283,2748,3919,3422
9286,4453,4455,4114,3323,8106
9287,2540,2901,4791,4791,4791
9288,2445,5357,2815,2815,2815
9289,2506,6983,2787,2787,2787
9290,3156,2968,4405,2845,2845
9291,3834,6058,6058,2845,2845
9292,5619,5619,3801,3801,2930
9293,3540,2527,2663,2452,2452
9294,3509,5829,3229,3582,4044
9295,3286,2607,2461,2461,2461
9296,8517,5798,4603,8447,8447
9297,6063,4323,4440,3456,3456
9298,2969,3892,6328,5766,8455
9299,2778,2681,4235,4235,4235
9300,3241,2436,3476,3476,3152
9301,7529,6767,6232,6232,6232
9302,2948,4353,7807,7807,4296
9303,4095,4218,4617,2917,2917
9304,3043,3430,3492,3140,3140
9305,4351,4351,4166,4181,4181
9306,3850,3222,3131,3625,3326
9307,3003,3335,2745,2763,2763
9308,4139,7634,4104,4104,4104
9309,7072,3579,3045,2728,2728
9310,4621,6603,4150,4178,4178
9311,2432,4348,3450,2441,4509
9312,3864,3864,3315,3327,3315
9313,3779,3883,4189,3680,3907
9314,2792,4485,3941,3941,3941
9315,1724,3458,762,1613,1613
9316,1989,436,2023,2023,2023
9317,3011,4048,2844,3277,3277
9318,2414,4550,7401,7401,7401
9319,2995,2343,5773,2534,2534
9320,4426,3233,3048,4095,3338
9321,2711,3365,4246,2577,2577
9322,7060,4426,2406,2773,4163
9323,6731,5298,5692,3441,3441
9324,5827,4790,5456,5048,5048
9325,8754,5186,5463,6786,6786
9326,3361,7767,3076,3076,3076
9327,2406,3983,4805,5688,3285
9328,3361,3866,4187,2331,2331
9329,2606,2606,3434,3891,3434
9330,3999,2819,2468,2519,4325
9331,2413,3444,3955,3955,3955
9332,4171,2975,4187,4187,3478
9333,4513,4500,2717,2717,4500
9334,1188,1217,1217,1217,1217
9335,4265,4377,2521,2521,2521
9336,3832,9139,4027,4027,4027
9337,2652,4042,3940,2656,4042
9338,4868,5775,5603,6382,5603
9339,5231,7044,8233,8233,8233
9340,4059,5795,2657,3502,5523
9341,4575,3319,2466,3562,2733
9342,3985,3088,2337,3846,3088
9343,3408,4097,4097,3437,3437
9344,5686,6551,6948,6948,6948
9345,3579,3001,3603,3603,3603
9346,6536,7418,2851,2851,2851
9347,8279,7792,7433,3425,3425
9348,8480,8447,7246,5223,5223
9349,4393,3934,3466,3466,3466
9350,4532,3598,3955,3955,3955
9351,3060,2368,4497,2753,3895
9352,3579,7510,3825,3341,3341
9353,4090,1936,3746,3870,2858
9354,3594,2858,3363,3853,2339
9355,4374,3043,3950,3301,3301
9356,4134,2732,2677,2677,2677
9357,8617,7249,1707,3108,3108
9358,270,424,8869,6726,6726
9359,4097,2468,3454,4519,4519
9360,3850,3395,2896,2896,2896
9361,3395,2515,4373,3586,3586
9362,6948,7099,5955,8188,8188
9363,6904,6904,5719,2982,5259
9364,3866,3813,3704,3704,3704
9365,2943,3527,4208,2889,2698
9366,4566,5760,4515,4515,4515
9367,4021,3695,3220,3600,4573
9368,4579,3406,3220,8963,4221
9369,3535,4252,2847,2439,2439
9370,4242,3414,2559,4169,4169
9371,2521,8593,7231,8420,2401
9372,3003,2521,2379,2770,2770
9373,7431,5883,2546,2546,6895
9374,3651,3182,3544,3544,3544
9375,3676,3754,3109,3109,3109
9376,3999,3597,2885,3450,3450
9377,3176,3748,4298,3889,4243
9378,3301,3681,3172,4081,4101
9379,4592,3406,2584,4573,4299
9380,1077,3585,4371,3480,3480
9381,3478,2758,2559,2559,2504
9382,8696,7668,3140,3458,3458
9383,2775,8330,3006,3584,3584
9384,9135,8659,4848,4848,4848
9385,5965,4330,2401,2749,2401
9386,2990,4257,2421,3059,3059
9387,2943,2985,3560,2834,3812
9388,3959,4296,8053,4573,4573
9389,3918,7954,2571,2571,2571
9390,5576,4087,1649,7157,7157
9391,4535,3219,3219,5682,5682
9392,6718,5845,2876,4381,4381
9393,3358,8402,7139,7139,7139
9394,4389,2702,2879,2702,2879
9395,1983,7618,2833,264,7221
9396,6456,5064,5052,8923,8923
9397,5909,3199,3013,5576,3013
9398,5615,7774,3311,7036,7036
9399,5520,4471,4978,2932,3262
9400,4986,2752,5467,8170,8170
9401,3285,3321,3310,2591,2591
9402,3428,5860,4378,4378,4378
9403,5743,4193,6121,2967,2967
9404,4022,2914,3273,4091,3846
9405,3360,2633,3273,4575,3444
9406,3650,4125,3122,4351,3122
9407,2724,2973,2816,2656,3348
9408,6814,5980,5780,5780,5780
9409,2837,2950,3398,3398,3398
9410,3782,4597,7640,6756,6756
9411,859,4531,7019,7705,7323
9412,1680,467,4591,6669,4591
9413,5143,6885,6594,6813,6813
9414,3521,7228,2954,8674,6725
9415,3268,3354,4605,2344,3560
9416,3078,7339,8482,7195,7195
9417,7967,5478,7550,7550,7550
9418,7162,3293,3293,3293,3293
9419,6259,4980,2553,2553,2553
9420,4478,4239,7480,9166,9166
9421,7112,7832,3069,4433,4433
9422,3642,2436,6632,6719,6719
9423,5289,7669,5341,8871,8871
9424,2424,6870,8564,2956,2956
9425,6482,9166,6482,6482,6482
9426,6725,4618,7844,5254,5254
9427,8763,4768,8602,4535,4535
9428,3439,1241,2316,3852,3852
9429,7112,3659,6259,6259,6259
9430,2571,4582,4288,4288,4288
9431,7905,2818,3736,1575,1575
9432,2473,2818,2473,4335,6987
9433,3728,3728,843,4700,560
9434,4444,2875,4383,3105,4383
9435,2942,2323,2323,3528,2323
9436,3152,3152,3105,3105,3105
9437,3232,3384,8319,9092,9092
9438,2696,6259,3355,8404,3355
9439,8334,3100,1669,7126,7126
9440,2738,8772,5500,5601,5500
9441,5791,7680,3949,3949,3449
9442,7211,3115,8373,888,8373
9443,7074,8815,9025,9025,9025
9444,8119,6926,4967,2667,2667
9445,1649,4073,7001,2999,7001
9446,5379,8171,7351,8956,8956
9447,2719,3134,4198,2978,3098
9448,2376,2376,2376,4126,4126
9449,7876,3805,2738,7655,7655
9450,3245,3330,3296,7826,3951
9451,2641,3151,4202,2978,2978
9452,4266,2849,3278,4245,4245
9453,5434,6407,6437,5944,5944
9454,7338,3389,2445,2445,2445
9455,4422,4422,4422,4422,4422
9456,4422,4422,4422,4422,4422
9457,2460,2605,6520,6520,6520
9458,3696,3126,2729,3948,2729
9459,3322,5456,3756,3756,3756
9460,3696,4040,2581,2621,2621
9461,4279,3885,4175,3767,3767
9462,8268,2309,2543,2543,3898
9463,6248,676,2638,2746,2746
9464,4281,2729,3076,2899,3076
9465,2315,2835,3011,3244,3244
9466,3764,3764,3791,3791,3791
9467,7772,2582,6479,3123,3123
9468,5282,6294,8717,6659,2578
9469,2854,6256,5095,5254,5254
9470,2370,3022,3458,3578,3578
9471,2621,4167,2409,2409,2409
9472,5281,4951,2707,2707,2707
9473,2980,3121,3210,2633,3947
9474,4130,3126,2614,2614,7338
9475,3371,3569,4001,4001,4001
9476,4491,2560,3254,2612,2612
9477,2448,2899,2756,3872,2756
9478,2693,4281,3888,4601,4601
9479,3374,1389,4805,4805,6583
9480,5655,5582,4541,3150,3150
9481,3033,4077,8238,8238,8238
9482,6721,5236,5620,5620,5620
9483,2342,2342,6770,3818,3818
9484,976,8923,5873,6175,6175
9485,4080,3739,4614,3739,3631
9486,6360,6391,6391,4868,4868
9487,3203,9025,5093,5093,5093
9488,2775,2313,2976,4354,2976
9489,5988,3569,5043,5043,5043
9490,3345,8850,2685,3595,3595
9491,7118,4334,7750,3166,3166
9492,8319,2946,2946,8210,2946
9493,3105,2919,4333,4333,3918
9494,5473,8616,7831,2416,7831
9495,3245,6733,6985,6985,6985
9496,5140,5956,7071,7071,7071
9497,7689,4353,6499,5671,5671
9498,5322,6424,5671,6424,5671
9499,1267,5109,7229,7305,7029
9500,2379,2491,2689,2689,2689
9501,3754,4301,2784,3408,3408
9502,3370,4029,3781,3781,3781
9503,3480,7929,4141,6848,3303
9504,2333,3963,2804,2804,2804
9505,3620,2815,7455,7455,2915
9506,2394,4206,3434,3951,3907
9507,7587,4311,7803,5019,5019
9508,3812,3411,4029,3480,3480
9509,2572,4250,4253,4253,4253
9510,2995,2687,2544,4101,4101
9511,2572,3718,3363,3363,3400
9512,2993,4055,2600,3579,3579
9513,3765,3608,2593,3765,3016
9514,3765,4586,3016,3765,3408
9515,4066,3444,2500,2500,2500
9516,6821,8393,4553,3937,4553
9517,5047,3553,8170,6872,6872
9518,6003,7565,6514,7269,7269
9519,3364,5760,5849,8989,5315
9520,3407,8488,3481,2831,2831
9521,9116,6767,4398,3901,5843
9522,2913,8013,4799,4799,4799
9523,3292,7001,5678,6282,6282
9524,4184,4219,5494,5961,5494
9525,4171,4103,3048,3191,3191
9526,4165,4170,5156,6221,4752
9527,4534,3142,4128,3118,3696
9528,4270,4270,2944,3853,3853
9529,2883,2692,3442,4160,4160
9530,2193,2580,2488,2488,2488
9531,4201,2462,8683,8683,8683
9532,3696,3952,2779,2540,2540
9533,4280,8673,3687,2387,2387
9534,2487,8491,3288,3288,3288
9535,2954,4007,3683,3023,3023
9536,3567,4884,2419,3388,3388
9537,3038,3109,7036,2347,2347
9538,3883,2419,6490,3907,4512
9539,8997,3354,3527,3245,2625
9540,2535,4729,2439,4197,4197
9541,3954,4741,5768,6850,6850
9542,1599,1051,932,4100,932
9543,4375,8130,7538,7233,7233
9544,4273,2553,5430,2442,5430
9545,6782,6076,5617,7005,7005
9546,6258,8078,6254,6254,6254
9547,891,4423,1409,1409,1409
9548,4862,6586,5281,6702,5817
9549,389,3900,2658,1665,2562
9550,2691,6906,4766,4092,4092
9551,5794,7186,6967,5777,5777
9552,4252,8543,877,1087,801
9553,4334,7234,5411,3726,3726
9554,2998,2672,4502,4502,4502
9555,3155,2668,4031,4031,4031
9556,2701,3658,3347,4421,2670
9557,6608,976,3243,3243,3243
9558,6815,6554,4855,6713,5496
9559,9109,7268,9209,9056,9056
9560,3811,7975,1665,4929,3431
9561,4444,4302,4444,4444,4444
9562,4383,3105,4383,4383,4383
9563,3488,3885,3909,3909,3909
9564,4538,2614,2883,2883,2883
9565,3799,3643,2564,3008,3008
9566,3941,3248,2785,4493,4493
9567,3884,3774,4951,4951,4951
9568,3796,2652,4153,3446,3446
9569,4627,4510,4422,4422,5073
9570,3828,4510,5367,6750,6750
9571,6714,5079,4472,5008,5008
9572,3036,2995,2470,2470,2470
9573,3277,3746,4583,3509,3509
9574,3310,3278,3685,3685,2360
9575,4144,4097,3906,3356,4299
9576,4527,2635,3580,9091,3580
9577,3856,4336,2646,2646,2646
9578,4133,4256,5444,2900,5910
9579,4372,3845,3909,3909,3750
9580,6920,3919,2743,2652,2652
9581,3377,2834,3864,3249,3369
9582,3671,3515,3206,3883,3661
9583,4512,2618,2951,2964,2951
9584,8282,5314,4346,3871,3871
9585,9007,7329,7806,4495,4495
9586,2678,4175,3767,4279,4279
9587,2812,7308,3402,4102,4102
9588,8282,2550,4083,4083,4083
9589,3524,2834,2450,4033,2550
9590,2747,3311,4090,4216,2702
9591,1689,1440,5542,7524,7524
9592,1003,127,714,1730,1730
9593,3839,4491,4563,2376,2523
9594,8295,8295,6332,5512,5512
9595,3549,3642,7597,3549,3549
9596,4147,7931,3876,2345,3876
9597,2864,2857,2765,2765,2765
9598,3434,3785,2930,2930,2413
9599,8378,1311,1311,1311,1311
9600,4361,8492,221,221,221
9601,4533,6038,789,5323,5323
9602,3891,3562,4351,2963,2963
9603,3393,3932,3180,2943,2964
9604,4388,2791,4549,3044,3044
9605,7201,7201,7778,4108,4108
9606,4353,2402,2808,3340,2808
9607,4459,1555,2564,2564,2564
9608,6673,6034,5687,7638,8465
9609,5619,6398,6212,3946,3946
9610,4662,4872,3545,4944,4944
9611,4780,2366,1638,6420,8084
9612,2733,2554,6425,3825,5432
9613,2974,2535,4044,4367,4044
9614,4048,2935,3107,3107,3107
9615,3191,3533,4322,4366,4366
9616,7965,6641,8828,8828,8828
9617,3759,2984,3799,3799,3611
9618,4391,2642,3141,3819,2984
9619,2586,1077,1077,4386,4369
9620,3801,3097,2559,2559,2559
9621,3043,4243,4021,4021,4021
9622,2559,3981,2585,3145,3145
9623,3059,2597,2344,2344,2344
9624,4568,3492,3518,3269,3269
9625,2824,2587,6983,6983,8338
9626,2713,4183,4410,4410,4410
9627,7624,4569,6919,5140,6919
9628,2809,2423,2622,3873,3873
9629,693,3611,2485,801,801
9630,2662,4432,2584,2662,2662
9631,1417,8532,1606,63,7295
9632,3622,3819,1643,19,1643
9633,4415,3394,3839,4525,4525
9634,3960,5006,6451,6451,6451
9635,2656,3434,4451,3369,3891
9636,7563,7834,3216,3892,3892
9637,4233,5492,5988,4551,5988
9638,3763,9139,4137,4137,4137
9639,6604,9038,5768,5768,5768
9640,2395,8832,8614,7965,7472
9641,4260,9015,2886,4068,4068
9642,3637,3705,2400,2400,2400
9643,5217,3647,7600,6054,6054
9644,5405,2853,3395,3395,3785
9645,6791,7638,4526,3054,4247
9646,3180,3273,4166,3562,3370
9647,8319,2324,3217,3217,3217
9648,4478,4195,3807,3807,3807
9649,4565,3069,4909,3684,3684
9650,3654,4495,4112,3390,3390
9651,4577,2563,4095,2990,4343
9652,3705,3362,2837,2736,2736
9653,4425,3432,3134,3447,3447
9654,2632,3888,3983,3677,3983
9655,2504,2501,4232,4232,4232
9656,6812,7166,3534,5981,6494
9657,4606,2786,5317,5317,5317
9658,5983,7676,7676,4848,4848
9659,2414,3469,3423,2595,3870
9660,3011,3136,3518,4162,4162
9661,3322,2343,3469,3423,2873
9662,2551,3366,3026,4440,4440
9663,2744,3679,2514,2607,2607
9664,4559,5896,8328,2476,2476
9665,7875,6611,8833,8086,8086
9666,4628,2797,5489,5489,5489
9667,4005,4550,4550,4550,4550
9668,3816,2701,4462,2702,2702
9669,2996,4115,3750,4530,3200
9670,4164,3938,4501,2922,3245
9671,5469,3159,3678,5151,5151
9672,5229,6698,5945,7412,5945
9673,2370,5093,2703,4394,4394
9674,2534,2621,4439,4396,4174
9675,4616,3477,2342,2342,2342
9676,4616,3105,3477,3477,3477
9677,173,5712,3271,9058,9058
9678,3544,2782,4285,4084,4084
9679,4426,4601,2741,2741,2741
9680,3216,2669,3251,3251,6490
9681,4189,5409,5779,473,6067
9682,6890,2742,3041,6890,6890
9683,3135,4327,3868,3499,4061
9684,4126,4345,6485,6905,4501
9685,4501,2626,3348,3348,3348
9686,9143,3916,2523,3709,3709
9687,3581,2885,4424,3985,4326
9688,6267,5004,3001,4584,6894
9689,3763,2856,3728,3728,2683
9690,3736,6353,7207,6657,6657
9691,4581,3529,3182,3182,3529
9692,3395,2397,4461,3395,3395
9693,3595,4282,6115,2356,2356
9694,3595,3595,3595,3955,5704
9695,6195,6104,4173,4542,5586
9696,3596,419,2695,685,685
9697,4060,7261,2530,2530,2530
9698,5795,3147,3359,3359,3359
9699,0,4768,7887,8167,3313
9700,2202,690,906,9017,3564
9701,4008,4455,7945,435,9005
9702,4103,4455,2346,3275,6394
9703,4052,4566,3444,3444,3444
9704,3891,3964,3680,4182,4182
9705,2351,3125,4164,4563,4563
9706,3175,4392,4342,4342,4342
9707,2518,4412,3721,3721,3721
9708,4975,2312,4676,4676,3262
9709,2867,3286,4363,2361,2361
9710,3502,3133,2618,3919,3919
9711,3170,2972,2561,2441,2441
9712,3496,2627,3121,3897,2627
9713,5882,2328,5014,9105,9105
9714,6421,3946,2903,4337,4607
9715,6908,6003,3222,2669,2669
9716,7292,3522,3522,3045,3045
9717,4495,4107,8877,2510,2510
9718,5144,5859,5046,5046,5046
9719,4356,2448,3176,3381,3176
9720,3469,4548,3401,3258,3258
9721,3611,3176,3492,3594,4120
9722,3633,2415,3951,2791,2791
9723,2502,4564,2499,2499,2499
9724,4367,2683,7162,3306,3306
9725,4232,2499,2792,2792,2792
9726,2865,2443,2865,2865,2865
9727,2787,8458,6072,5372,6079
9728,3043,4241,3899,2532,2532
9729,3688,2722,2525,5723,2525
9730,3285,2525,2643,7089,2643
9731,4264,3966,4177,4177,4177
9732,4224,3434,4363,4363,4413
9733,2599,2677,4199,2882,2415
9734,3917,4227,3495,2674,4323
9735,2965,8976,5595,5595,5595
9736,3915,3254,4513,4371,3376
9737,4541,3073,2566,2566,2832
9738,4296,8319,3012,2868,2316
9739,3934,3069,2507,2507,2507
9740,3778,8547,4319,2716,2716
9741,4383,2315,4395,4395,4395
9742,4458,2901,4201,4201,4201
9743,3053,3068,4985,6151,6151
9744,8000,6216,4960,5198,5198
9745,4009,5737,6800,6800,6800
9746,3853,4065,3682,3682,3682
9747,2679,8919,4258,4602,2904
9748,6034,6972,4753,4146,4753
9749,3292,6533,3026,3643,3643
9750,3285,3204,4533,4434,4434
9751,4460,1222,4344,4344,211
9752,3377,2391,3625,3625,3625
9753,8118,7027,8736,8759,5857
9754,3936,2750,4204,3316,3316
9755,5387,2779,3082,2779,3082
9756,3483,3721,2514,4493,3445
9757,3762,3762,7286,7286,7286
9758,3851,2512,3519,3519,3519
9759,4439,4007,3578,4439,4439
9760,3432,2607,4403,2719,2719
9761,3354,5299,6125,6125,5438
9762,8875,7484,2312,6708,6708
9763,3510,3510,7681,7681,4935
9764,5293,5371,6794,5970,5970
9765,1753,5282,7179,2154,2154
9766,639,2066,1061,9113,1061
9767,4540,3831,3580,2558,3580
9768,4322,2343,4144,4522,4522
9769,3153,3444,3273,3489,3171
9770,2656,4207,4376,3559,3559
9771,4219,2654,2654,2654,2654
9772,3704,3021,3496,2405,3496
9773,3598,2980,3279,2848,2848
9774,3273,2317,3175,4575,2466
9775,3429,3457,3452,3133,3133
9776,3571,8358,7570,7570,7570
9777,8169,2886,4066,7232,7232
9778,7755,8540,7321,8465,8465
9779,1430,1430,3270,3270,9072
9780,8364,8677,8367,8367,8367
9781,8792,7224,4437,7021,7021
9782,4444,3636,4383,4383,4383
9783,4141,5958,5682,5682,4595
9784,4416,3485,4550,2545,3017
9785,3201,2840,6733,6905,6905
9786,2495,6286,5543,5543,1040
9787,3427,5083,3098,2344,2769
9788,2395,3232,4447,4447,4447
9789,2566,5726,8210,7894,7894
9790,3701,3585,3585,3585,3585
9791,3707,3887,3388,4516,8668
9792,3694,3838,4516,3887,3887
9793,3996,3825,2856,2856,4463
9794,124,681,681,869,869
9795,6340,5408,5214,5214,5214
9796,4283,4412,8688,5434,8862
9797,2349,2572,2458,4360,4360
9798,2250,1442,124,1560,1560
9799,1486,1774,518,3884,518
9800,1055,7709,536,536,536
9801,8204,1177,382,1177,1177
9802,7709,459,247,836,4507
9803,3400,3733,3508,3400,3400
9804,3022,2398,2526,2526,2398
9805,4297,2673,8612,8612,8831
9806,2383,3062,3025,3033,3033
9807,8092,4053,8016,7683,7876
9808,3174,3701,3106,3174,3174
9809,3381,4023,4435,4435,4435
9810,4308,4265,3709,3296,3134
9811,8552,3577,6470,2723,2723
9812,2959,3580,2588,3723,4578
9813,3422,4307,3603,4125,4125
9814,2650,2885,4052,4052,4052
9815,2523,3178,4168,2804,4168
9816,3611,3958,2493,3496,3496
9817,3440,2589,5861,3182,3182
9818,3431,1259,4394,4447,4394
9819,5740,8688,6920,6920,6920
9820,3759,1480,2938,2938,2938
9821,7376,5139,6278,4538,8075
9822,2797,5733,6335,4416,5077
9823,2553,6914,6053,6053,6053
9824,2877,2877,2877,2877,2877
9825,2877,2877,2877,2877,2877
9826,3106,3484,4277,4277,3340
9827,2499,3168,7997,3954,3953
9828,2336,444,917,917,917
9829,3189,4292,4250,4250,3483
9830,4372,2624,4607,2789,6515
9831,3444,3931,4520,4520,4520
9832,2675,3414,2442,3397,3397
9833,6000,5856,5039,2703,839
9834,3508,3508,2701,3328,3328
9835,2455,4017,4017,3403,4017
9836,5354,3136,2528,3186,3186
9837,3206,3046,4135,3661,3661
9838,2870,4111,2706,3216,3216
9839,3649,4604,3715,4608,4608
9840,5245,3431,3806,3774,3774
9841,3851,3022,2206,2206,2206
9842,4139,3273,2563,2563,2563
9843,2969,2781,2969,2969,2969
9844,3001,4208,2947,2605,2605
9845,3977,9120,4768,3332,4768
9846,7133,3778,7750,2590,2590
9847,7649,7136,8473,8473,8473
9848,2367,2367,3886,4502,4502
9849,4369,3791,3764,3764,3764
9850,3394,2867,4160,2815,3394
9851,2795,4369,2693,3888,3888
9852,4386,4151,2501,3386,2314
9853,3347,2701,3965,4462,4462
9854,3868,3274,6361,4889,4131
9855,3972,2452,2685,2807,2807
9856,2862,6890,6890,6890,2732
9857,5054,2845,2881,3274,3274
9858,6253,6312,4058,2736,2736
9859,8997,4206,3364,6034,4611
9860,4604,3305,387,4570,1946
9861,3423,3238,2572,2398,2398
9862,2478,3530,2659,2659,4558
9863,4245,3643,4462,3008,3008
9864,3643,4583,4583,3322,3322
9865,4245,2849,3469,4072,4072
9866,7911,1318,7142,9203,6260
9867,3466,7606,2768,3227,3227
9868,2340,2340,4136,4195,4195
9869,3074,389,2538,4199,4199
9870,5382,9045,4259,8599,8599
9871,3676,3234,4577,3019,3019
9872,3878,6404,5406,5406,5406
9873,7323,7221,7323,7323,7323
9874,3688,4955,7519,5625,5625
9875,3585,3262,2673,4493,4491
9876,4450,7540,6504,6504,945
9877,4276,3134,3772,3646,3646
9878,4024,3255,4650,3119,4650
9879,3974,3564,4312,3282,2387
9880,7298,7265,5553,6837,8409
9881,2785,3483,4126,2734,2734
9882,4557,3666,2355,9115,9115
9883,3363,3799,2438,3143,3143
9884,4541,6077,3613,3346,3346
9885,4476,2645,3665,3665,3665
9886,2925,4302,3613,2402,2402
9887,3503,3736,8152,8152,8152
9888,8152,4137,3624,3624,2684
9889,8552,7735,4563,3529,3963
9890,4617,2495,2495,4250,2495
9891,2404,2435,3248,4048,4048
9892,8824,9210,3852,3852,3852
9893,2667,8990,3966,3966,3983
9894,7613,660,1739,5124,8990
9895,6621,3113,8875,1506,1506
9896,4193,5083,3979,3739,3481
9897,6254,8936,2668,2668,2668
9898,4518,2672,4031,4031,4031
9899,3063,772,1415,7228,7228
9900,2414,3672,4249,3501,3501
9901,3244,2614,3672,3672,3244
9902,6027,8477,8477,8451,8451
9903,3424,4739,5140,1337,1337
9904,3672,8583,8142,8142,8142
9905,4010,3661,2765,3686,2568
9906,3003,3562,4351,4351,4351
9907,3731,3175,3122,2929,2929
9908,4405,4484,3480,4371,2849
9909,4576,4028,3816,4229,4229
9910,2922,9142,9223,8846,8846
9911,4318,6510,4186,8202,3428
9912,3570,5682,4690,4690,5604
9913,7922,6763,7883,8294,8294
9914,9018,4091,6586,5974,6586
9915,4107,4461,2517,8731,8731
9916,5951,5794,5438,8161,3631
9917,3820,4067,4491,3287,3287
9918,3287,2461,3683,3683,3683
9919,3023,3254,4250,2692,2692
9920,4270,2518,3260,3260,3831
9921,4072,3253,3067,3094,3067
9922,3209,2456,3560,3812,3560
9923,5971,5856,5400,5661,5407
9924,3181,3389,3721,2518,2578
9925,3297,3389,3128,2296,8832
9926,1968,1057,1110,1057,1057
9927,3284,3795,3795,3795,3795
9928,4018,2387,4171,4229,4229
9929,1275,2859,3956,2738,2738
9930,3684,2856,3728,3728,3728
9931,8999,3987,2771,3732,3732
9932,3761,4023,3301,2534,2534
9933,4292,8300,7060,3837,3837
9934,7636,7378,8166,5608,5608
9935,2398,4848,3683,3683,3683
9936,2518,5819,678,916,678
9937,6337,5804,4335,4335,4335
9938,2373,2373,2736,3563,3563
9939,3054,3395,5566,7685,4377
9940,3057,4365,3892,3892,3892
9941,3562,4366,3408,3408,3408
9942,4270,2754,2654,2654,2654
9943,3773,3533,4306,4181,4539
9944,4237,4551,4786,9083,4786
9945,4270,2444,4270,4270,4270
9946,2689,3724,2568,2568,2568
9947,8890,8887,6608,6608,6608
9948,8813,6964,2446,6181,3860
9949,5135,5739,9131,4943,4925
9950,4704,8123,4016,7193,7193
9951,65,1978,755,65,65
9952,7912,7617,4353,7146,7146
9953,3867,3000,4042,4042,4042
9954,4967,5707,2913,8892,1594
9955,3549,2378,3549,3549,3549
9956,7418,3961,2886,7916,7916
9957,4581,8948,5955,4146,4146
9958,5382,4804,4461,3054,8646
9959,3653,3976,6354,6354,6354
9960,3321,3418,3352,3352,3352
9961,3685,3105,3277,3277,3277
9962,3273,2337,3868,3533,3533
9963,2825,3295,5861,2800,3940
9964,3273,4586,4148,3615,3615
9965,4112,7876,7918,7918,7918
9966,4299,4026,4799,2582,2582
9967,2968,3562,3135,3891,3891
9968,7634,3580,3654,2848,3654
9969,3847,3071,7664,7664,7664
9970,4166,3745,8225,3195,3195
9971,3636,4484,4484,3674,3232
9972,7071,4268,5098,5098,5098
9973,1649,3747,2714,2714,2714
9974,4841,3268,4593,1216,3229
9975,2694,3749,3749,3749,2315
9976,2591,4356,3201,3201,3201
9977,4471,2322,4056,3883,4107
9978,4223,3785,3625,3391,3785
9979,3320,3003,2328,2960,2328
9980,2993,3524,2980,2319,2319
9981,3880,3524,3533,3533,3533
9982,3524,3527,3334,3702,3702
9983,3320,3978,3186,3724,2528
9984,2976,3783,2430,3038,3038
9985,3131,2432,2813,2710,2813
9986,8581,9119,6704,6196,6196
9987,4160,5723,2277,2277,831
9988,8734,9155,4400,4400,4400
9989,2725,4031,4556,4556,4556
9990,3423,4082,4034,4567,4567
9991,9038,3471,2453,2597,4339
9992,3469,4405,4381,3258,4381
9993,4458,2549,2757,4447,4447
9994,3614,8883,5707,3917,3917
9995,7657,3950,2651,2651,3181
9996,4466,3259,2529,3175,3175
9997,5730,5162,5443,5297,4863
9998,2662,4012,3787,3362,3362
9999,2990,2990,4305,4059,4059
10000,9045,5709,1417,3421,6921
10001,4492,4492,8592,8592,8592
10002,4492,3070,3496,4549,3682
10003,4492,4399,3006,341,341
10004,3566,6457,6360,6360,6360
10005,5342,3803,4472,8202,8202
10006,3566,3815,6632,7164,7164
10007,3115,2592,3858,3423,3423
10008,6926,6846,6275,8213,8213
10009,2424,3921,8754,8306,8306
10010,2605,3319,3775,3775,3775
10011,8191,8573,7300,9192,7300
10012,5125,6880,5798,5798,5798
10013,1695,3139,7184,8275,8275
10014,5757,6907,6907,6907,6907
10015,3935,7130,6881,6881,6881
10016,2487,3821,3743,3949,3949
10017,3241,4447,3100,3100,3100
10018,8374,8879,8706,8809,8706
10019,2997,4136,5186,5186,3050
10020,6229,5637,8317,4670,8317
10021,5640,7135,4339,7521,7521
10022,8131,2628,2622,6662,6662
10023,4577,4259,3990,2904,2904
10024,6865,9038,5264,7459,8925
10025,3839,7551,4353,4353,4353
10026,5654,614,614,614,614
10027,8381,7789,4916,7895,7895
10028,6203,2411,4729,2910,4402
10029,3521,8829,2822,3521,3521
10030,3986,7720,2822,3521,2822
10031,4161,9025,6709,6191,6191
10032,3848,3083,8632,51,51
10033,4742,4742,6875,6875,6875
10034,4411,4102,3934,3624,3624
10035,3780,3664,2672,2672,2672
10036,2478,3791,4525,3687,2503
10037,2701,2514,4349,4349,4349
10038,2670,2514,2670,3258,3894
10039,2692,3672,3941,4398,2607
10040,3579,4111,4111,3647,4111
10041,4428,3070,3786,4527,4052
10042,3883,4185,6048,6241,3883
10043,4413,2734,4370,3432,4555
10044,4095,372,2921,8392,8392
10045,4218,3657,2785,2785,4187
10046,2910,4669,3806,5170,5170
10047,4059,3146,2490,2490,3097
10048,2501,3254,8649,8649,8649
10049,8626,5683,3372,7308,8716
10050,4866,4030,6074,4851,5444
10051,2326,2331,4254,8837,8837
10052,3055,3154,2498,2498,2498
10053,3462,3903,3154,3783,3783
10054,2561,3853,2688,4270,4270
10055,2355,8974,9229,7842,7842
10056,3857,8768,4131,3671,3186
10057,7287,3234,4354,2500,2500
10058,7913,3513,2447,7483,7483
10059,4248,8638,2278,1136,1136
10060,4841,6509,2797,2797,2797
10061,4598,3191,4349,3853,4349
10062,2767,3831,3081,3081,3081
10063,2934,3191,2990,2990,2990
10064,3375,2891,2891,2891,7248
10065,3425,2598,3837,4473,4247
10066,3431,3363,2734,3432,3432
10067,4274,3888,4470,4470,4442
10068,3787,6004,6004,1458,1458
10069,2867,3899,4018,3572,4350
10070,2159,3787,7838,7838,7192
10071,2485,3690,2642,3176,2603
10072,4074,4398,7211,9078,9078
10073,4978,4537,4426,4426,4426
10074,3638,4617,4360,3638,3638
10075,3518,3296,2523,4145,4145
10076,4674,4942,3638,3638,3638
10077,6960,2868,8640,8640,8640
10078,8451,8444,8588,3905,3905
10079,7161,767,2257,1313,1313
10080,7498,7624,6332,7688,7688
10081,4540,4517,4452,4517,4517
10082,3812,3335,3712,4492,4492
10083,3157,7232,7745,7377,7377
10084,6299,4054,6299,6179,6179
10085,3633,4490,3290,2972,2972
10086,3978,3434,2500,7896,7896
10087,3522,3154,3584,3584,3584
10088,3928,2659,4164,2813,2836
10089,2361,2891,2420,3845,2420
10090,2677,3098,3286,3061,3061
10091,4073,1017,720,858,858
10092,7396,3577,4650,6546,6546
10093,48,1218,4101,4101,4101
10094,3968,2631,7775,727,727
10095,1441,1730,1116,307,307
10096,4222,3528,2725,3152,2725
10097,2759,4279,2391,4380,4380
10098,3860,2555,5760,3167,3167
10099,2455,3181,2823,4436,8492
10100,4504,4050,6374,2895,2895
10101,4338,3715,5757,5948,5948
10102,4559,2569,3626,3626,3626
10103,2974,2908,3594,2512,3605
10104,7755,4397,7832,7883,7883
10105,3698,2796,2685,4256,2769
10106,5006,3129,4949,4949,4949
10107,2624,1638,4564,3122,4564
10108,8336,7730,8291,3212,7860
10109,3939,3939,4447,3255,2777
10110,4126,4095,2522,2878,2878
10111,4145,8817,3455,3819,8310
10112,4370,3432,2926,3381,2659
10113,3432,4413,4522,3191,3191
10114,3089,3442,3909,3347,3347
10115,888,7732,2577,6373,2577
10116,3971,4052,3462,3144,3522
10117,4083,3864,4127,7175,3825
10118,3246,8054,3246,4067,3246
10119,8653,8653,8022,4653,4653
10120,2445,7691,276,276,276
10121,3913,3626,3913,2520,2520
10122,4093,3294,2935,2935,2935
10123,4604,4079,2478,2478,2478
10124,4130,4546,7300,2957,7300
10125,3760,2338,2969,2969,2969
10126,2343,3501,4072,4245,3501
10127,3320,2351,3000,3000,3000
10128,5566,2574,9131,3825,2988
10129,4615,4311,3950,3950,4250
10130,3470,6801,5434,5944,5434
10131,4273,4957,3644,4957,4957
10132,2680,3727,2716,6649,2716
10133,4201,2549,4383,4383,4383
10134,2892,3934,4502,4502,3927
10135,2487,3852,3439,2684,2684
10136,3142,4090,3200,3200,3200
10137,2852,4391,3953,4421,4421
10138,4290,3034,983,3034,3034
10139,4171,2673,3347,3795,3795
10140,2702,3311,3357,3357,3357
10141,4323,5675,2705,8376,3313
10142,8106,8106,7513,6041,3364
10143,3362,2711,3698,3338,3048
10144,3317,7084,3928,2722,3928
10145,3603,4609,4612,2781,3084
10146,3666,2736,3527,4027,4027
10147,3273,2952,3517,3517,3517
10148,4587,3407,7684,7164,4941
10149,8617,3968,6922,6922,6922
10150,2712,7760,2329,2329,2329
10151,2206,678,2455,2455,2455
10152,2398,6637,3578,2869,2869
10153,681,2206,2206,1774,1774
10154,7994,3113,4999,3379,4999
10155,7474,8892,9155,9155,9155
10156,4596,9122,2797,1564,6864
10157,3799,4493,3030,2729,3030
10158,7284,6936,7738,8440,8440
10159,4035,3228,3394,2352,2352
10160,2618,3868,4461,2751,2751
10161,3581,3543,3393,2765,3206
10162,3662,4258,3875,3875,3875
10163,2868,3177,4248,5221,4248
10164,6719,7434,6672,5121,5121
10165,5182,5619,8634,8894,8894
10166,4190,2841,8250,2496,5135
10167,6162,4546,6504,4546,4546
10168,2350,2966,3163,2397,2397
10169,3167,3718,8202,2916,2939
10170,3328,5088,5657,5293,7248
10171,9220,5832,8936,5283,6165
10172,3746,4048,2942,3322,2942
10173,4160,4160,2715,2715,2883
10174,6720,5555,5068,8499,8499
10175,2608,4141,7263,9137,5528
10176,3878,5406,4398,4752,4542
10177,4519,41,3975,4040,5094
10178,8516,7258,5992,3410,3410
10179,3149,3949,3949,3949,3949
10180,3410,8206,5470,5470,5470
10181,3174,3585,3106,3585,3585
10182,2525,4235,4411,2894,2894
10183,2739,2934,3357,3357,3357
10184,3303,3300,3303,3303,3303
10185,3406,2522,4498,2575,2769
10186,6953,8501,9127,3743,3738
10187,5204,5475,5475,6794,6794
10188,3491,4068,4944,4640,4640
10189,2845,5043,5330,6762,6762
10190,3700,3520,2316,2402,2402
10191,4988,8594,7827,7827,8340
10192,4841,3177,5585,5585,5585
10193,7655,5760,1241,4546,4546
10194,8661,5092,8334,4136,4136
10195,4541,4541,5186,5974,5974
10196,2858,2858,2614,2614,2614
10197,4538,3746,4160,2393,4355
10198,3423,3036,4034,4034,4034
10199,3808,6336,9021,3860,3860
10200,5432,3397,4247,3656,3656
10201,2771,2683,7251,7162,7162
10202,6959,7655,3776,3776,3918
10203,1118,2604,4556,6523,6523
10204,4988,5907,4143,4143,4143
10205,896,1746,1712,7817,7817
10206,2797,8018,7803,3962,3962
10207,462,2783,3456,631,8984
10208,3284,2620,3284,2522,3845
10209,2499,3301,3646,3228,2643
10210,3483,4090,3200,3176,3176
10211,3833,2514,4468,4468,4468
10212,3268,2815,3268,3284,3284
10213,4218,2607,4218,2596,2596
10214,3444,4166,3906,2675,2675
10215,3751,2423,6865,4563,5246
10216,3016,3341,2646,3006,4068
10217,2884,5568,5139,5139,5139
10218,2884,6487,6487,7740,7740
10219,6873,5293,6049,8199,8199
10220,5963,7723,5524,5642,5524
10221,2761,7435,2591,3942,3942
10222,462,5292,8465,760,760
10223,4318,3792,9179,9179,9179
10224,5644,6124,5925,4123,4123
10225,2329,4137,7395,5726,5726
10226,2490,8901,8371,8781,8781
10227,7064,4343,7797,8847,7863
10228,2625,4403,2931,2931,2931
10229,4542,2826,5758,5758,5758
10230,6348,8316,8703,8402,8402
10231,8103,8315,8459,8459,8459
10232,5415,4003,4310,4423,2331
10233,3978,4944,8272,3212,7952
10234,3116,8814,3841,3841,3841
10235,3369,2394,3844,3844,3844
10236,4084,3239,3597,2710,3597
10237,3670,4595,3497,3404,3497
10238,2694,5929,3205,7134,7134
10239,3257,4130,2522,3240,2384
10240,4416,6100,6171,5991,6171
10241,2846,6959,4450,2395,2395
10242,8634,8113,8885,8930,8930
10243,6372,5232,2611,2611,3243
10244,3659,4542,3659,3659,3659
10245,3013,2105,5083,3481,3481
10246,3865,7930,8435,3717,3663
10247,3016,4559,3670,3914,3914
10248,3775,2174,2733,8593,7000
10249,6436,3078,4992,5921,5921
10250,2538,3369,2528,3180,4526
10251,3163,6647,4611,4853,4853
10252,2900,3488,2864,2733,4932
10253,6244,5864,7369,8761,6650
10254,3742,4489,4489,5452,5452
10255,5554,6710,5268,5268,5268
10256,3136,3163,4539,2905,2905
10257,3395,2746,6978,6978,6978
10258,3320,6266,2787,7552,7552
10259,6636,4996,4673,6546,6546
10260,2779,3278,4758,2388,2098
10261,2721,5845,5845,4944,3118
10262,6066,7773,6447,5459,8483
10263,3800,7623,3952,3374,6893
10264,7125,3308,3554,8749,3554
10265,4388,3605,2741,2990,3760
10266,2652,3048,4152,3286,3286
10267,2366,3789,2405,2405,2405
10268,3306,4494,3213,3213,3213
10269,2617,4288,2738,3805,3805
10270,3306,8517,3810,3810,3810
10271,3537,4395,4160,3115,3115
10272,4297,3200,4201,4395,4395
10273,7954,4201,3487,4239,4239
10274,3299,3340,3989,3989,3989
10275,4076,4076,3743,3743,3743
10276,8954,8210,7597,7597,7597
10277,6908,3854,3854,3854,3854
10278,3434,3356,5773,3274,3274
10279,3868,2570,2379,2379,3274
10280,2996,4522,2534,2741,2741
10281,3220,3839,4377,4377,4250
10282,3301,2514,4601,3161,3161
10283,4349,3950,3480,2750,2750
10284,3960,3356,3938,3938,3938
10285,3120,2659,2990,4084,3027
10286,2382,4017,2494,4479,2494
10287,3998,4369,4411,4411,4411
10288,3498,3683,4151,3287,2494
10289,2759,3443,3434,3273,3434
10290,3680,4615,2960,2960,2318
10291,3319,2960,2960,2626,2626
10292,8279,6449,3677,7388,7388
10293,8724,7738,8724,8724,8724
10294,8383,3324,7614,4345,4345
10295,3795,7896,5965,2930,3645
10296,4679,5604,5382,4008,3398
10297,3027,2521,3045,3045,3045
10298,4477,2437,2437,2437,4617
10299,3370,3175,3088,2468,2468
10300,3518,3518,3400,3400,3400
10301,4289,4208,4285,2866,4285
10302,4259,3812,2834,2834,2834
10303,2558,2985,4259,4259,4259
10304,2431,3779,3356,4179,2791
10305,2394,2790,5861,7488,2363
10306,3790,4943,8796,3026,3026
10307,2686,4602,3650,3650,3650
10308,4225,2679,3686,3434,2391
10309,4175,2825,3249,2733,2557
10310,2969,2817,2821,2821,2821
10311,2963,3745,2889,2963,2963
10312,3396,2436,3147,5981,3131
10313,2993,3844,3844,2824,2824
10314,2413,3497,2405,3429,3429
10315,2976,3175,3239,3923,3923
10316,2510,4272,3534,3534,3534
10317,4508,3388,3448,3773,3773
10318,3125,4508,2337,4148,4148
10319,3402,3087,5411,5411,5411
10320,2696,4967,3083,4689,4689
10321,3798,2514,3189,3189,4014
10322,4614,4114,2653,2653,2653
10323,1297,2574,3306,3758,3758
10324,3849,2499,3827,3827,3827
10325,2963,4285,2950,2950,2950
10326,2963,3691,2964,2963,2964
10327,4289,3524,3781,2963,3868
10328,3737,7730,7399,7399,7399
10329,7330,3955,3676,4306,4306
10330,4119,6393,3281,2748,2748
10331,3826,4589,2515,3999,3999
10332,3745,3745,2569,2569,2569
10333,2444,3702,2652,3781,3781
10334,2623,2368,4056,4322,4322
10335,2848,2471,3571,3662,3662
10336,3651,3497,3936,3936,3936
10337,8755,7198,5599,5627,5627
10338,3106,3013,4411,3106,4411
10339,6006,3005,224,5098,5098
10340,3799,4245,3643,2660,4167
10341,3402,2361,2757,2757,2757
10342,3870,2858,2315,2315,2315
10343,3799,4209,3791,3366,2729
10344,2947,2477,6874,7080,7080
10345,4567,4106,2445,2445,2445
10346,3416,3416,5237,8251,5237
10347,5514,5514,8340,8340,8340
10348,5734,5120,6723,6723,6723
10349,2808,3852,3852,3852,3852
10350,3943,3807,4458,4458,4458
10351,2628,2628,2427,2427,2427
10352,4113,4419,2769,2769,2769
10353,4280,2792,2681,2681,2923
10354,2586,3690,663,663,663
10355,3554,3184,5921,5726,5726
10356,3233,7880,2723,3657,3657
10357,3833,3982,2449,2449,2449
10358,3851,4293,2677,3605,2677
10359,2899,2534,4555,2948,2734
10360,4400,6719,6850,4003,4003
10361,4115,3731,5939,6106,6106
10362,3855,6426,6650,6650,6650
10363,6858,5096,5096,9058,9058
10364,4559,4055,4231,2692,2692
10365,2729,3894,3690,3690,2573
10366,3607,2390,7401,7401,7401
10367,3506,4139,4049,4575,4575
10368,5800,2850,3595,5467,5467
10369,4300,4300,3903,4526,4526
10370,3997,4247,2589,3335,2602
10371,4424,3454,3691,3940,2606
10372,3931,4122,2987,3443,3443
10373,8466,4653,8963,8963,8963
10374,2502,4163,2996,2996,4372
10375,2523,3213,4574,4574,4574
10376,4297,3749,4188,4188,4188
10377,2532,3643,2532,2581,2581
10378,4014,4484,4289,4289,4289
10379,3253,4083,3417,2593,2837
10380,4051,2816,4452,4452,4452
10381,2517,4208,6015,2518,2926
10382,7435,4568,4218,3357,3357
10383,4028,3967,3816,4473,2990
10384,3262,4965,7229,8764,3738
10385,2822,2975,3263,2912,3841
10386,3593,2978,2704,2704,2704
10387,4218,4298,3427,4227,4227
10388,4396,3969,3764,3764,3764
10389,2766,7993,6854,8177,8177
10390,2878,3304,8224,5717,5717
10391,3439,2390,2390,2390,2390
10392,2874,3080,3652,2390,3652
10393,2738,2846,9208,4478,4478
10394,3717,2946,8806,8016,8016
10395,4371,2503,3150,3150,2729
10396,3172,2469,3818,3818,3818
10397,2892,2435,4333,3624,3624
10398,3252,2895,7750,7750,7750
10399,4201,3807,2435,3624,3624
10400,2671,4633,435,4452,4452
10401,7375,8420,8129,8797,8797
10402,2459,7945,3109,8282,8282
10403,6482,3384,2387,2387,2387
10404,4447,2504,3439,3439,3439
10405,3258,3665,3476,3852,4447
10406,3673,3747,3747,3546,3546
10407,4067,2894,2806,2806,4240
10408,3191,2883,2883,3244,2883
10409,4120,4120,3236,4000,2934
10410,8590,2898,4582,2475,3376
10411,2804,3839,3772,3772,3772
10412,5831,5764,2733,2733,2733
10413,4006,4512,2842,3057,3057
10414,3729,3608,3390,3923,3923
10415,4555,4177,3585,3585,3052
10416,2806,4067,4067,3048,3048
10417,3818,2655,3158,4405,2343
10418,4787,2753,3395,3395,3395
10419,2842,3281,4466,4466,4466
10420,2817,4495,2444,4135,4135
10421,4165,3168,4177,4177,2672
10422,3626,3442,3442,3894,3894
10423,4068,6377,6832,5232,5232
10424,7571,5699,7862,8906,8906
10425,4128,2874,7571,2909,2653
10426,4500,7396,4261,2408,4261
10427,3812,2735,4597,4597,4597
10428,2561,2561,3067,3067,3067
10429,2529,3812,3932,3107,3107
10430,3234,3234,2713,2713,2713
10431,3144,3320,4051,3029,3003
10432,3388,3230,3913,4104,3913
10433,4113,3525,2361,2361,2361
10434,4263,4615,2718,2598,2632
10435,3916,2382,8366,7435,8417
10436,4272,3345,3990,3990,3990
10437,4214,2715,3467,8735,8735
10438,2778,3040,4141,3606,4141
10439,8050,8935,8935,6962,6962
10440,4401,3848,6428,6428,2416
10441,3815,2996,3243,4004,6181
10442,8018,5135,6972,5132,5130
10443,3541,7569,4170,3950,3950
10444,4662,2491,8422,4908,4908
10445,817,8465,2768,2768,3069
10446,3678,2381,5135,5705,5705
10447,8085,4584,945,7958,7958
10448,8732,3858,4160,4583,3278
10449,5410,2478,6749,6979,6873
10450,3387,3278,4371,3685,4371
10451,4177,4218,2729,2871,2729
10452,4538,3155,4014,2514,2514
10453,3385,2677,2704,4293,2704
10454,3811,7343,8384,8384,8384
10455,2382,4017,3022,3215,3215
10456,3552,3403,3254,3215,3215
10457,2880,4117,4477,2544,2544
10458,3818,3048,3168,3845,3845
10459,4374,4153,3293,3151,2957
10460,4065,4253,3968,4608,4608
10461,3969,4270,4072,4072,4072
10462,859,1451,7762,1688,1017
10463,3833,3948,2352,3948,3690
10464,4525,3969,2367,2655,2367
10465,3862,4167,4484,3244,3244
10466,3488,3397,3730,2733,3035
10467,3737,2914,3625,3131,3131
10468,7638,8919,4461,4461,4461
10469,3157,3589,3847,8529,2740
10470,3515,4166,4253,3490,3490
10471,4086,2639,4578,3490,3490
10472,3307,2804,3893,2807,2807
10473,2796,2662,4095,2662,2662
10474,6115,5988,3595,3595,2356
10475,3032,2883,3228,3228,3228
10476,2670,3366,4548,4548,4241
10477,3870,3423,4245,3809,3809
10478,3273,4615,3704,2509,2509
10479,4246,4611,2535,2535,2535
10480,4520,2618,3755,3559,3604
10481,3995,4606,7193,5753,7193
10482,2703,7415,5693,7612,7612
10483,2937,7016,8319,8200,8200
10484,3955,2345,4181,3559,3559
10485,3651,4105,3216,3524,3524
10486,4233,3490,4885,2317,2317
10487,4327,4223,4516,4516,4516
10488,2987,2987,2987,2914,2914
10489,2748,8056,3393,4179,4179
10490,7831,8845,3614,7051,7051
10491,3478,2931,2931,4568,4568
10492,3570,2809,7551,5998,5998
10493,9169,6183,8053,8053,8053
10494,9107,8933,6815,5510,5510
10495,2779,3678,5009,5009,5009
10496,3731,3903,2689,3443,3443
10497,2350,3180,4326,3861,3861
10498,3460,2870,3758,3758,2616
10499,3035,4891,8927,5210,8957
10500,4574,8945,8724,8724,8724
10501,6561,4962,2951,4564,4564
10502,2896,2759,3650,4084,4084
10503,4179,3212,3666,2542,2542
10504,4148,2519,4107,3887,3854
10505,2309,8217,2374,8980,8980
10506,8425,7819,1029,7624,7624
10507,7498,8510,3531,4137,4137
10508,4006,4022,3854,3225,3298
10509,6451,5334,8164,5799,5799
10510,3111,4348,2961,3220,3540
10511,3804,9227,4147,4756,4756
10512,7417,4382,2550,2550,2550
10513,2759,6033,6673,6673,5631
10514,8878,6094,7462,7462,7462
10515,7001,5696,5961,6227,7629
10516,6554,7255,5460,4720,5691
10517,3818,3141,3688,3688,3688
10518,2792,4338,1295,3301,3301
10519,4758,2992,6602,2715,6376
10520,7338,4944,4391,3688,3688
10521,3373,2514,3833,3833,3833
10522,6806,7089,4369,4369,4369
10523,3852,4462,4484,3833,3833
10524,3300,4296,2316,2868,2868
10525,2846,4893,7234,2846,3613
10526,8234,5369,6357,8417,9109
10527,4432,2984,2501,4151,4151
10528,3917,8208,2841,2841,2841
10529,2682,2312,4322,3138,3138
10530,2726,4059,3459,3459,3459
10531,4460,3944,4059,4480,4480
10532,5198,6769,6537,6705,4801
10533,3068,5854,3204,3836,3836
10534,3358,7530,5694,5694,5694
10535,4329,7028,7389,7389,8631
10536,2543,3705,3395,3730,3730
10537,3234,3279,3832,3279,3279
10538,2615,3799,4274,2642,2596
10539,6642,1665,7840,7840,8323
10540,2953,6305,1058,1058,1058
10541,8573,8573,8647,8647,8647
10542,8753,8636,7361,6231,7140
10543,6248,5750,9124,9124,9124
10544,2765,2864,2570,3058,3058
10545,3517,2542,3006,3907,3462
10546,2563,4508,3581,4286,4286
10547,2867,3721,4250,4250,4250
10548,576,7060,3143,2446,2446
10549,3611,3733,3677,2701,2701
10550,1384,2282,2135,1828,1828
10551,3792,3550,3731,4447,4447
10552,3580,604,676,676,676
10553,3517,5875,3205,3563,3205
10554,3517,4540,2547,2547,4180
10555,3517,6908,4287,2742,2742
10556,2364,2480,4039,3772,3772
10557,4021,4171,4171,4250,2673
10558,3760,3571,5682,2408,8222
10559,2350,3489,2885,2905,3489
10560,843,6021,2577,7814,7814
10561,3891,4322,3343,2843,2843
10562,3360,4300,3880,2346,2616
10563,3923,2569,3099,2848,2848
10564,4787,3335,3257,3885,3885
10565,3312,2772,2675,2568,2568
10566,2605,3581,4182,3454,2918
10567,3906,3861,2699,3195,2699
10568,3887,3370,3745,3745,3745
10569,2405,4061,2627,3395,3395
10570,4553,3947,4408,3002,3861
10571,4135,4679,6471,5882,5882
10572,3311,7883,2711,4607,4388
10573,1638,3192,6920,752,3192
10574,3861,3901,3779,3378,3779
10575,4182,4182,4182,4182,4182
10576,3274,3601,4131,3247,3247
10577,2568,3163,3161,3854,3854
10578,3789,3705,3946,2335,2335
10579,2673,6890,4388,4000,4091
10580,2318,4189,4243,3302,3302
10581,4889,8479,3656,2401,4633
10582,2634,4526,3775,3341,2350
10583,5514,3455,4003,6314,4003
10584,7577,4474,2576,7420,8239
10585,2411,4523,3183,2693,2693
10586,4049,4051,4461,4461,4461
10587,4377,3000,2800,3801,3801
10588,3235,3058,2568,4144,4144
10589,4233,3795,3775,4086,4086
10590,2751,4399,3647,3647,3647
10591,3723,4189,3971,3971,3971
10592,3764,2560,2924,2717,2717
10593,6979,3818,3276,7051,7051
10594,4248,6596,4407,3241,5194
10595,2349,7290,4590,4435,4356
10596,2503,3690,3585,2532,3939
10597,2478,2681,3690,2643,2643
10598,3308,7691,3100,3100,3100
10599,3456,6029,3277,4074,3277
10600,2797,2551,4416,8816,8816
10601,2620,2729,4303,3886,2998
10602,3514,2569,2852,4338,2787
10603,2694,4228,3166,3076,3076
10604,3750,2700,2744,2469,2469
10605,4439,4951,3774,6004,6004
10606,4048,3870,2414,3373,3373
10607,4066,2371,2746,4553,2914
10608,2745,2775,4070,2428,9015
10609,8877,8743,4880,7251,8743
10610,5858,6172,2587,4261,3960
10611,2960,3414,2718,4164,4164
10612,2813,4000,2960,2606,2606
10613,2695,2695,5971,4030,4030
10614,3245,4386,3870,3870,4126
10615,2695,2695,2695,5951,5951
10616,6623,2551,5571,4846,8632
10617,7667,8465,8614,657,657
10618,5014,4999,7562,4433,4433
10619,3288,5251,5123,5108,7778
10620,9214,5627,8591,7224,7224
10621,9008,6466,5617,5906,5906
10622,3964,3093,2819,2819,2819
10623,3388,2964,3670,3496,3496
10624,2740,5317,5317,5317,5317
10625,3066,3493,7905,350,7905
10626,3527,7677,2439,5707,2439
10627,4322,2972,4371,3761,2939
10628,3254,3189,4371,4371,4371
10629,2893,4534,3458,3087,3585
10630,3888,4236,7139,7139,7139
10631,4435,5709,4745,4745,4745
10632,6334,2625,6878,3154,2392
10633,4171,2673,2822,3048,3048
10634,3852,2874,3810,3810,6987
10635,5611,7655,7851,7851,7851
10636,3473,3063,3732,3732,3732
10637,4066,2368,2616,2733,2442
10638,4285,4208,4125,2821,2821
10639,2456,2502,3122,4049,3122
10640,9053,7245,4933,4933,4933
10641,8776,7657,8199,8961,8961
10642,9035,8889,903,2198,238
10643,4233,2624,2624,4066,4066
10644,3832,3131,2634,3856,3856
10645,3597,6115,3225,6212,6212
10646,4649,4879,5981,5981,5981
10647,6842,7808,6142,4993,4993
10648,5435,7378,4536,6616,5062
10649,4326,3971,4512,2775,2775
10650,2885,3887,3216,3597,3597
10651,4144,3926,2355,3985,3897
10652,8793,9006,2746,6747,4445
10653,2959,3973,3207,3838,3335
10654,8350,4445,2678,4048,3207
10655,3950,4363,3963,2534,2534
10656,2375,6240,4665,4391,4391
10657,2795,4350,3602,3172,5268
10658,2366,7071,8602,5382,5382
10659,3293,8054,3072,3072,3119
10660,4813,4455,7039,7039,7039
10661,7184,4460,8349,3130,3130
10662,3447,2891,4480,2662,4525
10663,4012,4435,4071,3967,3405
10664,2534,3260,3260,3514,3514
10665,3887,2519,4301,3378,3378
10666,262,5385,1005,2166,2166
10667,8677,8804,6982,8951,8115
10668,3433,2658,7435,4713,4713
10669,4298,3576,4371,4371,4371
10670,3649,5821,2887,4452,4452
10671,3649,6741,5230,8912,8912
10672,3638,2691,5404,5997,5997
10673,3016,3171,3597,3489,3489
10674,2821,2397,4279,4279,4279
10675,3468,3074,2606,3940,2556
10676,3891,4461,3378,3891,2373
10677,3887,4049,3462,3271,3462
10678,3595,2962,3730,4247,3730
10679,4615,3088,3088,3088,3088
10680,2337,3135,3675,2790,2864
10681,2397,4351,2397,2397,2397
10682,4717,3647,7918,7918,7918
10683,4804,3154,4563,7905,6065
10684,5672,5228,7251,7251,7251
10685,2367,3028,2360,4548,3969
10686,4102,3244,2655,2655,2655
10687,4012,3324,4012,4012,4012
10688,7439,7064,4753,4978,6296
10689,3941,1111,3005,4309,4309
10690,2926,2534,2596,2674,4473
10691,4098,4051,4049,4049,4049
10692,6870,4648,5675,5675,5675
10693,3704,4347,4000,4602,4602
10694,2914,3480,3390,2480,4536
10695,2538,3960,2538,2538,2538
10696,4380,4152,2456,2456,2456
10697,7387,4530,2448,3820,3820
10698,1200,9045,6217,6261,6261
10699,6193,6628,5934,5934,5934
10700,4479,4340,4617,4095,4095
10701,4171,2603,2433,4617,3009
10702,2764,9045,6237,5845,6237
10703,2376,3287,4156,2490,2490
10704,4059,3183,8301,3254,3254
10705,2559,4403,4293,4293,3478
10706,4729,5826,2410,2410,2410
10707,6610,6318,5387,5387,5387
10708,5290,8802,2496,2711,2711
10709,2515,3408,2593,2593,2593
10710,4612,2679,4301,3171,3171
10711,3224,2918,4429,3731,3731
10712,3781,3496,4508,4508,4508
10713,4360,3605,4457,4457,4457
10714,4404,3354,7905,6821,6821
10715,2368,3805,2798,4402,4127
10716,2343,2635,3745,3716,3716
10717,2687,3257,2754,3967,3967
10718,3578,2544,4438,3400,3400
10719,4576,4377,3334,3524,3524
10720,4264,4264,3497,2652,2652
10721,2712,4431,3696,3696,3696
10722,4193,4618,2357,6177,6177
10723,3374,9105,5312,4389,4389
10724,2926,2934,2701,2701,2701
10725,4170,3842,3569,2667,3569
10726,2926,2499,3965,2795,2795
10727,4152,9149,3982,3560,3560
10728,2366,8553,2366,7607,2366
10729,3644,8163,3692,2707,2370
10730,3756,3756,4378,2414,2414
10731,3418,3639,3706,2797,2797
10732,2797,4628,2797,2797,2797
10733,2466,3281,3426,2802,2802
10734,3671,4207,3096,3096,3096
10735,3723,4225,3856,3856,3856
10736,5694,5407,5341,5094,5347
10737,86,41,2564,5400,5400
10738,7191,3799,2883,2883,3228
10739,3187,2899,5096,3611,2723
10740,3253,2581,2881,4426,4426
10741,2689,3198,2374,3444,2374
10742,2963,3794,3411,3411,2879
10743,3833,2620,4473,3816,3750
10744,3338,2361,2597,2597,8429
10745,3680,4392,4348,2373,2317
10746,4327,2952,3881,2406,4164
10747,4000,4027,2974,4051,2974
10748,3635,3492,2811,2990,2990
10749,2475,2663,3863,2662,2785
10750,4011,2501,7337,5053,5053
10751,2707,7264,6080,6163,6163
10752,6810,4525,7139,7139,7139
10753,3733,3446,2984,2958,2788
10754,2579,8145,2435,2435,2435
10755,5675,4891,4411,4411,4411
10756,2919,2595,4518,4556,4556
10757,4413,3334,3348,3960,2843
10758,4058,2442,2914,4524,4524
10759,2842,2794,3348,2399,3330
10760,4261,3056,3915,4516,4516
10761,3606,2589,4412,2671,2626
10762,2617,3088,2399,2399,4347
10763,2316,2331,2587,2882,2882
10764,7045,2578,6507,6507,6507
10765,7186,5032,6188,6069,6069
10766,4495,4495,2686,2686,2686
10767,8648,7806,7806,7279,7279
10768,4178,6620,4972,8434,4972
10769,4477,2544,2437,2437,2437
10770,2544,4604,2437,2437,2437
10771,2606,3038,4351,2679,3437
10772,4508,3891,3121,3705,3448
10773,3187,4264,4379,4379,4379
10774,4264,3497,3760,3967,3121
10775,4303,3687,2449,2449,2449
10776,2504,7102,4480,4350,4350
10777,4369,2953,2953,2953,4081
10778,3807,3674,3613,3613,3232
10779,2875,8194,4415,3778,3778
10780,7434,7434,8232,6523,8964
10781,2389,3155,4418,4418,4418
10782,4034,4518,4418,4418,4418
10783,4297,985,3375,3375,5436
10784,3381,3381,3701,3701,2469
10785,2607,3140,3447,4558,3592
10786,2534,4415,2469,2469,2469
10787,4362,8438,4633,4633,4633
10788,4260,742,3235,2374,4131
10789,4147,2678,2638,3218,3218
10790,4423,4568,2358,2358,2358
10791,2358,6088,4597,2358,2358
10792,4748,2548,6866,6866,6866
10793,6209,5687,6886,9105,9105
10794,2641,5458,6470,6111,6111
10795,7778,4993,7196,3245,3245
10796,2393,5043,3514,7704,7704
10797,3462,2798,4392,4392,4392
10798,3881,3250,4051,3978,4217
10799,2345,4552,8733,3271,3271
10800,7093,7992,3444,3444,3703
10801,3345,8948,4551,8219,8219
10802,8350,4273,4273,7254,3580
10803,3580,3580,9091,9091,9091
10804,2842,7472,4273,9091,9091
10805,3447,7141,3146,3146,2891
10806,3764,4480,3721,4250,4067
10807,7102,2673,4012,7102,7184
10808,6748,6546,2726,2726,4977
10809,5755,2977,9178,3602,3602
10810,4432,2501,2953,2953,2953
10811,4095,3574,4155,4155,4155
10812,2723,4475,4536,4536,2909
10813,3284,2979,3888,3347,3347
10814,3924,295,1802,4607,4607
10815,2445,2693,3294,3072,3863
10816,2641,4151,2934,2934,2734
10817,4443,1235,1725,1500,2054
10818,3860,586,6726,5302,5302
10819,2688,4250,2688,4264,4264
10820,2763,3565,3396,3058,3058
10821,6453,3723,8201,4495,4495
10822,3131,3647,5111,3647,3647
10823,3067,2635,4093,2943,3294
10824,3990,3006,2327,2327,2327
10825,2550,2442,4253,4270,4270
10826,2642,2522,2314,2314,2314
10827,3013,3076,6195,6195,6195
10828,4297,3089,2343,3401,3401
10829,5786,738,3815,8526,227
10830,3090,7191,7378,5386,5386
10831,8385,6053,1765,7814,7814
10832,7832,5064,6870,8234,6870
10833,4833,5955,8158,8415,5760
10834,3354,3354,3223,2676,4000
10835,553,8895,9224,910,7452
10836,2531,4111,3740,3906,3906
10837,2689,2930,3396,3414,3414
10838,4491,3286,3851,3430,3430
10839,2380,3520,3049,3049,3049
10840,2688,4028,3194,2756,4213
10841,3493,2936,3072,4276,3119
10842,3212,2371,5935,5935,5935
10843,3846,2456,4264,3048,3499
10844,3626,3986,2452,3119,4168
10845,3032,3373,3076,3168,3168
10846,3631,4355,5342,3818,5342
10847,479,3310,8737,7838,8737
10848,5295,4866,6024,3123,6024
10849,3983,3491,8721,3998,7228
10850,3503,5228,2488,2488,2488
10851,3763,3213,9198,9198,9198
10852,2613,3763,9003,4827,4827
10853,3337,2932,2709,2709,2418
10854,2985,2690,3107,4251,4251
10855,3990,4135,2373,2509,2355
10856,7312,7129,5602,2890,7529
10857,3278,3278,2942,2942,2942
10858,6632,6285,6232,6232,6232
10859,6035,2447,7878,7863,7863
10860,7585,2924,7290,3023,3304
10861,6180,7129,3141,3141,3141
10862,3421,3230,6179,2964,2811
10863,3326,3251,3224,2790,2790
10864,3651,3393,3462,4580,4580
10865,7836,8987,7725,7725,7725
10866,5623,3555,7425,7425,7425
10867,5623,5584,5584,6722,6722
10868,3347,3405,4071,4071,4071
10869,4153,3646,2701,2701,2701
10870,2701,3818,2469,4274,4274
10871,2976,3973,4072,3849,8282
10872,3271,3356,4537,5883,3246
10873,7586,6034,7251,7251,7251
10874,2337,3191,4166,3344,3344
10875,4265,2468,3885,3885,2517
10876,3201,3479,4461,4461,4461
10877,2963,4469,4578,3337,2841
10878,2809,4414,3180,3180,3180
10879,5541,6796,6395,6395,6395
10880,9147,8097,8439,713,713
10881,3491,6856,2446,4565,4565
10882,3448,4224,2626,3544,3544
10883,7379,7478,6938,6938,6938
10884,7753,5152,8801,8801,8801
10885,2525,3839,2961,8829,2376
10886,7905,4076,7199,4989,4989
10887,3852,8357,6912,9143,9143
10888,8145,2846,4395,4157,4157
10889,3701,3701,3687,3449,3449
10890,2946,2946,2875,4138,4138
10891,7807,7191,9143,7807,7807
10892,4535,4433,6961,6961,7521
10893,5718,4433,2901,3782,3782
10894,8432,4535,7121,7121,7121
10895,3029,4148,3686,4052,4052
10896,6592,2853,5517,6081,6081
10897,4520,4002,2556,2556,2335
10898,4164,2788,2936,4169,4169
10899,2632,3946,3397,3397,3397
10900,4169,2996,2959,2559,2559
10901,3999,2914,4314,2765,2765
10902,3938,2727,4380,3136,3136
10903,2751,3450,2885,3864,3864
10904,3735,3735,3735,4173,4173
10905,3624,3987,4157,2684,4110
10906,3735,3735,3735,3735,3735
10907,8066,7141,8045,6881,1708
10908,1708,2472,2472,2472,2472
10909,6546,6885,2472,2472,2472
10910,7373,7975,4396,3690,2643
10911,5273,5527,5527,5527,4389
10912,3746,4014,3387,3387,3387
10913,4399,3580,3070,3218,3218
10914,2384,2649,6686,4752,5494
10915,3363,4355,2438,2438,2438
10916,4172,8694,3538,4022,4551
10917,3162,3883,3628,3534,3534
10918,4068,4002,2972,2374,2750
10919,3812,3081,3966,2917,8282
10920,2972,2969,4108,4108,4108
10921,4208,3714,3253,2739,2739
10922,3877,8625,5704,5704,5704
10923,3877,3877,7086,7086,7086
10924,5547,3877,461,461,461
10925,3186,3559,4301,2605,2728
10926,4621,5408,6543,6543,6543
10927,4886,4990,4903,6969,6969
10928,2742,6529,3893,3893,3893
10929,5104,5684,5684,5684,5684
10930,5314,9074,5820,5820,5820
10931,8668,4508,4578,4578,4578
10932,2606,3821,4602,4602,4602
10933,4441,5097,4237,4237,4237
10934,7016,4662,8995,8319,8319
10935,6079,5062,4317,4313,4313
10936,2482,4433,7012,7659,7659
10937,4527,4043,341,3883,3883
10938,3971,3131,3751,3751,3751
10939,2678,3914,4325,2561,4469
10940,2693,2693,3172,3172,3172
10941,1273,4513,2779,2779,2779
10942,3962,1450,2036,2052,2052
10943,3517,3913,3122,4552,3937
10944,4325,3191,3328,3328,3328
10945,4399,2646,3055,3055,3055
10946,3465,3465,3279,3279,3279
10947,3180,3786,4392,4392,4392
10948,6791,3997,4853,4327,4327
10949,7813,5498,3879,3202,3202
10950,6748,3115,3840,3840,3840
10951,2223,3777,1536,1504,1802
10952,7039,2396,1348,1348,1348
10953,4148,2735,2396,2396,2396
10954,362,1192,8730,3071,8320
10955,4539,4539,4539,4539,4539
10956,4166,2337,2782,3099,2782
10957,4539,4539,4539,4539,4539
10958,7822,4913,5745,6238,6238
10959,4446,6761,2546,2807,2992
10960,3717,328,4447,4447,4447
10961,2560,2878,3406,2824,2824
10962,4534,4491,4422,5203,5079
10963,2867,4235,2655,2655,2655
10964,2938,3715,6640,5453,5453
10965,3626,2532,4614,2581,2581
10966,4530,4530,2663,2663,2663
10967,6628,2476,897,3255,8468
10968,2659,2438,2333,4338,4338
10969,4292,2559,3432,3863,3863
10970,3855,3720,3720,8757,7077
10971,3510,3228,3188,5655,5896
10972,2476,4412,2501,2501,2501
10973,3246,3440,3772,3975,4156
10974,2814,2452,2909,3129,3129
10975,2534,2838,2838,2838,2838
10976,2968,9142,2366,2366,2366
10977,3246,6459,2652,4341,3574
10978,4152,2622,3705,3497,3444
10979,2932,2513,4540,4540,4540
10980,2539,8927,4451,3434,3434
10981,3783,4140,662,4158,3668
10982,2797,3485,3756,6362,3756
10983,2293,3485,3756,3756,3756
10984,3308,2797,3696,3696,3696
10985,3439,7456,3546,7681,7681
10986,2764,4478,3232,3232,3232
10987,3658,2595,2645,3232,3636
10988,4489,5133,6199,6199,6199
10989,3282,7725,8524,7872,8432
10990,4048,2537,3470,3336,3470
10991,8516,3485,2545,3485,3485
10992,2595,464,6407,6407,6407
10993,2098,4234,4234,4234,4234
10994,4245,3387,3322,3322,3322
10995,8547,4866,8952,2044,2865
10996,5265,4793,163,163,163
10997,2606,2802,9057,5831,4932
10998,3913,3745,4013,3885,3812
10999,4057,4105,4166,4158,4166
11000,8696,4161,4989,4989,4989
11001,2598,3365,2992,3679,3679
11002,3395,3559,2423,2423,2423
11003,4270,4270,4270,4270,4270
11004,4270,4270,3853,4219,3853
11005,4593,4598,4270,4598,4598
11006,3984,3838,4362,4559,3250
11007,7552,3354,4403,3436,3436
11008,3781,2969,4577,2969,3422
11009,3721,3649,3819,6823,6823
11010,2969,3846,3253,3981,3981
11011,2960,3985,3985,3964,3964
11012,3961,8793,7587,3924,7587
11013,2331,8013,8362,8362,8362
11014,3961,6806,2563,4803,4803
11015,3633,2856,4256,4256,3421
11016,3281,4609,4158,2466,3926
11017,3046,4216,3544,2623,2623
11018,2512,4090,3975,3236,3975
11019,4401,3428,4348,8963,8963
11020,2597,2820,3039,9208,4139
11021,2795,4814,5268,5268,5268
11022,5520,8757,6920,6920,6920
11023,3284,3975,4246,4168,4246
11024,9136,473,3649,3649,3649
11025,8998,4753,4223,4223,4223
11026,5467,2813,2483,8415,8351
11027,4074,3407,2942,2942,2942
11028,3061,4195,2849,2849,2692
11029,5842,4805,3413,4234,3413
11030,2313,2356,2500,6941,6941
11031,3522,3584,2432,4325,2353
11032,2313,7664,4495,3250,3250
11033,3758,2347,4345,4345,2625
11034,3656,3293,7540,7540,7540
11035,3728,2386,2826,3083,2826
11036,3242,3951,2616,4497,4497
11037,82,3646,2520,2520,4439
11038,3242,4970,4597,4283,4970
11039,3597,2368,3388,4061,4061
11040,2696,2985,3807,2628,2628
11041,3161,2952,2987,4424,3311
11042,2628,3852,2972,3885,3885
11043,2589,4329,4169,3512,2475
11044,2920,2626,3075,3075,3075
11045,3183,4523,4126,4561,4561
11046,2953,4281,4232,2734,2734
11047,3658,2983,3575,3594,4274
11048,3032,3032,3688,2532,2532
11049,4024,4305,3669,4425,4425
11050,3072,3072,3602,2795,2795
11051,3546,2892,3684,2892,2892
11052,3546,2492,2892,2892,2892
11053,3322,3822,3475,3475,3475
11054,2419,3686,3779,3504,3779
11055,4179,3006,4107,2368,2368
11056,3892,3563,3075,2861,2861
11057,4120,3851,2476,2476,2476
11058,4206,3163,3793,3793,3793
11059,4120,3496,3997,3997,3997
11060,3759,3759,3172,4165,3172
11061,3757,3670,3966,3702,4264
11062,3757,3286,2734,3963,2734
11063,3836,3301,3610,3669,3610
11064,3681,3052,3899,2795,3899
11065,3870,1301,986,858,858
11066,3450,3450,3326,2751,2751
11067,2428,3579,4428,2914,2319
11068,3054,3450,3450,3206,3206
11069,3163,3903,8630,4480,4480
11070,6561,4367,3964,2800,2800
11071,3538,3538,4206,6172,6172
11072,4538,4266,3501,3501,3643
11073,2684,4444,3778,3778,4157
11074,4201,4266,2892,2892,2892
11075,4721,3126,3858,2384,3858
11076,3240,2414,8816,8816,8816
11077,4617,4218,4171,4257,4257
11078,2619,3861,3443,3057,3708
11079,3251,2861,4519,4519,4519
11080,3348,4589,3504,2748,2748
11081,8164,9215,7065,3375,7065
11082,3176,3032,2603,3899,3899
11083,2525,3254,3254,3498,2349
11084,4224,3930,2569,3497,3497
11085,2654,4083,3812,3812,3812
11086,3399,4027,2759,3072,2759
11087,3394,4567,2715,2715,2715
11088,8400,1997,7838,7598,7870
11089,7089,2998,3764,3204,3204
11090,2323,4905,8597,5095,5095
11091,5742,5742,7709,4268,4268
11092,5254,5095,5145,5145,5145
11093,5047,8422,8249,350,6347
11094,7913,8539,9069,9069,7129
11095,3160,4038,8047,9009,9009
11096,3090,2495,4721,5689,4980
11097,5971,5093,5223,3813,631
11098,2553,3696,2779,4507,4507
11099,4522,4216,3850,4224,4224
11100,2477,5245,4350,3412,3412
11101,2322,4519,3046,3586,3930
11102,8443,708,1225,1225,1225
11103,5819,4875,1447,7797,7797
11104,2083,7515,4332,2447,2447
11105,52,7618,7211,7211,7211
11106,8053,362,150,150,150
11107,7401,9087,2018,2285,2285
11108,2586,8165,2150,287,287
11109,2339,3621,2673,4491,2673
11110,4555,3965,2795,2795,2795
11111,2420,4369,2795,4517,4517
11112,4398,3253,3690,2670,2670
11113,3141,8702,8946,2352,2352
11114,7173,3352,5418,7911,5418
11115,3827,7246,8078,8078,2608
11116,1829,1593,1274,1030,1030
11117,4257,8688,7975,2822,2822
11118,3701,3777,3717,4339,4339
11119,3852,281,7755,3179,7975
11120,2974,3312,2570,4326,4326
11121,2896,3378,3426,3426,3426
11122,3206,2748,4336,3856,3856
11123,3643,4245,4448,4267,4267
11124,7338,2614,2522,4152,3076
11125,4583,4188,4567,4567,4267
11126,3881,5204,4190,4559,4559
11127,5012,4288,3656,3421,3421
11128,6266,2794,7520,6592,5960
11129,4295,2457,2871,3056,3056
11130,5549,8056,9021,8983,8983
11131,2752,3946,2554,2722,5395
11132,8301,3683,2494,4028,3358
11133,9182,9182,8707,8189,7427
11134,3884,8752,8752,4017,2562
11135,3152,3735,3017,3106,3152
11136,2417,2684,2859,2859,2859
11137,3017,3917,4157,4157,2462
11138,3241,2672,4418,4418,4418
11139,3424,6199,4393,4393,4393
11140,1403,7428,7257,4252,4252
11141,3892,3610,2458,3913,3913
11142,4375,3624,7845,7845,7845
11143,2623,3335,3444,3444,3444
11144,5910,999,8907,2385,6336
11145,8976,9210,9056,6484,6484
11146,3798,6858,3266,6013,6742
11147,2581,6983,3469,3469,3469
11148,8959,9148,7773,8502,7773
11149,7964,6148,8297,2910,2910
11150,2461,5697,2312,2651,2651
11151,3236,3948,5528,4129,6209
11152,2702,3041,3041,4607,4607
11153,3687,3894,3442,2487,3155
11154,3174,3852,3174,3174,3174
11155,3894,3076,2815,2503,4525
11156,3584,2531,4410,3984,4410
11157,2930,1235,4621,4954,4954
11158,4568,3884,2415,3084,3084
11159,3284,9168,3285,4077,4077
11160,8640,7261,4352,4437,4437
11161,4534,4525,3585,3585,3585
11162,3301,4052,6791,6791,6791
11163,4256,3104,3226,3916,3247
11164,3761,4164,3330,3330,4537
11165,4241,9223,7807,4137,2846
11166,2997,4535,5732,5732,5732
11167,8400,8913,8885,8399,3546
11168,3462,2531,3154,3154,3154
11169,5354,4131,3133,3133,3133
11170,4131,3016,3926,2619,3216
11171,4233,2646,8006,3990,4594
11172,905,5557,6548,5211,5211
11173,3326,2827,3434,3326,4109
11174,3377,4043,4522,3390,3390
11175,5592,6019,6890,6890,6890
11176,3273,2770,3988,2960,2960
11177,2615,2879,3386,3386,3386
11178,3964,2736,2585,3604,2585
11179,2351,2936,4412,3440,3440
11180,9139,3213,4498,2363,2363
11181,3503,7325,4498,2769,2769
11182,3928,9109,8773,5530,2426
11183,3675,3992,3117,3897,3897
11184,5053,4343,2617,2617,2617
11185,3651,3656,3163,2498,2498
11186,3284,3076,3284,3284,3284
11187,8161,7217,1456,1456,1456
11188,2854,2854,4222,6039,6039
11189,4416,3770,4074,4074,4074
11190,2443,3407,2637,2637,2637
11191,1179,3073,4431,3352,3352
11192,3864,3163,3579,2864,2864
11193,4362,2775,4354,4354,3316
11194,4351,4148,2413,4056,4324
11195,9233,4929,6570,8225,8225
11196,3971,3154,2780,3070,3579
11197,4238,4607,3924,958,3924
11198,4048,4462,2744,4177,3799
11199,2470,3941,2443,2443,2443
11200,3677,4533,4290,4290,4290
11201,8056,6053,6106,6158,6158
11202,7826,8963,2585,2411,2411
11203,3083,4377,5847,7118,7118
11204,2404,3690,3690,3626,3626
11205,2591,4280,4442,3229,3442
11206,4236,9047,3445,3102,3102
11207,5058,3378,3096,8393,4180
11208,9102,6708,5540,4606,4606
11209,3605,2850,4044,6733,6733
11210,4028,7693,2310,4052,2310
11211,3334,3707,3081,2929,2929
11212,2917,3603,4204,4204,4204
11213,3393,3923,3072,2963,2963
11214,4508,3781,4091,4091,4091
11215,4144,2612,3524,2652,2652
11216,903,3228,3643,1145,328
11217,3204,7318,7890,7564,7564
11218,8102,7274,4837,4837,4837
11219,4261,7730,3786,7000,7000
11220,4613,4760,7752,7752,7752
11221,6919,8559,7865,7624,8630
11222,2834,4251,3714,3740,3740
11223,4264,3603,2739,2739,2739
11224,2397,3319,2616,3370,3370
11225,4058,4084,3769,3088,3088
11226,4327,3117,4091,3533,4091
11227,3327,2889,4539,3650,2963
11228,3939,4617,3722,2785,2785
11229,4477,3882,3787,2580,945
11230,4593,7388,5345,5834,6377
11231,3825,4615,2960,2960,2960
11232,3024,2589,4536,4380,4380
11233,3849,4877,3962,2819,3849
11234,4577,4144,4144,4144,4144
11235,2430,3691,2782,3093,3093
11236,4325,3504,3615,3615,4182
11237,3008,3179,4007,6130,2648
11238,5864,6083,6290,6290,6290
11239,8860,5105,8080,8816,8816
11240,4012,2717,4028,3525,4078
11241,3764,2990,3106,3525,2832
11242,2326,4117,5221,5482,6718
11243,3615,2468,3457,2834,4189
11244,4111,4208,4185,4185,4185
11245,3359,3895,4175,3273,3343
11246,9015,2848,2735,9152,9152
11247,4354,3544,3729,3955,3003
11248,7957,8991,8947,8947,8947
11249,3537,4599,4514,4894,3280
11250,3696,3278,2393,3278,3278
11251,4355,4395,3110,4266,4266
11252,2789,3421,7770,4169,4169
11253,4246,6115,2623,4224,4224
11254,2850,3182,4120,4120,3748
11255,4447,2925,3476,2875,4556
11256,8016,7118,4411,4411,4411
11257,4411,4143,3548,2487,2487
11258,2634,4445,3534,3534,3534
11259,3207,3676,3603,3603,3603
11260,2638,4301,3557,2837,2500
11261,3304,7050,7526,8566,8566
11262,3440,3440,2626,2406,4389
11263,3425,2523,3362,4305,2822
11264,4020,5287,2964,4325,3975
11265,9105,2369,2402,2402,2832
11266,3051,3439,3753,3927,3927
11267,3201,3306,2771,4299,4299
11268,3944,2411,4498,3313,4574
11269,6014,4966,2552,2552,2552
11270,2910,3495,6804,6804,6804
11271,2757,4607,2727,6209,6209
11272,6171,5962,6373,6373,5254
11273,3833,2514,2642,3498,3498
11274,5728,3592,4236,4177,4250
11275,2621,4249,4249,4249,4249
11276,3000,7553,5245,2526,2526
11277,3132,3774,3884,3884,5674
11278,6004,5722,4639,2407,7187
11279,2783,7247,8208,9017,9017
11280,4384,2760,2342,4143,4143
11281,3638,2916,3261,4412,4412
11282,1029,3414,4059,7084,4164
11283,3399,4093,6339,9091,2216
11284,5467,8653,3397,2733,2733
11285,5643,5353,3588,8013,6266
11286,8846,8197,4667,6117,4667
11287,2548,5232,2548,2548,2548
11288,6209,3492,8465,3203,3203
11289,2470,2467,9024,4210,4210
11290,3551,3551,12,904,904
11291,2464,2894,2975,4236,2717
11292,7292,2973,2973,5546,2973
11293,4555,4037,3183,2990,2990
11294,4164,3611,6528,7461,4775
11295,2587,3680,4246,4246,3121
11296,4402,4128,3043,3043,3043
11297,3091,2713,2371,2371,2371
11298,2561,4270,3781,3427,3427
11299,3253,4083,2690,2713,2713
11300,2744,8250,7308,3516,7308
11301,3141,2520,3296,3296,3296
11302,3141,3463,4555,4555,4555
11303,4442,8422,8811,8946,8946
11304,2642,3200,2603,3200,3168
11305,2344,3284,3592,4614,3592
11306,6812,4727,6114,6273,6273
11307,7910,5613,8170,5007,5007
11308,5980,6766,5087,5087,5980
11309,2834,4336,3162,2754,4358
11310,4472,4519,5281,4187,4186
11311,2973,3196,3196,3539,2809
11312,4285,3343,2897,2897,2897
11313,4052,3084,4049,3462,4580
11314,3812,9073,2366,2346,2346
11315,2991,4450,4450,3059,3059
11316,3336,2933,4363,4363,3657
11317,2644,2406,3119,3119,3119
11318,3595,3543,4326,2959,2959
11319,6253,2547,3907,8768,3907
11320,8306,7761,4495,6902,3167
11321,3432,4065,3913,3913,3913
11322,4570,2707,3569,3569,3569
11323,3328,2343,3705,2627,2627
11324,2875,7234,7521,3977,3977
11325,4588,3717,8435,2487,2487
11326,1649,2835,3476,3476,3476
11327,3745,3670,3745,3067,3067
11328,8997,5649,6791,2624,4962
11329,4962,4377,6840,5072,5072
11330,8939,839,8459,8459,8459
11331,5728,2760,4228,7476,8340
11332,3481,3669,4228,4228,3564
11333,2656,3029,2864,2864,2864
11334,4083,2959,4362,4362,4362
11335,2623,2568,4376,7149,7149
11336,3789,4358,2345,3147,3147
11337,4225,5926,2842,6235,6235
11338,2918,3504,4586,8225,4586
11339,3257,8830,8338,3473,8338
11340,3399,2857,8891,3584,3584
11341,4354,7933,8919,9188,8919
11342,4181,3913,4250,4250,4250
11343,2328,2969,3444,3444,3444
11344,4264,2633,4519,4519,3814
11345,7382,3382,2613,4530,4530
11346,3382,8385,5786,3848,3848
11347,3933,4192,2793,8849,8849
11348,3891,4263,2675,3327,2675
11349,3391,3522,2568,3725,3725
11350,3914,4388,4258,3465,7808
11351,3710,2534,2990,2990,4601
11352,4000,4404,2920,3414,3414
11353,4168,3530,3909,4224,2814
11354,4548,4090,3594,3431,2693
11355,3867,3034,3034,3034,3034
11356,5005,3782,4779,4779,6406
11357,3328,3328,3938,3705,3702
11358,4322,4049,3936,4105,4105
11359,3748,3950,3967,2652,4575
11360,3617,4360,3133,3925,3925
11361,2322,3400,2544,2544,2544
11362,3727,2322,2322,2322,2322
11363,594,2236,3580,893,3831
11364,4231,4373,4373,3930,2569
11365,3201,3506,3378,3378,3326
11366,3406,2314,3386,4232,4232
11367,2795,3446,3733,2933,2933
11368,2991,2587,3710,2926,2926
11369,3082,4957,3483,5542,5542
11370,6163,5767,4275,4275,4275
11371,2340,5268,2795,2795,2795
11372,3248,2485,4356,3363,3305
11373,2445,2499,2795,3594,3594
11374,4462,3799,5854,3910,7530
11375,745,4505,211,4523,4523
11376,5281,5035,4968,5245,4373
11377,1007,3424,702,6305,6305
11378,4523,3128,2520,2520,2520
11379,4017,2520,4101,4101,4425
11380,3400,6462,4604,2572,4253
11381,3660,2308,6899,5896,5896
11382,6503,8074,3311,8630,8630
11383,2947,3503,2420,3845,3845
11384,3765,4182,3459,3459,3994
11385,4261,9200,3427,2561,3253
11386,3524,3891,4539,4539,4539
11387,3985,3330,2772,4214,4214
11388,3125,3512,8429,4348,4348
11389,3459,3040,3540,2475,2475
11390,4428,3044,2775,3524,3524
11391,4109,2510,2952,2952,2952
11392,4365,3044,3216,2914,3216
11393,2634,2027,3157,3157,3157
11394,4527,2558,2569,3536,3536
11395,3707,2450,3417,2450,2689
11396,3055,2428,4526,4526,4526
11397,2538,3260,934,6526,3260
11398,4635,6475,2814,8915,8915
11399,3321,2424,3392,3392,3392
11400,3331,2412,4222,4222,4222
11401,2565,3829,3155,2487,2487
11402,4543,3832,7578,2836,4430
11403,2759,4026,2870,4465,3083
11404,6515,5705,4397,4619,4619
11405,4476,4476,4476,4005,4005
11406,4416,4416,3485,3485,3485
11407,2414,4357,3970,4416,4416
11408,3440,4021,4246,4246,4246
11409,6156,5659,3356,2397,2397
11410,3125,4183,4265,2468,2468
11411,4573,3679,2632,3334,3334
11412,2807,4322,2380,3512,3512
11413,4419,3867,2685,2685,2685
11414,4432,2693,2991,2878,2693
11415,3500,2990,3141,3301,3301
11416,4555,3043,3816,4473,3176
11417,2343,4371,4381,4414,4414
11418,4380,4381,3960,2759,2759
11419,2828,3213,4021,2963,2406
11420,4306,4264,8044,3760,3760
11421,4270,2550,3968,3968,3968
11422,2754,3294,2520,3404,3930
11423,2782,3070,3234,2594,3234
11424,3849,2697,2687,2687,2687
11425,2817,4522,2904,3881,3881
11426,3806,2558,3580,3580,3580
11427,2216,9091,3580,934,934
11428,5773,5122,3214,5122,4429
11429,4555,3043,3836,3836,3836
11430,3889,2804,2804,4298,4298
11431,4473,2702,2659,2659,2659
11432,6468,3935,3935,3935,3935
11433,272,4542,2537,2537,2537
11434,6887,2854,5578,5950,5950
11435,3742,3588,4760,4760,4760
11436,8851,7826,3657,3657,3657
11437,4499,3464,7632,6462,6462
11438,3722,3183,3229,3229,3229
11439,3022,2497,2499,4473,4473
11440,3948,6683,3492,3492,7925
11441,4065,2641,2569,2444,2635
11442,3034,6451,2635,2537,2635
11443,1643,2485,3870,3870,2404
11444,2697,3091,3692,3692,3692
11445,4270,4270,2654,2841,2841
11446,2542,3462,2593,2593,2851
11447,3456,2844,4005,3352,3352
11448,6117,4278,3474,3474,3474
11449,2462,3073,2997,3025,3025
11450,2327,2418,2418,4270,4270
11451,4107,3180,3789,3725,3725
11452,2941,2983,2437,2437,2437
11453,1614,673,3513,4297,4297
11454,4592,4021,2642,4203,2596
11455,2923,4280,4534,2923,2923
11456,3274,3274,3093,3093,3093
11457,2754,4061,2561,2993,2993
11458,7933,2538,2520,2520,2520
11459,2959,2317,4328,4547,4547
11460,3451,7036,5047,5047,5047
11461,2932,435,2851,4362,4362
11462,2909,9051,6264,3199,3199
11463,6107,5573,5682,7243,7243
11464,3841,8808,4593,4593,4593
11465,2522,2984,3092,2996,2996
11466,3992,4021,3040,6983,6983
11467,3795,4294,2496,3572,3572
11468,4000,3821,3951,2870,4051
11469,2824,2790,2897,3370,3370
11470,3680,2960,3988,4000,4000
11471,4343,4021,3247,2452,3702
11472,3736,4402,8208,4791,4791
11473,2148,1527,2869,7677,7677
11474,3175,3524,3913,4008,4008
11475,3044,4224,3885,2727,2727
11476,3745,4552,4098,4098,4098
11477,3251,3543,3444,2430,2430
11478,3597,6297,2697,2697,2697
11479,2904,2619,4508,3773,4508
11480,3467,7478,9123,9123,7478
11481,7990,5724,6701,3549,3549
11482,5176,5494,5627,5627,3179
11483,4130,2331,3309,3309,8764
11484,3194,3677,7994,4529,4529
11485,4067,3695,2392,2392,2392
11486,3885,3852,3757,4072,3702
11487,4351,2753,3891,3891,3891
11488,2904,4346,2920,2920,2920
11489,2963,2889,3914,4539,4539
11490,2963,3099,3235,3914,3914
11491,7854,4084,3250,3250,3471
11492,3216,3327,3327,3327,3291
11493,3522,4452,2273,2798,2798
11494,2802,3589,3131,3854,3854
11495,2494,3208,3711,3022,3022
11496,2333,3183,3508,2719,3508
11497,4384,5295,6041,4403,4403
11498,2681,2984,3446,3733,3733
11499,3366,2795,4297,4297,3701
11500,4177,2603,4021,4021,4021
11501,2745,8578,4104,4104,4104
11502,2780,2782,2780,3367,3367
11503,3016,2634,3112,4066,3112
11504,7122,5385,4998,5777,6426
11505,4357,8683,6574,6574,6574
11506,3418,2797,6075,2944,2944
11507,7118,8469,7398,8113,8113
11508,3118,3959,8073,8911,8911
11509,1109,185,185,185,4819
11510,3035,2351,3175,3175,3175
11511,4907,6410,4469,2973,2973
11512,4782,2751,4854,4659,4659
11513,7613,6666,3692,4187,3692
11514,2781,4455,3597,3924,3924
11515,3286,3048,3411,3273,2711
11516,2486,3898,7590,7590,7590
11517,6172,6106,5983,6441,6441
11518,2985,2834,2654,3107,3107
11519,2962,4559,4181,2861,4181
11520,2989,5946,3103,5960,4632
11521,3504,3426,3846,4135,4135
11522,3245,3213,4311,4574,4574
11523,2656,2547,6975,3895,4451
11524,8179,5665,4299,6336,6336
11525,3235,2679,2371,4527,3235
11526,3121,4084,4098,4098,3465
11527,2911,3497,3992,3992,3992
11528,3251,3651,3538,4185,4185
11529,2706,4632,3751,3751,3751
11530,2780,3279,3450,3450,3450
11531,5788,5523,5447,2392,5912
11532,3276,5794,2310,2310,2310
11533,2960,3527,3178,2758,2758
11534,2843,5054,2531,2531,2531
11535,2413,4066,3786,3786,3786
11536,4477,3003,3515,3515,7760
11537,9142,8696,2309,8793,8838
11538,5749,7921,4532,3472,4532
11539,3121,3328,3781,3781,3781
11540,4015,5704,3434,3399,3399
11541,4221,3414,4524,2405,4033
11542,3780,3635,3048,3889,3698
11543,6063,7661,5617,5617,5617
11544,9090,2545,4518,2592,2592
11545,9143,8306,6959,6959,8145
11546,4015,5224,4020,4020,4020
11547,527,6263,8353,8353,8353
11548,1206,4295,5912,5912,5528
11549,2414,4550,3874,8269,8269
11550,4550,2590,2844,2844,2844
11551,4416,8269,3874,3874,3874
11552,3418,7912,6533,6533,6533
11553,7344,6499,6232,6232,6232
11554,7598,6274,6430,6110,5363
11555,3206,2646,3450,2594,2594
11556,2547,2380,3997,3088,3088
11557,2800,4091,2728,4301,4301
11558,2889,3875,3319,3319,3319
11559,2903,3534,9134,5003,3006
11560,3390,3395,4526,3426,2914
11561,6041,2523,4891,4891,4891
11562,1138,6595,6461,6341,6224
11563,1609,4304,4334,4092,4092
11564,8997,4206,3938,3938,3938
11565,2468,3903,3661,2471,4326
11566,2825,3704,4261,3732,2625
11567,6129,4517,5074,5074,5074
11568,5849,5484,5447,5447,5447
11569,5502,5550,5829,5287,5829
11570,4373,5229,3163,3567,3567
11571,3434,4365,4365,4992,4992
11572,5079,2318,2669,3047,2487
11573,8052,3397,7916,5447,5812
11574,4066,2428,2317,4066,4066
11575,7152,3490,7385,7385,7385
11576,3530,2649,3469,3469,4514
11577,4152,4100,3033,3033,3033
11578,3158,4396,4396,4113,3833
11579,4694,7378,5518,5806,5806
11580,3912,4712,6949,7155,7155
11581,3660,5585,4969,4969,4969
11582,3068,6582,6216,2958,6216
11583,3172,3172,2701,2933,2933
11584,3402,4338,6774,2958,2958
11585,3496,3291,4008,3144,3144
11586,4362,2605,3832,2821,2821
11587,4399,4328,4135,3044,3044
11588,3571,4442,4232,2514,2514
11589,3430,2939,2659,3119,4614
11590,2491,2685,4120,4120,4120
11591,3779,3861,4519,2819,2819
11592,3543,3429,3224,2391,2391
11593,4408,2963,2765,3479,3479
11594,4509,3725,4885,6843,6843
11595,3786,3775,4578,2749,2749
11596,3725,2706,3633,5580,5580
11597,3597,3489,3378,2568,2568
11598,2626,2993,3986,4380,3981
11599,3712,3705,3955,3496,3496
11600,3136,3198,3581,4351,4351
11601,3443,3651,4526,4526,4097
11602,4301,3489,4066,4522,3785
11603,2463,4019,3521,3284,3284
11604,2874,3493,5214,5214,6878
11605,2332,3586,6730,4892,8468
11606,4209,4222,3941,3941,3941
11607,3059,8054,3841,4198,4198
11608,3431,4540,387,387,387
11609,3261,8602,3423,3727,4253
11610,3290,3795,3531,2879,2879
11611,2562,3215,3022,3022,4017
11612,3384,7395,4588,2492,7157
11613,2553,4707,6137,5860,6137
11614,2387,4791,8771,8621,8621
11615,7141,2115,8029,8662,8662
11616,3794,3022,4134,1774,1774
11617,2583,3799,3228,3228,3458
11618,3742,3513,3689,1193,1193
11619,6926,4419,3276,4876,5674
11620,4991,6329,5121,5121,7445
11621,8348,5292,4384,8356,4384
11622,3237,5268,9107,2359,6008
11623,2947,3303,2362,4028,2760
11624,2760,9147,7625,6257,6257
11625,7176,8101,7234,8857,8857
11626,4227,3549,3740,3059,3059
11627,8966,6255,6255,6255,6255
11628,5635,2460,5018,4678,4678
11629,4660,2820,5178,5886,5886
11630,5676,4135,8899,4509,3731
11631,2789,2605,2834,2509,2509
11632,4326,3895,3289,3316,2442
11633,4006,7638,3666,3846,3666
11634,2724,4233,4233,4233,4233
11635,3251,3251,8106,2870,2870
11636,4364,4133,3609,2972,3951
11637,3854,5259,3185,6490,4010
11638,2857,2748,3298,3298,3298
11639,3482,6328,3738,7300,8465
11640,8689,3846,4990,2840,3343
11641,3343,4461,6851,7399,4377
11642,3770,4758,2445,6100,6100
11643,3278,2540,4448,4448,4448
11644,4036,3476,2462,2462,2462
11645,2656,2973,3186,2713,3085
11646,3422,7498,3335,3377,3377
11647,4756,341,2749,2837,2837
11648,8118,8828,9108,8645,6947
11649,2950,2985,4354,4354,4354
11650,3205,2517,2338,2338,2338
11651,8811,6808,2358,2358,2358
11652,3400,4253,3400,3400,3400
11653,4545,2750,2652,2743,3104
11654,3324,3458,685,685,1136
11655,7229,3059,4007,4170,4170
11656,3696,4617,3939,3358,3358
11657,7745,7285,7651,3079,3079
11658,7566,7315,7498,7498,7498
11659,4508,3259,2753,4544,4544
11660,4140,8555,7563,9164,9164
11661,4263,3651,2848,4107,4107
11662,3273,4348,4307,4362,2510
11663,4753,3907,4696,4696,4696
11664,2624,2646,3369,3091,3091
11665,3866,2346,2914,2914,2914
11666,9038,8717,6102,6102,6102
11667,3402,3339,5083,4417,4417
11668,4242,9147,3199,7672,7672
11669,518,3552,1100,1100,1100
11670,3004,2482,8419,8419,8419
11671,8538,2937,3865,2925,383
11672,8463,6883,7052,7052,7052
11673,6677,5483,6927,5483,5483
11674,2967,2967,3241,4518,4518
11675,3301,2662,8429,2310,3375
11676,3819,2643,1403,1403,1403
11677,3870,562,84,701,701
11678,2603,3168,3585,3585,4113
11679,2565,1820,4356,3948,4356
11680,3568,1555,4421,4421,4421
11681,2875,2507,2395,2395,2395
11682,2835,3735,2875,2875,2875
11683,2714,4118,2875,2875,4118
11684,2583,3240,1002,1230,1230
11685,9043,5519,9043,399,9182
11686,4035,2344,2375,2915,2915
11687,2357,3255,9128,3954,3954
11688,3602,6610,6610,5964,6610
11689,4911,4845,5856,5518,905
11690,2563,3849,3781,3408,3408
11691,3038,3175,3988,3175,3175
11692,6821,5467,8353,5229,8353
11693,6819,6820,6100,6100,5989
11694,3554,4610,5647,5349,5647
11695,3456,3456,2590,2590,2590
11696,2525,3986,3358,8829,8829
11697,4218,3851,4017,4017,2644
11698,3519,3845,3508,3508,3508
11699,4473,4163,3043,3983,3983
11700,2723,3296,2852,2984,2792
11701,2828,2493,2493,2493,2493
11702,2795,2672,4037,4462,4462
11703,4128,4473,4164,4164,4164
11704,2788,3594,3446,3446,3446
11705,2351,4221,2475,2475,2475
11706,4625,6139,6470,2364,2364
11707,2787,2569,2697,2754,2754
11708,7388,249,6153,8843,7942
11709,4613,4313,2599,3621,3621
11710,2501,3660,8009,7446,7446
11711,8161,3208,4590,4590,4590
11712,2975,2702,4298,4018,4101
11713,3102,4236,4435,4435,4435
11714,6318,2504,2448,2762,2762
11715,3734,4292,3240,3734,3734
11716,3431,6598,4825,6798,6798
11717,5585,4274,3794,3794,3794
11718,8549,6083,3629,5525,5525
11719,5828,8858,8380,7437,7372
11720,7283,5497,6542,5108,6542
11721,6895,6544,6160,5814,5814
11722,4280,5109,3679,2331,2331
11723,2913,5617,3477,6009,6009
11724,8433,1515,8825,380,8639
11725,5856,5518,5406,4674,6340
11726,4783,4345,2475,3944,2535
11727,2310,8630,2947,3901,2632
11728,3863,3863,3116,3116,3116
11729,2585,4424,3046,4376,4376
11730,4181,4265,3832,3832,3832
11731,3716,3785,3932,3932,3932
11732,3965,4151,2673,2673,2673
11733,7018,8761,7018,5123,5123
11734,3447,7549,3884,2612,3884
11735,3422,3825,2904,3593,3593
11736,3377,4208,4559,4559,4559
11737,4152,4026,2770,4516,3540
11738,2678,2638,4346,2678,2678
11739,3604,3088,4006,3088,3125
11740,8877,2371,5682,5682,5682
11741,2878,3401,3187,3187,3187
11742,1771,7539,4449,8976,8976
11743,3564,5585,8849,8849,8849
11744,2318,3597,2914,3044,3044
11745,3581,4223,2790,3978,3978
11746,2319,3460,2840,3135,3593
11747,3995,3568,4318,4318,4318
11748,5141,4189,4189,4189,4189
11749,3633,2423,3057,3937,3937
11750,4294,4421,2979,2979,2979
11751,4164,4341,3161,2653,2653
11752,3400,3363,4081,3389,3389
11753,3635,7353,8383,8817,8817
11754,3818,4613,3977,3977,3977
11755,2625,7884,2420,3954,2420
11756,4237,6069,3265,3265,3265
11757,2980,4100,3750,3750,3750
11758,4593,3858,3858,4349,3714
11759,8379,5425,3600,7803,7803
11760,5935,7755,4649,3045,7905
11761,4640,8336,2940,6497,6497
11762,3706,1629,1109,1916,1109
11763,4999,9116,8564,6538,6538
11764,5733,5117,7782,4947,4947
11765,3377,7716,2749,4445,4445
11766,3275,6444,3096,9134,4594
11767,2531,2798,2639,2639,2639
11768,5251,5291,6643,5151,8470
11769,9054,4110,8770,7711,7711
11770,4971,6417,7929,4712,8889
11771,4437,4433,3659,2487,4433
11772,3037,4287,5378,4448,9183
11773,6029,6509,5885,5348,5348
11774,3213,7905,8974,8974,8540
11775,8365,4254,3116,4507,2820
11776,3928,1664,5771,1512,1512
11777,2663,2685,3447,3492,3492
11778,2794,4133,3296,2457,3772
11779,3119,4293,4555,2599,4555
11780,5921,6594,5484,3357,3357
11781,6470,5453,5916,5916,5916
11782,6470,2659,3182,3574,2777
11783,4846,4514,4846,4846,4846
11784,2697,2697,3273,4212,4212
11785,5285,1497,601,908,1814
11786,3584,4492,3490,3584,3584
11787,3279,3679,4549,4179,4526
11788,4264,3402,4270,4375,4270
11789,2917,5395,4299,4299,4299
11790,2806,3110,2327,2404,2485
11791,1596,7307,5231,6155,6155
11792,3822,3897,3334,4130,4130
11793,3524,3117,4022,4324,3222
11794,3957,3947,3754,3239,2889
11795,3170,5604,3129,3176,3176
11796,4298,2680,8612,8612,8612
11797,4579,8308,7298,8009,8009
11798,1649,3636,2832,4476,4476
11799,2329,8569,9166,8404,8404
11800,3474,7305,4302,6806,6806
11801,4324,2418,4066,4066,4066
11802,4107,4461,3302,3426,3302
11803,5242,3026,6726,3853,6726
11804,3232,2752,3266,3652,8941
11805,3697,3232,7965,896,896
11806,3010,4457,4457,4457,4457
11807,3589,3157,9152,9152,9152
11808,3111,4410,8423,8423,8423
11809,3847,3071,3847,3847,3847
11810,7957,9205,7416,7416,7416
11811,4524,3740,2812,5430,2812
11812,5058,4776,5202,3217,7819
11813,3883,2904,3705,2616,2616
11814,5097,3522,4402,4402,4402
11815,4066,3906,3788,3788,3788
11816,2694,3501,3509,2443,3509
11817,4355,2429,2534,3690,3870
11818,3799,4538,1837,4405,4405
11819,2417,2846,2684,3475,2684
11820,3152,3152,3673,3673,3673
11821,3956,3956,2492,2860,2860
11822,522,2224,771,1168,50
11823,7720,3164,2881,7925,7925
11824,2325,2717,3102,3102,3102
11825,4285,7287,8282,3468,3242
11826,3154,9134,2837,4285,4285
11827,9005,3544,4139,3399,3399
11828,3191,2517,3075,3088,2468
11829,4120,3088,3767,3988,2784
11830,3758,3180,4107,4107,4107
11831,2995,3346,3470,5678,5678
11832,2631,4578,3524,3507,3507
11833,2631,4130,2631,3485,2537
11834,2938,4050,3741,4480,5757
11835,2583,1820,2499,2499,2499
11836,3387,2499,4292,2830,2830
11837,3963,4480,8969,8696,8696
11838,3715,224,3828,3828,7176
11839,5788,3247,2578,2578,3018
11840,2504,3255,3255,3734,3255
11841,2917,4363,2785,2677,2785
11842,3357,4120,3492,3430,3430
11843,3024,2962,2914,2914,3281
11844,3444,2853,4552,3712,4552
11845,4179,3135,3931,3931,3931
11846,5339,2843,6187,6187,6187
11847,4371,3930,2383,3463,3463
11848,3568,6166,5576,5576,5576
11849,2381,6227,6035,6035,6035
11850,3752,4184,4004,4004,4004
11851,2672,4333,4333,2511,2511
11852,4221,4221,2758,2824,2758
11853,6065,8553,4169,3003,6919
11854,2679,2713,2602,3184,3184
11855,4280,4121,3498,3358,3358
11856,4020,8211,3915,3915,3915
11857,2629,3307,3541,3541,3541
11858,4293,3531,3286,2560,2560
11859,3549,3549,4039,2685,2685
11860,2955,3354,3354,3354,3311
11861,8888,1953,1289,108,108
11862,4050,4555,4341,5263,5263
11863,9031,6990,3200,4421,4421
11864,2675,2800,4000,3000,4000
11865,3171,4189,3175,4265,4265
11866,3997,2539,2606,3434,4602
11867,3595,3279,4180,3559,4180
11868,2961,3205,3571,4466,4466
11869,2689,3497,3745,4527,3497
11870,4253,2437,4065,4065,4065
11871,3729,4253,4084,3544,4084
11872,4253,4253,3400,3400,3400
11873,1206,905,2132,754,754
11874,3949,3949,3949,4132,4132
11875,8732,3961,4032,2553,4195
11876,4393,2895,7260,8391,8391
11877,7442,6777,8235,5877,5877
11878,6853,7342,5524,5524,5524
11879,4388,5322,5256,4460,4460
11880,7994,6472,5410,2919,2919
11881,7004,4016,5335,5335,5335
11882,6129,3341,5566,3371,3371
11883,4386,3681,3447,3447,3447
11884,2216,2887,4443,2887,2887
11885,4170,5649,3912,3912,3912
11886,2357,3453,2986,7698,2986
11887,3134,3850,4023,3226,3226
11888,4139,3422,2969,3175,3175
11889,2821,4139,2969,3422,3422
11890,3600,4166,4585,3029,2781
11891,2731,3224,3312,3312,3312
11892,3291,3124,3454,3887,3887
11893,6325,6054,6702,4813,4813
11894,4491,2597,4294,4294,4294
11895,3363,4103,4024,2504,2504
11896,4018,4529,2512,2879,2512
11897,2817,2618,3903,3504,3504
11898,2606,4119,6036,6036,6036
11899,7329,5981,5022,3859,5022
11900,2684,4195,3624,4162,4162
11901,2660,2892,3643,4267,4267
11902,9200,5534,5755,4838,3547
11903,2918,2379,4300,3628,3628
11904,2973,3978,2973,2973,5007
11905,5859,5889,4693,4693,4693
11906,4419,3358,2805,3525,3525
11907,3286,4095,4120,2662,2662
11908,2361,2805,3478,3478,3478
11909,3985,2920,4602,3239,3239
11910,3695,4022,2374,2547,2502
11911,4381,3021,2963,2963,4133
11912,2449,4614,2367,2655,2367
11913,1904,893,2534,3363,3363
11914,4167,2449,4548,4548,4548
11915,2458,4389,2607,3495,3495
11916,3048,4479,4479,2349,4113
11917,2343,3967,2692,2692,4278
11918,4157,3073,4005,4550,4005
11919,4173,3073,4556,2417,2417
11920,8890,3050,1538,1986,1986
11921,3469,3375,3176,3168,3168
11922,2452,2452,4042,4042,4042
11923,4151,7060,4192,2942,2942
11924,3745,4549,4376,2374,2374
11925,5975,3825,4543,2589,2589
11926,2765,2444,2929,2929,3543
11927,2417,4087,2462,4087,2462
11928,4475,7201,7466,6441,6441
11929,2716,2860,3735,3917,3917
11930,4414,2386,3191,2784,2784
11931,4314,3527,4387,4256,4256
11932,3041,6921,3695,8922,3695
11933,3573,3539,4225,4225,4225
11934,2885,2353,2335,4223,3291
11935,3914,4135,3691,2775,3291
11936,4214,2871,2717,3165,3165
11937,3548,3911,3942,3942,3942
11938,3031,640,678,916,678
11939,3956,2859,2859,2684,2859
11940,2545,3943,2684,2684,4110
11941,4395,3917,3943,3943,3943
11942,7750,5115,2389,2389,2389
11943,2895,3241,2575,2575,2575
11944,5840,5817,6399,6399,6399
11945,2751,4217,6159,6159,6159
11946,4932,8641,2988,3599,2988
11947,2568,2471,3185,4581,4581
11948,4421,2495,2495,2495,2495
11949,2495,2972,2978,4226,2495
11950,505,6264,8892,6217,2986
11951,1668,7771,8444,9228,8444
11952,8598,8471,8857,7710,7710
11953,5371,5959,8762,8762,8762
11954,4862,2470,4302,4302,2925
11955,4222,4518,2672,2672,2672
11956,7028,7943,1283,1283,1283
11957,3327,3273,2466,3887,3887
11958,2706,3789,3239,4326,3731
11959,3723,3147,3647,3647,3647
11960,3843,3126,892,4132,109
11961,4100,3102,3495,3495,3495
11962,2744,3411,2787,3966,3966
11963,3310,4567,4567,4567,2942
11964,3310,3554,3840,3840,2942
11965,8249,8863,1961,7024,7024
11966,7142,2358,6487,4159,8716
11967,4821,2712,6348,9208,2366
11968,6833,2703,4013,7251,3600
11969,3510,8451,3510,3510,3510
11970,3510,3510,4198,3510,3510
11971,6084,4315,2715,7072,7822
11972,3556,3122,6156,6156,6156
11973,7839,4455,8604,3060,8782
11974,3838,2679,2730,2730,2730
11975,6934,6934,6750,6433,6750
11976,4405,3020,5154,7100,7100
11977,6885,6276,6281,7919,7919
11978,2762,8517,2807,3428,9105
11979,2583,3629,3447,3681,2499
11980,2573,4493,3445,3941,3941
11981,7100,4855,6510,6256,6256
11982,7655,9003,4215,2488,8094
11983,3545,7233,7480,7480,7480
11984,3849,4404,2993,2993,4125
11985,5322,3302,5764,6653,6653
11986,4326,3504,3224,3846,2471
11987,2885,3907,3450,3315,3450
11988,3112,1348,2646,2646,2646
11989,3504,3880,3887,4589,4589
11990,3271,2864,3543,2918,2842
11991,2345,3356,2962,2468,4553
11992,2570,3222,3883,2466,2466
11993,2830,3296,4024,2499,3314
11994,8341,4566,8291,3871,3871
11995,3477,7257,3663,5194,5194
11996,3180,2896,3046,3788,3788
11997,2528,3251,3251,3251,3251
11998,4694,5613,862,862,862
11999,3330,3605,2767,3213,3213
12000,3301,3301,4155,4370,4443
12001,4363,2662,4379,4379,4298
12002,2789,4002,3473,3473,3473
12003,3615,3727,4581,2987,2987
12004,3788,4183,4314,2987,2914
12005,4381,3761,4164,2598,2813
12006,3880,3396,2706,2706,2706
12007,4008,2964,4354,2606,2606
12008,2512,4081,3432,2677,2677
12009,4363,4164,3284,4168,3284
12010,7826,2461,4311,3220,3448
12011,3831,2338,3645,2969,2969
12012,2338,2781,4577,4577,4577
12013,3058,3923,3676,4112,2593
12014,5742,7813,7565,7565,7565
12015,7457,2552,2971,5726,3150
12016,4541,5651,2324,4195,1649
12017,1528,208,1707,1707,1707
12018,1389,4763,3860,3860,3860
12019,8533,6123,7459,7546,7459
12020,8277,4629,2667,8842,6642
12021,2913,6360,3631,3631,3012
12022,2424,5599,4248,3433,3433
12023,2744,6874,4488,6770,6770
12024,3433,3165,4614,5342,4614
12025,3925,2795,4235,3733,3733
12026,3470,3418,3352,4074,4074
12027,5571,4416,4416,3352,3352
12028,2797,3227,5833,5833,5833
12029,3822,2808,8865,2301,2301
12030,3822,2738,772,772,772
12031,4201,2849,3807,3807,3807
12032,4441,3343,3077,2589,6156
12033,3408,4107,3175,3768,4380
12034,4225,3704,3543,3543,2491
12035,4196,1757,4126,6334,6334
12036,3296,2702,3427,3519,3519
12037,8462,8198,2868,7373,2868
12038,3227,4357,6574,4416,4416
12039,5368,8850,1585,7883,7883
12040,2919,6571,5303,5182,5182
12041,3332,3349,4302,4541,4541
12042,4541,2919,4541,4541,3349
12043,3613,4541,4541,4541,4541
12044,3987,2417,2417,2417,2417
12045,4622,4622,5083,5083,5083
12046,2435,2332,3170,2873,2873
12047,3081,3527,3586,2985,2985
12048,2946,3849,5837,7228,7952
12049,4118,4498,3763,3299,3728
12050,4126,5453,5116,8307,8307
12051,3819,5862,2472,2766,2766
12052,2662,3836,6374,3836,4480
12053,3428,2420,3500,3500,3500
12054,3884,4576,3130,3130,3130
12055,3950,2344,7710,2527,2527
12056,3760,4093,2375,3838,3838
12057,2827,4066,7291,3078,3341
12058,2531,1241,3235,4061,4061
12059,3415,8047,5467,3860,3860
12060,7549,6084,462,2744,8468
12061,4472,3237,2737,8917,8917
12062,3184,2686,2686,4180,3003
12063,3081,3081,4598,3081,4598
12064,2516,1008,5183,5146,5146
12065,4677,6651,4897,6083,4868
12066,6682,6416,4729,4729,6071
12067,4819,4677,8706,5393,5393
12068,108,1937,1729,1729,1729
12069,2590,3241,3336,2942,3776
12070,3392,2511,3699,3100,3100
12071,8362,6995,3293,9106,3293
12072,4049,2782,2782,2782,2782
12073,3177,4355,2457,6139,2457
12074,3702,2587,4067,3296,2685
12075,2757,4221,4117,4117,4117
12076,4116,2426,2856,3535,3535
12077,3105,2693,3321,3321,3321
12078,3321,4102,4102,4102,4102
12079,1936,415,3278,3115,3115
12080,3972,3286,2452,2587,2769
12081,4555,2361,2948,3983,3983
12082,4153,4525,4523,3478,3722
12083,3405,4232,4386,4281,3733
12084,2910,2314,2607,3478,3478
12085,3236,3178,2758,4168,3116
12086,4997,2344,4557,9180,9180
12087,3193,3158,3688,3688,3688
12088,2953,2805,3690,4090,4090
12089,3456,4173,7210,7210,7210
12090,7085,5440,8516,8516,8516
12091,4074,3240,3105,4331,4331
12092,6611,3956,7534,7534,7534
12093,8255,2755,383,6611,6611
12094,7675,8132,7678,9150,9150
12095,6837,2310,4230,4230,4230
12096,3086,2954,5245,3031,3031
12097,2742,5392,2862,5672,5672
12098,8322,2759,2676,3330,3330
12099,2753,3973,4559,4559,3465
12100,3144,4148,2987,2987,2987
12101,4302,9143,3952,3952,3952
12102,3852,3449,3449,3449,3449
12103,2714,4241,2684,2684,2684
12104,2437,2437,2322,2322,2322
12105,2437,3261,4253,4253,4253
12106,3578,3022,3400,2322,2322
12107,3807,3439,3934,3258,2417
12108,2683,3943,3822,3822,3822
12109,3807,2846,3673,3673,3673
12110,4297,2614,2492,2614,4395
12111,3791,3927,2579,2898,3750
12112,4209,4240,2629,4479,2629
12113,8749,8915,4514,4514,4514
12114,3280,6627,6112,4937,4937
12115,2797,2844,2592,2637,3336
12116,4567,3537,3277,3278,3278
12117,3746,4245,4245,4245,4245
12118,3049,7250,2835,7198,7198
12119,2462,3735,4319,4319,4319
12120,8547,7323,4818,2579,2579
12121,3648,3904,4201,4201,4201
12122,9128,6855,4557,3129,3129
12123,5705,3199,6741,2726,2726
12124,5272,5359,6126,5550,4815
12125,3522,4131,1959,3637,3857
12126,3268,4402,4847,3509,3509
12127,2772,3580,2624,3367,3367
12128,9058,3263,4480,4480,4480
12129,3098,4356,4126,1774,1774
12130,5987,5709,6906,6582,6582
12131,1402,1266,2086,297,410
12132,3746,2621,2438,3248,3248
12133,6072,6467,6073,6073,6073
12134,4091,4091,3437,4351,4351
12135,3605,3198,4084,3444,4098
12136,2843,2675,2442,3124,3124
12137,2464,4160,4593,4593,3076
12138,2717,3076,2729,2729,2729
12139,2603,2729,3986,3498,3498
12140,2562,2562,2562,2562,2869
12141,3679,5860,4970,4187,4378
12142,3305,4604,3305,2983,3305
12143,2838,2984,2852,2852,2852
12144,3241,2707,2164,4290,4290
12145,564,1878,30,4290,4290
12146,4338,2984,3646,3646,3646
12147,3324,4298,2583,1230,1230
12148,173,1858,2564,7221,8696
12149,3658,3747,4302,4302,4302
12150,2700,2717,3183,3183,3183
12151,2657,8178,4891,7528,4891
12152,3065,4429,4429,3727,4429
12153,3191,3938,4316,2787,2787
12154,3580,3294,3930,3838,3838
12155,3313,5595,3145,3145,3079
12156,2411,3059,2439,3303,4020
12157,4169,3220,4372,4020,3606
12158,7243,8733,8478,8478,8478
12159,3107,3209,3231,3560,3560
12160,4193,4193,4193,5014,5014
12161,8553,3617,7783,5485,4966
12162,6942,6713,5293,6677,6380
12163,2884,5378,5733,6710,3065
12164,7466,9205,9205,8362,9124
12165,2989,2528,6916,2589,3397
12166,8511,3211,3955,3584,3584
12167,7214,8514,5604,2644,2644
12168,2533,5459,1883,1883,1883
12169,2530,6335,2831,3896,3896
12170,3423,2835,3858,3352,3352
12171,3073,2467,4476,3970,3970
12172,3487,3918,2829,9195,9195
12173,1448,2829,1451,7218,7218
12174,2658,2487,6199,6199,6199
12175,2470,4248,4393,2389,3300
12176,2620,4479,3672,3672,4187
12177,3176,4592,3653,3092,4592
12178,4160,2445,4014,2715,2715
12179,4034,7598,4266,3076,3076
12180,2393,3049,4201,4201,2955
12181,3258,4444,8152,8152,8152
12182,2922,4256,3299,3077,3077
12183,3302,2475,2993,4125,4125
12184,3657,2476,3213,3213,3213
12185,3478,4403,2663,2685,2685
12186,2939,2796,6470,6470,6470
12187,3059,3338,4294,4294,4294
12188,4047,2820,2827,5837,7526
12189,2790,9021,2794,9021,9021
12190,3810,4419,4039,2407,3916
12191,3081,3107,3081,2929,2929
12192,4259,4414,2944,4219,4264
12193,3286,4349,3081,4598,4598
12194,8926,945,3031,4957,4957
12195,6004,3884,5047,939,939
12196,2814,2526,4957,4957,4957
12197,4461,3136,4443,4559,4559
12198,3957,2914,2466,2317,2317
12199,3887,2914,3868,3846,3846
12200,4319,4383,4383,4383,4383
12201,2892,4383,4383,4383,4383
12202,4173,4476,2875,3069,3069
12203,4160,3469,3833,3833,3833
12204,3141,4256,8054,2625,2625
12205,3114,3107,3592,4356,4356
12206,2919,4541,2545,2545,2545
12207,2395,8319,8319,8319,8319
12208,8152,5591,2508,2508,9198
12209,3832,4144,3990,4251,2932
12210,3522,742,7417,9234,9234
12211,4260,7148,7418,7418,8220
12212,3361,2446,3659,4172,4172
12213,2958,6582,6645,6728,6728
12214,1978,5329,4877,4054,4054
12215,5553,8942,9037,9037,5956
12216,7720,4024,3269,3129,3269
12217,2410,976,3433,3079,1702
12218,4033,4066,5965,2319,5965
12219,4097,3370,2896,2896,3002
12220,2350,3369,4524,3443,4524
12221,8013,4171,3977,4475,4475
12222,6935,7579,7534,8685,8185
12223,3072,3063,4426,3051,3051
12224,3717,2487,5290,4288,4288
12225,8674,7255,4077,6643,4077
12226,4210,3776,4588,4588,4588
12227,3414,2585,4497,2798,4497
12228,3414,3924,3373,3936,3957
12229,4364,4197,4470,3960,3960
12230,4468,2729,2867,2867,2867
12231,6352,5060,5009,5009,5009
12232,2614,4355,2715,2422,2422
12233,4371,2320,3254,3254,3254
12234,3852,4576,2877,3852,2832
12235,2433,2882,2933,3763,2933
12236,4615,3556,2509,3273,2606
12237,2989,4397,2345,5891,5891
12238,7876,3973,2683,2683,2683
12239,3735,3904,4110,2860,3017
12240,2880,3484,4045,2427,2427
12241,3017,3652,4137,2613,2613
12242,3598,4107,3686,3206,3206
12243,3856,4526,3755,2731,2731
12244,3625,3195,3539,3539,3539
12245,3017,2860,3017,3017,3017
12246,4484,4226,4226,4226,4226
12247,3546,4490,3673,3673,3673
12248,4344,4412,3924,3924,3924
12249,3072,4517,363,1512,1512
12250,3814,4617,2697,2697,2697
12251,2745,3289,2745,2745,2745
12252,4206,4438,4438,3761,3761
12253,3311,2733,2479,6454,6454
12254,4317,6897,8576,7690,8530
12255,2747,6238,5755,5753,3643
12256,1331,3178,5961,3178,3178
12257,8286,9178,4562,4370,4562
12258,2662,2984,4432,4432,4432
12259,2743,3229,3229,6318,4341
12260,2920,8986,3729,3729,3729
12261,2835,2467,3158,3934,4502
12262,3822,7233,2849,2849,2849
12263,3039,6068,2527,5912,5912
12264,5322,3845,5845,5845,5845
12265,7373,2990,9025,9065,2990
12266,8922,4197,3736,4163,4163
12267,2827,2546,4776,3893,5484
12268,4189,4068,3099,3825,3775
12269,8523,8157,7016,906,906
12270,3941,3263,6726,4499,4499
12271,7786,3642,5290,479,479
12272,3760,3380,3459,3459,3000
12273,2434,4582,4044,3213,4044
12274,2676,2908,2936,2936,2936
12275,2701,3500,2496,4491,4297
12276,3255,3531,3884,3830,3830
12277,4384,4435,3483,3483,3483
12278,7667,7832,2473,2473,2473
12279,6075,6012,6745,8064,6117
12280,7098,6730,5021,5021,5021
12281,3339,4165,2429,2923,2429
12282,3191,2583,3381,3381,3381
12283,2723,2376,4462,4035,2340
12284,3684,2477,3484,3484,3484
12285,2787,4462,4241,4241,4241
12286,2883,4462,4177,4462,4462
12287,4410,3682,3579,3579,3579
12288,5097,3795,3978,3450,3450
12289,3006,2568,2459,3745,3745
12290,1173,3314,8752,2562,2562
12291,3181,4281,4432,2756,2756
12292,2035,963,201,1383,201
12293,2992,6693,4967,6238,6238
12294,991,7215,1420,1420,1420
12295,3285,4535,3827,3827,3827
12296,7489,1308,1308,8229,6993
12297,5480,5221,3069,2582,3069
12298,3539,3670,8044,3876,3319
12299,3586,2943,3499,3813,3757
12300,3675,3692,2561,4572,4572
12301,4537,3825,3895,2813,2606
12302,3812,4251,3686,2679,2679
12303,4351,4006,2638,2969,2969
12304,4188,2982,5315,4918,4918
12305,3974,5453,5949,5263,5263
12306,3618,2677,2585,5912,2585
12307,3220,2643,2643,2643,2643
12308,2729,2729,2806,2806,2806
12309,3673,4304,2354,2672,2672
12310,2533,2573,4407,4407,4407
12311,8442,651,8229,7672,8666
12312,2924,4236,2894,3585,3585
12313,8811,2586,7672,2970,7102
12314,2568,3327,2441,3450,3450
12315,3086,2313,2547,2547,2547
12316,4540,3312,3348,2355,3565
12317,6499,6863,6339,5560,5560
12318,6165,6030,5827,3020,6440
12319,5467,7755,3045,7300,7300
12320,2453,3344,8377,7520,2617
12321,4614,3496,2452,3119,3119
12322,4076,2613,3728,3532,3532
12323,9120,8357,4483,4483,4483
12324,7303,4483,4483,4483,4483
12325,7798,7480,6993,6993,6993
12326,3907,3274,3302,3940,3940
12327,3504,3539,2896,3434,3846
12328,2619,3854,3864,4119,4119
12329,3411,4055,4515,4515,3560
12330,3562,3923,3121,3121,3222
12331,3231,3231,2917,3465,2917
12332,3690,8017,3962,3962,3962
12333,4048,2998,3418,2436,2436
12334,7810,4702,1213,4603,4603
12335,7923,1417,1386,7952,7952
12336,3664,2586,4062,4062,3976
12337,3977,3550,3115,3115,3115
12338,6536,2432,3789,5317,5317
12339,3273,4058,2904,4144,4056
12340,6804,5926,4547,259,259
12341,2421,3130,3531,2607,2607
12342,3155,3155,3155,3155,3155
12343,3213,2369,3636,4118,4118
12344,3363,8605,6004,3774,3363
12345,2805,2330,4280,4280,4078
12346,4071,4283,4604,3167,2744
12347,2383,2620,3418,2522,2383
12348,2958,9031,4143,5079,5079
12349,3470,4130,2691,2691,5505
12350,5378,5060,6452,6452,6452
12351,888,3277,7684,3076,5723
12352,6075,6182,7482,6370,6370
12353,3879,4434,4434,3632,9027
12354,3777,1415,5655,976,3526
12355,3384,4565,2645,2395,2395
12356,3388,4049,3670,4105,4105
12357,3144,3755,4532,4532,4532
12358,4324,4061,3058,3876,3876
12359,3319,2468,2318,3680,3680
12360,2763,2528,4575,3038,3038
12361,8482,3786,4451,3468,3468
12362,4615,2871,2871,3928,3928
12363,4041,3177,5678,6209,5958
12364,1757,8791,7834,6253,6253
12365,3131,4621,3225,4107,4107
12366,2481,2622,3565,3565,3565
12367,3417,1196,2745,2745,662
12368,5875,4181,3124,3124,3124
12369,3556,2542,4181,3356,2345
12370,8089,4559,2686,4299,4299
12371,8974,2421,2589,8744,8744
12372,4614,2769,4534,2769,2769
12373,3695,2421,2559,2476,2476
12374,5335,6722,6721,6721,6721
12375,3855,8632,3966,104,780
12376,3113,5139,3912,3912,3418
12377,3976,3858,2942,2942,2942
12378,910,350,7300,7142,7142
12379,1988,7189,6799,6799,6799
12380,2341,2942,4370,3722,2362
12381,4418,7476,4050,4491,4491
12382,2367,4280,2445,2583,2343
12383,3035,8328,4129,2624,2624
12384,1946,1606,2534,2777,2777
12385,3689,2407,3616,3794,3794
12386,2482,7573,2451,2482,2482
12387,2831,2831,2482,2482,2482
12388,9039,4060,8424,8424,8424
12389,2478,3431,2916,3428,4510
12390,6637,3592,4293,4293,4499
12391,3718,2680,387,2680,2680
12392,3334,7088,3292,3292,3292
12393,1095,1162,7721,593,593
12394,1281,7926,8491,8491,8491
12395,3009,7540,3808,3676,3676
12396,6267,3600,9165,9165,9165
12397,2380,2529,3257,3666,3666
12398,6465,3601,6647,4022,6158
12399,2430,3601,3571,3571,2634
12400,3945,2864,4512,2419,2419
12401,2346,5772,7420,7127,7127
12402,4000,2853,2368,4056,2368
12403,3163,3369,3395,2784,2784
12404,2544,2899,2544,2544,2544
12405,853,8650,4452,7325,7325
12406,3400,9112,4329,7338,7338
12407,3622,4024,3899,3924,3924
12408,7327,8166,5951,7912,5563
12409,8884,4423,8537,8144,7394
12410,3321,4074,3321,3321,3321
12411,3336,3277,2637,3277,3277
12412,3392,3277,4074,2414,4431
12413,4028,4294,2933,3851,3851
12414,3915,4028,3254,3183,3183
12415,3773,3533,3273,2515,3844
12416,4380,2350,4265,2502,2502
12417,3981,2607,3994,3994,3702
12418,3121,4508,3190,3348,3348
12419,3571,8225,4287,4287,4287
12420,6172,7657,2273,2273,4827
12421,3597,4179,2656,3438,3438
12422,7693,7510,4993,6162,4848
12423,2397,9165,2628,3808,9165
12424,4364,2624,1241,8646,1771
12425,3527,7439,4377,4377,4377
12426,3722,4067,4493,4493,4493
12427,3072,2572,4098,4098,4098
12428,3364,4015,4134,2719,2719
12429,4407,5286,8688,8688,8688
12430,8271,6791,3428,4106,2625
12431,3622,2383,5554,5554,5554
12432,4069,3158,4396,4396,4396
12433,3643,7136,4685,8145,8145
12434,2562,4310,6094,3276,3276
12435,7143,7581,4076,4076,4076
12436,2975,3282,4184,4184,4184
12437,2409,4866,5792,5792,5824
12438,3850,4208,4000,4000,4000
12439,4753,3825,5649,2718,5736
12440,2822,3287,2485,3287,3287
12441,4256,8549,4510,4510,3953
12442,3287,3194,3304,3478,3478
12443,3369,2790,4246,3121,3121
12444,4520,3207,3318,3318,3318
12445,2781,4057,4225,3936,3936
12446,3260,4273,3006,4273,4273
12447,4321,574,3968,4224,3968
12448,2374,2735,2848,2780,4083
12449,3432,4352,8583,2954,2954
12450,1296,2018,3032,837,837
12451,7959,5296,6938,8537,8537
12452,3245,3695,2847,2408,2408
12453,4289,3210,4573,4188,4573
12454,4388,8768,4010,4010,4010
12455,6010,6860,5924,5274,5274
12456,1418,102,1251,1601,1601
12457,4059,3761,3119,2991,2991
12458,2391,3044,3504,3504,3504
12459,3704,2431,3563,3274,3779
12460,4586,4182,2896,3369,3369
12461,4289,2529,4289,2690,4289
12462,4251,8919,4212,4212,2739
12463,4072,2371,4289,4289,4289
12464,2535,4450,3540,3709,3709
12465,2663,4059,4221,4009,4221
12466,4555,3151,7221,7221,2376
12467,4528,5268,4433,4433,4433
12468,4454,7324,976,7915,7915
12469,6195,4170,2620,2620,2620
12470,6574,9179,4794,4794,4794
12471,6373,6137,6137,4587,2579
12472,3466,7661,8447,7466,7466
12473,9017,1014,1330,1961,1014
12474,8131,4694,3047,4139,4139
12475,8616,5956,3564,3564,8103
12476,3361,2955,2590,2590,4567
12477,7605,81,6627,9136,8454
12478,3402,2540,6195,3726,4007
12479,2327,744,2332,2332,2332
12480,7466,3673,6077,6077,7480
12481,3918,3384,5576,2846,5576
12482,8400,5100,3008,5114,5114
12483,1310,2327,903,4391,3158
12484,3158,3458,3358,3820,3820
12485,3754,2570,2322,2322,3207
12486,3175,2633,2371,2371,2371
12487,3021,2811,3786,4131,4131
12488,2626,2509,3125,3014,3014
12489,3273,2848,2809,2817,2817
12490,2889,3180,2337,4058,2337
12491,2350,2960,2987,4543,4543
12492,4105,2896,4589,2911,2911
12493,5875,3788,2379,3788,3788
12494,2737,8222,5891,2957,2957
12495,3618,4021,3785,2625,4582
12496,3301,4018,3385,3385,2785
12497,2914,2724,8557,8557,8557
12498,2918,2780,2471,2471,2471
12499,2373,3581,4107,2790,3222
12500,3478,2490,4481,2704,2504
12501,4480,3997,3233,2602,3233
12502,2644,3146,8764,8764,8764
12503,801,2402,2806,4475,4475
12504,5286,2033,2083,2083,9017
12505,7620,3032,7567,545,1446
12506,2748,4399,8529,4166,4166
12507,2735,4382,3490,3847,3847
12508,4382,1573,4382,4382,4382
12509,2587,3200,3161,2659,2659
12510,3532,4340,4288,2909,2847
12511,4576,2477,3852,3852,3852
12512,7072,5242,7096,7096,7096
12513,6268,2789,2789,3169,3169
12514,2937,8890,7015,9162,7015
12515,3633,3556,3044,2759,2759
12516,3661,4145,4133,2828,2828
12517,3184,2976,4027,2825,4246
12518,9047,4460,4390,4390,8879
12519,2805,3447,3447,3447,3447
12520,5375,2992,6921,7484,7484
12521,2335,3704,4586,4586,3315
12522,3885,2837,4051,3003,4051
12523,6345,3730,4058,2966,2966
12524,7410,7170,5723,7308,7308
12525,3285,7308,1386,1386,1386
12526,7042,9168,7336,8632,7336
12527,5214,4278,4913,5145,5025
12528,3066,4897,3066,8761,8761
12529,2680,3132,4297,3536,3536
12530,3867,3328,2514,2983,2983
12531,2896,2458,3831,3094,2929
12532,3094,3440,4243,3428,4255
12533,9158,3113,2705,976,2705
12534,3791,3677,3677,2984,2984
12535,251,2272,593,470,470
12536,3846,3539,3846,4497,4497
12537,4104,4043,4354,2857,4578
12538,3600,4653,2559,2457,2574
12539,5644,6268,2956,3173,3173
12540,2956,6460,2956,5896,5896
12541,6258,8249,5619,6303,6303
12542,3245,3601,6101,4229,5018
12543,2557,3084,4306,3813,3813
12544,3802,2750,4575,2897,4098
12545,6034,5608,6311,5242,5687
12546,6594,6360,3018,5912,5912
12547,1002,8383,9033,6994,9033
12548,8228,3166,6254,4228,4228
12549,4267,4170,5290,4542,4542
12550,3226,6044,5436,5436,5436
12551,2796,4421,2796,4227,4305
12552,5806,5777,7125,5232,5232
12553,3800,3553,7386,7386,7386
12554,3652,7753,9200,9200,8468
12555,7241,7238,4890,7323,8513
12556,6077,7480,8772,8772,8772
12557,2547,2547,4104,8087,8087
12558,4399,2689,2775,2531,2775
12559,4070,2735,2848,2848,2848
12560,7742,5241,4742,4742,4742
12561,5902,5397,8965,3431,3431
12562,5784,5755,6264,5481,5481
12563,4132,4036,2860,2716,2716
12564,4157,2492,4383,4036,4036
12565,3735,3735,2417,2417,2417
12566,7150,3202,4248,4248,4248
12567,4507,6648,6581,6759,5380
12568,7883,3473,3845,8415,8415
12569,6649,3197,5671,5671,5671
12570,3042,3770,3803,3770,3770
12571,3745,2972,2972,3497,3497
12572,8959,4476,8959,8959,8959
12573,3777,7863,4406,4406,4406
12574,2774,6260,8489,8787,8787
12575,5290,2522,3332,3332,3332
12576,2894,4298,4012,2495,3655
12577,4448,3352,3418,3418,3418
12578,3315,2557,3391,4122,3391
12579,3206,3661,4551,4578,4578
12580,8577,7291,3504,2531,2531
12581,1252,9222,405,405,405
12582,5505,4875,5828,7153,7153
12583,2721,7686,2721,7571,7571
12584,3983,3649,2574,2574,3031
12585,3984,4346,2500,3360,2605
12586,3693,4436,4436,4436,4436
12587,2410,697,6091,6091,6091
12588,2647,5519,2055,8136,8811
12589,2485,2805,2615,2615,2615
12590,4461,3779,7638,4207,2885
12591,3452,3452,3609,3609,2720
12592,4105,3390,2943,3534,6592
12593,3407,4071,3177,3177,3177
12594,9139,4444,8094,8094,8094
12595,5182,6955,6583,7422,7612
12596,2562,3022,1259,448,4053
12597,3649,3796,4413,2680,2680
12598,7693,3855,6713,6713,6713
12599,3074,881,7919,2647,2647
12600,36,701,929,677,1513
12601,2534,3479,2693,4090,4090
12602,2487,2487,4437,4437,4437
12603,8632,6914,2919,4488,4488
12604,8801,3208,3263,3519,3263
12605,3850,3273,2987,3814,3651
12606,3422,2623,3705,3705,4224
12607,5710,4022,7431,3730,3730
12608,4151,7054,4473,8375,8375
12609,1618,3576,2586,3305,3305
12610,3381,4425,3141,4421,4421
12611,2775,4612,3598,3211,3598
12612,3786,3786,3786,3786,3786
12613,4787,6653,2855,4787,4787
12614,945,7905,8744,7905,2589
12615,3422,6033,2834,3932,3932
12616,6069,3051,8158,5616,5616
12617,4926,5158,6140,5658,5580
12618,6343,6764,6054,5965,5337
12619,6316,7468,3461,3307,3461
12620,4439,3897,2909,2909,2909
12621,5707,7622,8964,8964,3190
12622,2370,4441,2408,2408,2408
12623,4367,3167,3709,3594,3709
12624,3881,4133,3088,3527,3527
12625,6420,3459,2856,2856,3365
12626,2573,3888,2975,2975,2975
12627,3787,9047,4214,4214,2912
12628,3690,2467,3525,3640,3525
12629,2806,3092,1236,8637,8637
12630,2673,3324,4012,4012,4012
12631,3294,7028,8044,8044,8044
12632,4468,2901,3017,7901,3017
12633,2871,2808,2808,2808,2808
12634,3852,3701,8673,8673,8673
12635,3311,4327,2491,2491,2491
12636,5574,6072,8774,8774,8774
12637,4168,2480,3440,4120,3440
12638,2544,2437,3064,3064,3064
12639,6743,8757,3694,5847,4690
12640,6650,3908,8638,8553,8553
12641,3659,6181,7852,3361,3361
12642,3292,3268,3952,2721,2721
12643,3013,5468,4339,2530,4339
12644,4033,3775,3133,3133,3133
12645,4178,4710,4107,3388,4185
12646,2605,3003,2474,2474,2474
12647,3909,3381,3339,2958,2984
12648,6502,5836,5900,5900,5900
12649,8210,2764,7162,7303,7162
12650,2630,6523,5545,4661,4661
12651,1193,3015,4077,4152,4152
12652,6990,3336,8453,3349,2451
12653,3875,3414,6929,6929,3323
12654,2618,3932,4148,4148,4148
12655,3831,3819,3011,2332,2332
12656,3988,2897,3496,3121,3121
12657,3519,4134,4590,2785,2785
12658,4452,2697,2561,3404,3968
12659,4389,4450,3094,2990,3760
12660,3072,3247,2769,3937,3937
12661,4250,4570,4608,4608,4608
12662,4000,2825,3348,2517,2517
12663,3103,6197,3540,4487,3540
12664,662,4298,2392,2836,2411
12665,3509,6832,7931,3835,3835
12666,4115,6712,5969,5969,3835
12667,4341,3087,8842,8842,8842
12668,8844,4403,8179,8179,8179
12669,2484,7698,2527,2527,2527
12670,9109,4009,7637,7241,7241
12671,4147,2519,2864,2864,2864
12672,2724,4990,2720,4075,4075
12673,3438,7685,7487,3438,3438
12674,2314,3967,2501,2501,2501
12675,3357,4570,3795,4203,4203
12676,2743,3610,6363,4422,4422
12677,4285,4061,4043,4043,4043
12678,4083,4083,4285,3579,4492
12679,4640,2550,3647,3647,3647
12680,9178,6515,3229,3889,3889
12681,2874,7770,2508,5379,7736
12682,2352,5693,3951,3951,3951
12683,4174,3717,3449,4045,4045
12684,8996,9150,7901,4157,4444
12685,3735,4226,4045,4045,4045
12686,4369,4281,4281,4432,4432
12687,2693,4281,4281,4281,4281
12688,4281,2693,4281,4281,4281
12689,5786,7378,8896,8896,8896
12690,8224,8934,8318,2895,2895
12691,2651,3655,4590,2495,2501
12692,3800,8840,4036,4383,4036
12693,2361,6110,4241,4372,8208
12694,2462,3735,2462,2462,2462
12695,3691,3396,2430,2430,2430
12696,4519,8731,4520,2606,2606
12697,2430,3755,3074,2430,2430
12698,3635,3635,3646,2454,2454
12699,4485,3621,4480,4156,4156
12700,2822,3189,4177,4280,4177
12701,3519,2805,3521,3521,3521
12702,4257,4209,3750,2518,2518
12703,3939,4177,4203,4203,3585
12704,1326,3100,7555,276,70
12705,3090,6765,6283,4672,4672
12706,3949,4132,2545,2545,2545
12707,4153,4153,3284,3543,3556
12708,2326,2502,4263,3990,3473
12709,2543,3354,4509,5374,3511
12710,3733,2343,2343,2654,2654
12711,4592,3899,6451,6451,6451
12712,3611,3909,4227,2867,3381
12713,6733,7904,6485,6243,6243
12714,2505,5263,4929,8875,8875
12715,7805,7035,5382,8846,8846
12716,3646,4356,3521,3521,3521
12717,1258,7084,3986,3986,2411
12718,2801,8690,8766,8766,8766
12719,2541,2942,7101,4266,3684
12720,3115,2540,3115,3115,3115
12721,4102,4160,3858,3858,3858
12722,8631,7477,5207,5207,5207
12723,3999,4461,3488,3488,2570
12724,2951,3391,5875,6543,6543
12725,2883,4538,2367,3862,3862
12726,7975,9036,3004,3004,3004
12727,3282,6039,2992,2992,2992
12728,4460,2769,6848,6848,6848
12729,2331,5187,8466,4124,4124
12730,3810,2461,3503,3503,3503
12731,4566,3560,3710,5502,2331
12732,4098,4231,3319,3319,3319
12733,4108,3702,4264,4566,4566
12734,3076,2672,2511,2511,2511
12735,3791,4034,2511,2511,2511
12736,2565,3894,7118,3243,3243
12737,4312,6230,3262,4720,4720
12738,6165,6007,5669,6182,4643
12739,2901,8346,8513,3413,8113
12740,2883,4356,4439,4439,4439
12741,3792,4599,3028,8915,8915
12742,4695,3962,7684,9168,9168
12743,1575,8887,4708,4708,8418
12744,8300,9196,7328,7145,7328
12745,1609,4089,4069,4069,4069
12746,3100,3282,3100,2854,2854
12747,3624,3904,2835,2835,2835
12748,3735,4173,2835,2835,3735
12749,3975,4298,2453,4473,2453
12750,2663,2662,3677,3989,3989
12751,3307,2685,3236,3236,3236
12752,3011,3072,4165,3072,3072
12753,3339,3401,3818,3818,3818
12754,3089,3401,4570,3401,3401
12755,5141,2862,3517,3517,3517
12756,3041,2517,6115,2656,2656
12757,3893,6093,5491,5491,5491
12758,8858,2997,7395,7395,7395
12759,4503,6909,6824,3905,3905
12760,8391,9162,8787,8787,8787
12761,2808,3674,6802,6802,6802
12762,2846,2684,4241,3475,3475
12763,2808,3475,3956,2901,2901
12764,8974,2411,2589,4644,6052
12765,5307,7772,2827,4197,4197
12766,3808,2961,2871,2535,2535
12767,3767,4326,3988,2606,3704
12768,2976,7287,4441,3490,9234
12769,2801,2951,9136,7766,7766
12770,5155,3054,4247,4247,4058
12771,3758,5573,2632,4615,4615
12772,8411,3035,5688,7698,7698
12773,3677,3059,3168,3176,3176
12774,3749,4266,4338,4338,4338
12775,3142,4538,6692,1417,1417
12776,8999,6045,3936,4471,4471
12777,3871,3019,2654,8282,8282
12778,3996,2532,3987,3987,3987
12779,4408,4575,3479,3408,2650
12780,3937,3171,3135,3135,3135
12781,2972,4172,2922,3844,4000
12782,3821,4091,7402,2613,2613
12783,4791,5814,4737,4570,4570
12784,4995,3592,4415,4199,4199
12785,2766,1665,5835,5835,1665
12786,2931,1275,1275,1967,1967
12787,8417,5849,8285,3130,3130
12788,4030,8700,7999,7999,7999
12789,4569,4143,6806,6726,6726
12790,3954,8553,2760,2760,2760
12791,7794,7137,5590,6944,6944
12792,7783,6612,7472,8209,8113
12793,7551,8179,4315,6550,6550
12794,2434,3709,3744,4067,4419
12795,7106,2314,2382,2382,2382
12796,3683,448,2562,2562,2562
12797,4523,4356,2497,2497,2497
12798,4491,2655,4050,4491,2655
12799,5665,4281,3365,4299,8696
12800,5010,8003,9043,9043,9043
12801,5190,6860,5515,8505,8505
12802,3143,4417,2569,2569,2569
12803,3122,3298,2466,2619,3281
12804,2763,4392,2763,4006,2585
12805,3316,2413,2539,2616,2616
12806,4335,5956,3101,4446,4446
12807,3554,5135,2316,4302,4302
12808,8113,3736,5521,4473,4473
12809,4247,4366,3422,2605,2947
12810,224,3739,4574,4574,4574
12811,3695,4114,3702,2632,3916
12812,2851,2922,3705,3705,3705
12813,4002,3885,2960,2960,2960
12814,2513,7834,2686,4564,2914
12815,3820,4555,4491,4491,4067
12816,3839,6386,5550,5287,8857
12817,2478,5245,3944,5245,2716
12818,4535,6976,3150,5186,3150
12819,2541,5418,4794,7537,7537
12820,5753,2393,7775,2524,2524
12821,2658,4472,3243,6338,9170
12822,4588,2524,4587,4587,4587
12823,2658,3241,4418,4418,4418
12824,2751,8529,4135,3661,3661
12825,4066,3534,3096,3625,3625
12826,4524,3319,4322,4049,3712
12827,4558,8036,9204,9204,9204
12828,48,8881,1058,3023,3023
12829,3669,7439,5758,4437,5758
12830,3939,2586,3635,2527,951
12831,2447,3269,2441,2697,2697
12832,2769,3549,4294,4403,4403
12833,4126,2958,3575,2693,2693
12834,7125,2808,4395,4395,4395
12835,2404,4598,3295,2978,2978
12836,3521,3905,8179,8179,8179
12837,4042,3799,2910,2501,4421
12838,6434,5664,3747,5098,5098
12839,7274,8638,2470,9097,3208
12840,1980,1766,2137,917,917
12841,840,8304,7026,941,7026
12842,224,3711,2574,8696,3134
12843,6305,2938,5515,7141,7141
12844,7746,817,5529,5529,5529
12845,8604,2675,3580,3795,3795
12846,4328,2646,3580,3786,3786
12847,4328,2646,2749,3783,3154
12848,3999,3163,2789,3356,3356
12849,2904,2543,2442,3676,3676
12850,2950,4253,3506,3506,3506
12851,4506,5572,300,949,2325
12852,3023,1409,3911,3911,3911
12853,2830,300,8041,3433,8041
12854,4355,4288,6123,8215,7872
12855,4160,7828,3346,8915,8915
12856,2343,7338,5436,2958,6774
12857,2506,3194,4425,4425,4425
12858,4277,2369,4457,4457,4457
12859,3698,3531,4545,2804,2804
12860,5521,7188,8119,5786,7872
12861,2404,6644,5740,3811,5740
12862,7354,7875,7164,7911,7911
12863,2620,2360,2467,2383,3886
12864,3733,3283,4100,3334,3334
12865,3640,4177,2560,4187,2560
12866,2495,3941,2601,4226,4226
12867,46,4967,5896,3243,3243
12868,8665,2756,3181,3240,3734
12869,2481,4219,4219,4219,4219
12870,2481,3584,3154,3235,3235
12871,2491,7266,7231,7231,7231
12872,2557,3676,3651,2896,3849
12873,4010,3222,2872,4207,4207
12874,3964,4097,3876,4589,4589
12875,4218,4293,2677,4298,4298
12876,7139,4568,8471,7581,7581
12877,4218,3478,3833,4017,4017
12878,6786,7602,5011,5011,5320
12879,6182,6366,3127,7881,4999
12880,5629,2067,5877,5877,5877
12881,3011,8547,8547,3346,3346
12882,2846,2429,2409,2409,2409
12883,4567,3028,8634,1477,8634
12884,3702,3950,3721,2581,2581
12885,3375,1774,4386,20,20
12886,4082,2698,4566,6970,4094
12887,1201,1201,1700,1700,1700
12888,5948,9182,8505,2636,2636
12889,1097,2472,4116,6730,6730
12890,3337,3846,2731,3903,2731
12891,4164,1757,4557,6995,3700
12892,5965,3196,4324,2929,4324
12893,8277,3164,3739,3739,3739
12894,4349,2627,4425,4499,4247
12895,5335,3993,6586,3813,3813
12896,4484,3674,3747,2395,2395
12897,4197,2453,2490,4071,2490
12898,4229,3023,5371,6994,6994
12899,8078,6523,6523,6523,6523
12900,361,1347,278,278,278
12901,4029,7645,1564,1564,1564
12902,2459,3444,3802,3191,2750
12903,2547,2728,3014,3932,3932
12904,7127,2577,7420,7737,8169
12905,2704,2321,7673,7736,4236
12906,2815,2367,3664,831,831
12907,7608,2115,1236,1236,1236
12908,3571,2964,3563,3563,3563
12909,2711,4027,2881,4190,2881
12910,3914,4283,5674,3164,5689
12911,8016,8952,8389,8389,8389
12912,7709,8115,8115,8115,8115
12913,4173,4406,5503,3332,3332
12914,3970,4194,4416,6063,4416
12915,3547,3756,3470,2631,2631
12916,4416,4416,4194,4194,4194
12917,4076,2571,2461,3503,7112
12918,4457,4437,4156,8340,3564
12919,2776,2907,4218,4218,4218
12920,4267,3363,3423,2534,3746
12921,2591,3158,2327,2327,3248
12922,1273,3498,3696,2602,2602
12923,3930,3930,4566,4566,4566
12924,1655,4316,2673,2673,1136
12925,229,1838,2146,2221,1310
12926,3387,3387,3387,3387,3387
12927,3028,3278,3277,3685,3685
12928,3501,3033,2835,2637,2637
12929,8405,8334,3636,2925,2925
12930,2384,4130,3418,5973,3418
12931,8749,7401,4034,4034,4034
12932,6794,3397,8933,8933,8933
12933,2552,2831,4332,3372,4352
12934,7480,7455,8163,8092,8163
12935,4384,3827,2055,8764,8764
12936,3646,2677,4523,4305,3059
12937,3657,4091,7366,2674,2824
12938,3430,2945,3432,2677,2922
12939,3313,6130,3233,3059,2378
12940,2722,8630,3190,4311,3541
12941,6809,1130,3389,4519,4519
12942,2398,794,518,356,356
12943,3644,2869,2562,2562,7091
12944,4249,4309,4222,2503,2503
12945,4138,4411,2725,4138,4138
12946,2725,2725,2565,2565,2565
12947,4472,2873,3015,5178,5178
12948,3244,3389,2841,2841,2841
12949,2540,3257,3607,4245,3809
12950,4045,3922,8772,3922,3922
12951,2846,2738,3673,2859,2859
12952,4768,3546,7112,6571,3922
12953,4383,3934,4034,3241,4034
12954,2367,2883,4249,4462,3262
12955,2417,3807,3439,2492,3943
12956,5189,9196,5347,4729,5747
12957,2118,7240,8742,380,380
12958,3935,5286,448,448,448
12959,2633,2633,3111,3880,2679
12960,3320,3868,2782,2782,2782
12961,2750,4547,4445,3003,3003
12962,4469,3070,4261,4261,4261
12963,4083,4212,4289,2690,2690
12964,4083,2689,4547,4547,4547
12965,2962,6241,6581,4254,2554
12966,3544,2932,3415,3580,3580
12967,8593,4253,4144,3693,4253
12968,6451,3826,6148,2663,2663
12969,3765,3676,4453,2570,2570
12970,3599,3337,2710,4225,4225
12971,2134,7903,4909,4757,4706
12972,2445,3278,4758,3799,3799
12973,4538,2865,2841,2787,4657
12974,4280,4411,7326,4222,4222
12975,4209,3033,6329,3095,3095
12976,4281,2953,3347,3896,3896
12977,8845,3453,4555,4760,6060
12978,2824,2364,2758,2758,2758
12979,2936,8301,2917,2598,2598
12980,4152,2343,4608,2935,4608
12981,4125,3887,4049,4049,4049
12982,4105,3206,4615,4615,4314
12983,3067,2930,4336,4185,4185
12984,3584,2418,4066,5988,4066
12985,2313,2513,5887,9083,5887
12986,3667,4877,8426,8426,4336
12987,4027,5132,4461,3054,4461
12988,6096,5913,8426,8426,3345
12989,3761,4151,4203,4203,3759
12990,3254,4523,2723,2723,2723
12991,4462,4168,3690,4398,4398
12992,2500,4306,4577,4577,2600
12993,2500,4585,4585,4585,4585
12994,4520,4585,4585,4585,4585
12995,3091,3534,4107,4107,4107
12996,2027,5926,4273,5339,5339
12997,8059,3054,8947,8895,6821
12998,3958,4555,3440,3440,3440
12999,3871,3871,4331,2576,3435
13000,3421,3594,2535,2535,2804
13001,2706,3797,3249,3249,3249
13002,4540,5750,3257,3257,4022
13003,3915,3647,3606,4206,4206
13004,3519,3965,4126,3248,3248
13005,4231,3796,4570,4103,2983
13006,4369,9182,4232,2693,4232
13007,3704,2570,6865,6865,6865
13008,3211,2988,2885,2885,2885
13009,2618,2817,3544,4253,4430
13010,3459,3850,2394,3014,3014
13011,4250,3192,3428,2411,2411
13012,4252,3397,3559,4265,4265
13013,3136,2821,4306,4354,4306
13014,2500,4098,2713,2713,4351
13015,3111,4084,4364,4364,4364
13016,3754,3754,4589,4589,4589
13017,3571,4373,4098,2897,2897
13018,3379,5783,6910,4933,4933
13019,3229,3930,3143,4128,4128
13020,4462,3673,2978,3537,3537
13021,4501,3144,4257,3491,3491
13022,3223,2871,7533,7867,7867
13023,4386,3059,2662,4214,4214
13024,4485,2378,3939,2685,2454
13025,2501,4367,3748,4480,2675
13026,4242,4059,2582,2582,2582
13027,3928,2671,3054,8837,8837
13028,1356,3870,3353,3643,2485
13029,2603,2643,2343,3909,3909
13030,2694,2955,2955,2955,2955
13031,2362,3194,4479,4479,4479
13032,2467,2608,3750,2511,2511
13033,2467,2835,3528,3528,3528
13034,2587,2980,3499,3499,3499
13035,3191,2399,3750,3750,3750
13036,2534,4021,4501,2598,2598
13037,8689,3824,2742,7136,4254
13038,6181,6390,4798,5247,5247
13039,2934,4865,2997,2937,6412
13040,6726,3998,6098,2835,2835
13041,5134,5096,5134,5134,7090
13042,5387,3900,3090,4969,4969
13043,2925,8688,7853,8552,8552
13044,3692,2887,4942,4942,4830
13045,5741,6119,5388,5388,5388
13046,4576,4128,3245,3245,3445
13047,5157,7308,6504,3419,6504
13048,4576,4218,3385,3245,3245
13049,4615,4962,3679,3679,3860
13050,6507,2949,3090,7440,9180
13051,2361,2560,3967,2314,2314
13052,5335,2055,631,631,631
13053,3593,7551,3347,4037,4037
13054,4502,3663,7944,7944,7944
13055,2948,3284,2948,2948,4187
13056,4216,3758,2662,2599,2662
13057,2651,2538,3483,2538,2538
13058,4252,2363,3994,3311,3311
13059,3032,2858,2743,2743,2743
13060,4367,3236,2769,3140,3140
13061,3397,2839,3395,4584,3395
13062,2331,4015,2623,6034,6034
13063,3957,5110,8978,8525,8525
13064,3077,3213,7929,7929,7929
13065,2701,2807,2514,3996,3996
13066,2738,9223,2738,3201,3201
13067,5852,4696,6302,6302,6302
13068,3259,7656,8783,3644,3644
13069,4093,934,3072,3072,3072
13070,8169,2966,3615,8169,8169
13071,6781,8791,6944,8478,9124
13072,5047,5404,3205,3205,3205
13073,2386,2523,2959,2959,2959
13074,4002,5204,9108,9108,3936
13075,2828,4155,4485,3117,3117
13076,3684,3106,2716,4444,4444
13077,3949,3949,2756,2756,2756
13078,2393,3852,8416,3413,2507
13079,3745,3745,4263,4043,4263
13080,3348,3348,9057,3369,3396
13081,5315,6904,4190,4190,4190
13082,2758,2480,3744,4380,4380
13083,3698,2769,4120,3236,3236
13084,3445,2974,2350,3201,3201
13085,9056,5883,7798,7798,7798
13086,2342,4184,8368,2375,2375
13087,5415,6295,8341,8515,8341
13088,3646,3519,3863,3863,3863
13089,3939,4356,2601,4415,4415
13090,3951,2963,3972,6115,6115
13091,6822,5593,4378,5991,8206
13092,7419,5349,6333,6075,6075
13093,5718,8447,5582,1981,5498
13094,7709,4118,3664,2648,2648
13095,3500,4050,3445,3616,3616
13096,4460,4916,3183,3183,2620
13097,2871,7233,3932,6259,3707
13098,6456,5962,6105,6105,6105
13099,2383,1886,5929,4429,4429
13100,2502,3359,7960,3647,2373
13101,8578,6410,8028,7281,8028
13102,2638,4283,4354,2638,2638
13103,2572,2680,3261,3261,3261
13104,4604,20,4253,4253,4253
13105,8630,2538,3615,4144,3923
13106,4606,3604,3604,3604,3604
13107,3211,4376,3465,4070,4070
13108,2397,2509,3964,3895,3895
13109,4483,4483,4425,8357,8357
13110,4645,6441,4768,4768,6482
13111,6284,5372,4919,4919,4919
13112,7209,1142,48,48,48
13113,7630,3900,3900,3900,3900
13114,5323,1572,4361,8182,8182
13115,3256,7363,4913,9191,8209
13116,2808,1886,3412,3412,3412
13117,3365,3119,2847,3660,3660
13118,2554,4501,3832,4461,3395
13119,7251,2318,8158,5616,5616
13120,4259,7886,4451,4602,4362
13121,2996,7569,3703,3549,3549
13122,7504,9198,7867,473,473
13123,4155,4018,3575,3290,3290
13124,4000,3064,3104,3072,2990
13125,2569,2442,4270,2444,2444
13126,2587,3427,3051,3750,3334
13127,5483,3344,3896,2316,2872
13128,3046,3328,4373,2784,2784
13129,3506,3868,3903,3903,3903
13130,3195,3661,3751,3751,3751
13131,2468,2432,4185,2510,6536
13132,2886,3919,4921,4921,4921
13133,4402,7461,4014,7626,7626
13134,2351,4450,4372,4164,4164
13135,4436,7755,6696,2465,2465
13136,8135,7530,5509,5509,5509
13137,4510,4510,4692,5767,6083
13138,4828,4934,2977,6084,6084
13139,7885,7573,7725,2854,2854
13140,3101,8171,4874,4874,4874
13141,7890,6373,8486,8486,8486
13142,3043,4250,2560,4473,4473
13143,2560,2939,2939,3176,3761
13144,2795,3602,2734,2795,2795
13145,4395,4266,4266,2660,2660
13146,4459,2558,4100,3423,3423
13147,4266,3643,4459,3643,328
13148,3852,2487,3585,4174,2898
13149,2877,2860,2859,2859,2859
13150,2655,3585,4014,3585,3585
13151,6393,2320,8454,5573,5573
13152,3319,4573,4441,3459,3459
13153,3763,3758,3758,3758,3758
13154,8309,3718,2358,4489,4489
13155,2906,3037,7935,7935,7935
13156,2589,5268,3167,6004,6004
13157,3250,4756,4104,4104,2857
13158,4585,8648,6941,3001,3001
13159,4609,4756,3360,4329,2678
13160,4614,2580,3076,3092,2954
13161,3888,4320,2721,8664,8664
13162,2949,8179,4913,2425,2425
13163,2892,7364,4173,3331,3331
13164,2716,7157,2859,2860,2860
13165,7278,6632,5833,5751,5751
13166,1100,2287,72,1274,1274
13167,4476,4476,3410,8269,8269
13168,2545,4476,3735,3778,3778
13169,3763,3258,4137,4137,4137
13170,4353,7997,5209,5209,5209
13171,4373,3334,4179,4225,4225
13172,6225,2434,2598,4501,4501
13173,2632,4164,4114,2777,3527
13174,2587,2425,2963,2406,4424
13175,2843,2961,3213,2675,2675
13176,5910,8234,4258,3451,3451
13177,3434,2399,3302,3302,3302
13178,4042,2789,4042,4042,4042
13179,3000,4206,3732,3316,2355
13180,2699,6469,3429,3832,3731
13181,4338,2621,3366,4245,4245
13182,4356,4439,2581,3696,3696
13183,6967,4592,3787,2495,3787
13184,3038,3628,2500,4329,7399
13185,3205,3666,2517,3121,4364
13186,3019,4492,3107,3107,3107
13187,2319,3099,3615,2918,2918
13188,4365,2903,2903,3671,3671
13189,4524,2466,9134,3854,3940
13190,3812,3319,2406,3257,2406
13191,3714,2989,6789,6789,6972
13192,7466,4289,4002,2319,4086
13193,2531,4410,3534,2588,4508
13194,2397,3460,4307,3014,3014
13195,2870,2585,4180,4853,4180
13196,8473,8737,8633,8633,8633
13197,4005,2725,3105,3352,3105
13198,9096,612,2117,3050,3050
13199,2366,7382,5520,6539,6539
13200,4541,4541,4541,4541,4541
13201,2608,4074,3551,8453,8453
13202,8815,6968,7974,9013,162
13203,2467,4344,1116,774,4521
13204,8,5459,7499,7660,4875
13205,8234,4962,7439,8303,5851
13206,7735,8048,9045,7773,7773
13207,4363,4164,3120,2777,2777
13208,8395,6803,8679,8679,8679
13209,2537,8547,2815,5456,5456
13210,7234,7456,8346,4535,7683
13211,3606,8246,4030,4192,2640
13212,1297,4714,3684,8772,8772
13213,1417,1097,743,743,743
13214,3331,2323,2414,3105,3418
13215,3528,3528,3528,3321,2942
13216,3976,2725,2725,3624,3624
13217,4294,4374,4534,3549,4028
13218,3701,2880,7890,8113,9051
13219,4768,2369,2487,4095,4095
13220,3671,3388,2963,2848,2848
13221,3913,8106,3180,3180,3712
13222,2679,2985,8053,2811,2947
13223,6878,5924,1200,1200,2700
13224,5550,6670,4427,4427,5080
13225,5279,5628,5881,6825,3509
13226,2688,2812,3580,3580,3968
13227,4133,3444,3702,3702,3813
13228,2824,4133,2623,3850,3850
13229,8485,7232,9014,5968,5968
13230,4559,3982,4566,4566,4566
13231,4515,3253,3360,3360,3360
13232,8208,8731,2548,6266,6266
13233,8606,3379,5442,5442,5442
13234,8342,7181,8224,8224,8224
13235,3326,3216,2624,2624,2624
13236,3450,3724,3450,3312,2790
13237,3216,3880,4135,2619,2619
13238,2563,2976,2950,3562,3562
13239,4577,4125,3279,3978,3978
13240,3957,2853,3871,2969,2969
13241,6156,4422,4799,4812,4812
13242,2709,4362,3468,4329,4329
13243,3628,4376,4150,4150,4150
13244,3284,2501,4232,3794,4037
13245,2991,3339,4177,3750,2532
13246,2788,3870,3552,4555,2499
13247,1379,7170,1121,1551,2291
13248,3911,5355,3588,2831,2831
13249,3742,3830,3276,5221,5221
13250,7006,6601,7177,7988,7177
13251,2914,4215,3462,4215,4215
13252,3670,4083,2739,2739,2739
13253,2403,4253,2969,3544,2563
13254,3210,3960,4443,4443,4443
13255,2403,3705,4307,4307,4307
13256,574,4200,574,4162,2995
13257,3141,3833,4530,2653,3043
13258,5238,6644,3774,3414,3414
13259,2675,4367,2753,2914,4564
13260,4495,4342,3767,3422,3422
13261,4104,8225,2735,2735,2735
13262,3104,2723,3014,4322,4133
13263,4432,4023,2804,3340,3340
13264,5544,4738,3947,3228,6437
13265,3891,2824,3981,2406,2406
13266,3503,8319,4299,5912,5912
13267,2664,3299,4962,9191,2910
13268,3717,4588,2487,2487,2487
13269,4003,4911,5254,5254,5254
13270,3743,4478,2714,3995,3995
13271,2922,4197,4021,3040,3040
13272,3285,8876,4916,3285,4916
13273,4712,3566,1756,1756,6476
13274,2431,4286,8225,8225,3443
13275,3122,3805,2456,2406,2406
13276,3395,2379,3029,4853,4327
13277,3056,4887,5674,4186,3508
13278,2364,3508,3774,2909,2909
13279,4356,4168,3657,3286,3286
13280,2696,3118,7410,7306,7306
13281,736,5542,4507,2032,3337
13282,4335,6955,2937,6987,2446
13283,4611,2962,3864,2914,3096
13284,3786,8479,7330,7330,7330
13285,2366,2574,4500,4325,4337
13286,6618,6476,5903,7495,6327
13287,6200,2414,4912,6160,6160
13288,4862,6918,6867,6044,6044
13289,4504,4944,7585,7585,5775
13290,4415,1618,2327,3366,2327
13291,1299,2055,2055,2433,762
13292,3022,4101,5821,5821,5821
13293,3642,4412,5458,8728,8728
13294,326,1984,2572,884,1298
13295,3369,2471,3846,3868,3868
13296,3250,3534,3604,3604,3604
13297,2689,8350,3112,7882,2509
13298,7813,6411,4773,7257,7257
13299,9035,582,582,582,582
13300,2916,8327,6468,6468,6468
13301,4364,4602,3320,4027,4027
13302,3454,3601,4804,3561,3180
13303,4314,2528,3907,3907,3907
13304,8482,8446,4006,4111,3846
13305,3029,4451,4223,2539,2539
13306,2335,4575,2753,3712,3712
13307,2763,7706,7078,5316,5316
13308,3329,5674,7140,4532,7140
13309,4789,4785,3647,4532,4532
13310,6306,7032,2908,2961,8476
13311,2961,3213,3540,3540,3540
13312,5509,5374,6848,7451,7451
13313,3527,3634,5005,6264,6264
13314,8552,4420,4851,3678,3678
13315,8943,9202,5284,8085,8085
13316,4186,3532,3439,3439,3439
13317,8199,8286,7728,7728,7728
13318,2871,3063,4138,2320,2320
13319,2399,4426,6748,3721,3721
13320,2677,2642,3733,3711,3711
13321,3492,3794,4545,3183,3183
13322,3740,2498,6475,4679,4679
13323,4614,2659,3284,3985,3985
13324,2670,3442,3143,3690,3690
13325,8359,1704,2256,570,570
13326,2294,1080,8969,538,8001
13327,1428,1481,1481,1481,1481
13328,2680,4316,2734,2983,2983
13329,2738,4296,5694,5694,5694
13330,2934,2934,3201,2738,5257
13331,5217,9106,7987,8188,7987
13332,2736,2842,4492,3647,3647
13333,2864,2639,6425,6916,7291
13334,2323,3321,3321,3321,3321
13335,4538,2942,3241,3528,3241
13336,2323,3321,4102,3321,3321
13337,4530,2769,2523,3605,3605
13338,3023,4555,3552,3552,3552
13339,2349,4525,3272,3817,3817
13340,3987,3807,2417,2417,2417
13341,2901,3017,2860,2860,2860
13342,4195,4458,8032,3747,3747
13343,4144,2471,3024,4544,4544
13344,4408,3887,2509,3906,3906
13345,3356,5132,3434,2686,2753
13346,2348,2499,2504,3577,3577
13347,4256,2704,3427,3842,3558
13348,2453,3635,4504,4504,4504
13349,2582,7414,6485,2344,2344
13350,3116,4000,3821,2626,2355
13351,2666,2960,3239,4602,3891
13352,2362,3742,4573,4400,4400
13353,3469,4474,3442,3442,3442
13354,4308,2581,4462,2741,2702
13355,3965,3711,2693,2734,2734
13356,3405,2693,3386,2723,2723
13357,2580,2642,4018,3248,2314
13358,2725,4518,3424,3424,3424
13359,5571,5571,3554,3554,3554
13360,4234,7101,3726,3166,4234
13361,4225,4066,2605,2605,2605
13362,3504,3868,4075,2748,4075
13363,3044,2780,3984,2468,3131
13364,3758,4000,3881,2623,3758
13365,2617,6791,4206,4116,6334
13366,4601,2457,3014,4389,4389
13367,3330,5665,3709,8696,8696
13368,3540,3056,2770,2434,2960
13369,4311,4557,3190,3103,2908
13370,4589,4581,4097,2606,2606
13371,3000,4133,4347,3960,3960
13372,4786,2780,2391,2391,2391
13373,3231,3191,3198,3198,3198
13374,2602,3535,2535,2535,2535
13375,2380,4414,3981,4381,4414
13376,7403,3846,6608,6608,6608
13377,5812,5913,7071,8743,4944
13378,4857,7693,7907,3451,3451
13379,3305,5515,5515,6388,5127
13380,2361,2612,2525,2525,2525
13381,4030,3734,2879,4386,4386
13382,2441,3793,3793,5608,5608
13383,3083,6876,3122,3075,3205
13384,3567,2471,2319,3680,2928
13385,6304,4649,2432,5049,5049
13386,5920,5013,5889,5808,5808
13387,6536,5926,1348,1348,1348
13388,3686,2474,2405,4180,4428
13389,3680,3849,4033,4033,4033
13390,3556,2618,2786,2786,2713
13391,4288,8512,8408,959,8994
13392,4484,4556,2716,2645,2645
13393,3532,3232,2757,3232,4241
13394,2523,3963,2599,2512,2512
13395,2843,2617,3390,4536,4536
13396,4216,2944,2666,3748,3748
13397,2569,3187,4117,2327,2327
13398,2520,3363,5268,3757,3757
13399,4170,4169,2703,2703,2703
13400,4567,3509,4859,4859,4859
13401,9158,4091,4015,2535,4015
13402,2698,4637,6559,5928,5928
13403,3055,2568,3006,3006,3006
13404,3195,4328,3337,4135,3661
13405,3601,2928,3789,2973,2973
13406,3177,4472,4480,4480,4480
13407,2685,4133,4120,4168,4168
13408,2939,5303,4639,5826,5826
13409,2659,4442,2659,2659,2659
13410,4298,3759,4545,4480,2910
13411,4218,4012,2494,2494,2494
13412,3381,3229,3229,3229,3229
13413,4303,2867,3969,3969,3969
13414,2969,4570,3702,3092,3092
13415,4567,4245,2660,3262,3501
13416,2642,4188,3643,3643,3643
13417,2553,8238,5496,6135,6452
13418,4565,5640,5212,5212,5212
13419,1043,7204,6063,6137,6137
13420,3743,7460,7560,8197,8197
13421,3833,2871,3833,2409,2409
13422,5921,6334,3421,2623,2479
13423,4538,3696,4493,3696,4538
13424,4243,2463,3512,4574,3119
13425,4575,3393,4508,3198,3885
13426,3491,3116,3960,2759,3985
13427,3028,3241,2470,2438,2470
13428,3663,4591,8541,3663,8541
13429,1609,238,3030,3699,3699
13430,3525,2525,8198,8637,3493
13431,4224,4536,3055,3055,3055
13432,3983,2458,3375,2983,3375
13433,8512,5603,8391,8391,6644
13434,4604,3022,2673,4957,4957
13435,2625,824,7084,2535,2535
13436,2958,4758,2787,4795,4795
13437,4369,3833,3687,3687,3687
13438,2868,5154,2661,2919,2661
13439,3664,3244,4249,4249,4249
13440,4567,3244,3991,3991,3991
13441,4249,3764,3089,3089,3089
13442,4156,3340,3851,2758,2433
13443,2824,3236,3972,6115,6115
13444,7374,6650,8309,4011,4011
13445,3499,2887,4614,3979,3979
13446,6654,2570,3898,7968,7968
13447,3646,3320,3078,4367,4367
13448,8414,5429,7916,4584,4584
13449,3524,2941,2947,3760,3191
13450,2959,7093,3984,3971,3971
13451,5255,6497,3466,6763,2906
13452,2213,2579,7914,7914,7914
13453,4583,8473,4941,4941,4941
13454,2918,3504,3504,2706,2706
13455,3573,3489,3924,2623,3924
13456,3883,4107,4091,2857,2857
13457,5315,3283,4256,2623,4015
13458,2701,2701,2990,2990,2990
13459,4095,2620,3183,3183,3183
13460,2516,6619,4755,4755,4755
13461,4405,847,8569,576,576
13462,7749,5064,5483,5483,5483
13463,4519,3556,3945,3945,4589
13464,3408,3731,3675,4097,4097
13465,3992,3676,2627,2864,2864
13466,2746,2309,2746,2746,2746
13467,2746,2309,2746,2746,2746
13468,3378,4263,2791,2911,3096
13469,3560,2368,4189,4061,2905
13470,2607,3421,4029,4381,4381
13471,3334,3392,4429,2558,2558
13472,3836,4379,4128,2599,8502
13473,3421,3421,3729,3656,3656
13474,3421,3421,6473,6473,6473
13475,4574,3839,3605,3040,3040
13476,7019,3491,2424,2424,697
13477,3761,2762,4156,4156,4067
13478,4448,2592,2540,2422,2422
13479,6166,7849,247,6706,7750
13480,3976,2591,4266,4062,4062
13481,3867,6998,3234,2863,3271
13482,2741,3104,3917,3695,3695
13483,3875,3948,4337,5079,3464
13484,7683,7718,7724,6589,6589
13485,8356,6783,5068,6294,6530
13486,3799,7338,136,8547,136
13487,2644,2769,2421,2421,3851
13488,8598,8279,3181,2895,3425
13489,3531,3078,3736,3736,3871
13490,2727,4020,3772,3772,3772
13491,5635,2901,6191,4165,6125
13492,6372,5264,7251,6339,3600
13493,4848,4149,3464,4966,4966
13494,2873,9085,2820,7308,7308
13495,75,1483,8275,1483,983
13496,3722,2715,4593,3143,4128
13497,2602,2719,3519,3519,3519
13498,8673,4216,4462,3572,4530
13499,2860,2846,3017,4201,4201
13500,3463,2571,3484,3475,3475
13501,6611,7210,3949,3546,7678
13502,4412,2581,2943,4522,3480
13503,3480,3051,2674,2674,3083
13504,6912,8454,5233,5233,5233
13505,3096,2397,2914,2928,3122
13506,3122,4441,3429,3163,3163
13507,3122,4526,3680,4526,4526
13508,2780,3783,3016,3291,2809
13509,2885,4207,2724,3985,3625
13510,3633,4649,2365,5577,5577
13511,4022,3945,3443,3866,3866
13512,3559,2502,3891,3175,3175
13513,4543,3866,3085,4326,4326
13514,3895,7190,8460,8460,3131
13515,9006,9006,3984,6940,3984
13516,9074,7202,3230,3795,3898
13517,5657,6825,5844,5844,3365
13518,8700,8674,8705,5224,5224
13519,2333,3502,6695,3407,3622
13520,4191,3256,4191,3092,3032
13521,3321,2672,7089,3285,3285
13522,92,264,685,8370,2695
13523,6871,6646,6797,3976,3976
13524,3321,3105,3105,3321,3105
13525,2648,9003,6135,6135,6135
13526,7967,4147,9164,2638,2500
13527,4451,2639,3144,3319,3377
13528,4026,2626,3289,2355,2355
13529,4389,3413,3308,8824,3152
13530,8432,3355,5582,8235,5582
13531,276,3308,3308,3308,3308
13532,3402,3322,6959,7338,7338
13533,7373,2955,3285,3550,4331
13534,2231,3717,4045,4045,4045
13535,3240,4338,3817,3817,3817
13536,4396,2360,4396,4396,4396
13537,4439,4297,4548,4548,4548
13538,3231,8291,8118,8118,8118
13539,2920,3760,3760,3802,3802
13540,4399,2456,4515,4108,3107
13541,951,4613,2893,2321,2321
13542,7504,5375,4923,8149,8149
13543,2602,3498,4236,4236,3165
13544,4182,3298,2379,2379,2379
13545,3864,5936,3186,3038,3038
13546,4285,2780,4208,2319,2319
13547,2398,2917,4297,224,224
13548,4413,4101,2572,4413,2899
13549,2310,2310,2747,2378,2378
13550,4000,3988,3057,3057,3057
13551,4576,3964,2363,2363,2824
13552,3705,2711,3435,2711,4611
13553,3036,2893,4600,2995,4600
13554,3956,4331,3407,4074,4074
13555,4222,2470,2033,4533,5139
13556,3296,4218,4121,4218,2917
13557,8608,8701,6936,6936,6936
13558,4101,2398,2398,4081,2398
13559,2705,109,3278,1392,5520
13560,403,2608,3349,4173,4173
13561,534,7211,7122,5096,5096
13562,6485,3837,2392,2392,6921
13563,4372,5728,2996,2996,2996
13564,4372,3220,3334,3618,3334
13565,3281,3274,2441,2441,2441
13566,2539,3785,3906,3460,3460
13567,3281,3581,4301,3057,2745
13568,2851,3086,3598,3195,3195
13569,2547,3534,2751,3055,3783
13570,3111,2646,4336,3856,3856
13571,4094,4492,3112,4611,4382
13572,4445,2403,3315,2338,2338
13573,5093,6267,8764,2326,2768
13574,3646,2777,3552,2734,3296
13575,2910,4369,4432,4432,4432
13576,3447,1820,2583,2583,2583
13577,1259,8752,8752,8752,8752
13578,4145,2805,4305,2762,4298
13579,2596,3731,3324,3324,8304
13580,3068,2472,988,988,988
13581,5655,3588,3588,3588,3588
13582,7298,8688,8488,2603,2603
13583,6687,5156,6143,6143,6143
13584,5402,4835,4835,6434,6407
13585,4706,9096,3032,7080,7080
13586,2629,2367,4525,4014,4014
13587,2629,2367,2566,2367,4479
13588,3564,7662,8729,6329,8729
13589,4774,1819,5898,5898,5898
13590,5152,4568,3722,4513,4513
13591,2407,4118,4170,3100,3100
13592,264,2673,5585,3263,3263
13593,2398,3022,2344,2344,2344
13594,3683,7840,3578,4017,2938
13595,4449,4186,4865,4318,4186
13596,3922,5051,6734,9172,9172
13597,3922,6782,5520,3349,3349
13598,3543,2419,3175,4183,4183
13599,4148,4301,4286,4286,4286
13600,5076,5158,6033,6033,6033
13601,3223,8593,6835,6925,6925
13602,5387,4281,2361,2361,2361
13603,2799,4424,3311,4322,4322
13604,3689,852,4092,8761,8761
13605,5053,6800,4465,2723,2587
13606,4290,3924,3819,3819,3819
13607,7608,8153,7343,8868,9044
13608,752,538,1478,1478,1478
13609,2628,3866,2318,2440,2628
13610,4057,7488,4543,4520,2405
13611,2403,3191,2563,2563,2563
13612,3691,2963,3691,3691,3691
13613,3050,2831,8432,8432,8432
13614,3013,8421,4384,6008,4384
13615,3922,2831,3283,3283,3283
13616,3019,4164,3529,2581,2581
13617,3706,4044,6981,5764,6946
13618,2968,3695,6172,6172,6172
13619,3317,2351,2676,2676,2676
13620,2666,4543,3109,3109,3109
13621,2535,2517,3434,3434,3434
13622,3696,3152,4459,3890,2553
13623,3610,2739,3156,9005,9005
13624,2450,276,2558,6818,6818
13625,7073,52,7749,1926,1926
13626,4049,3046,4486,2612,2612
13627,3443,2861,2561,2477,2561
13628,4083,8338,2594,3579,3579
13629,3797,4253,4486,3462,4122
13630,4166,3654,3580,4410,4410
13631,3832,4049,2368,2368,2368
13632,4285,3388,4559,4098,2633
13633,4594,5297,7825,3797,3797
13634,2445,2958,3757,3757,3757
13635,3314,958,6569,7879,7879
13636,3658,4177,4415,3646,3646
13637,2590,2417,4458,3717,4458
13638,4201,2835,2906,2906,2906
13639,3475,3475,3439,3439,3439
13640,2364,4558,2597,2758,3286
13641,2933,2934,2934,4370,2934
13642,3833,3022,2573,2573,2573
13643,3871,2643,2598,2598,2625
13644,2273,3247,4590,2378,2378
13645,3898,4468,4662,7577,7577
13646,4631,4144,2547,4461,3496
13647,7676,6471,3395,6894,6647
13648,3057,4388,2966,2966,2966
13649,2320,2642,4257,4371,4371
13650,3939,2717,3189,2467,2467
13651,4113,3254,2494,2494,2494
13652,7491,8871,8152,8152,5735
13653,8152,6912,6049,9027,9027
13654,3201,7027,2803,2488,2488
13655,2911,3096,2474,4022,4022
13656,3754,2513,4180,4180,4180
13657,3121,2322,4351,4351,4351
13658,8495,5561,2890,3976,6534
13659,4361,448,2673,880,2673
13660,3241,3576,3143,3884,3884
13661,4251,4008,3107,3107,3107
13662,3527,2548,5910,6659,6659
13663,3714,4033,3849,7093,7093
13664,4120,4364,5704,5704,5704
13665,3873,2742,5682,5983,5983
13666,3569,3603,2872,6958,3919
13667,7079,8535,742,5007,4532
13668,4189,3651,3185,3185,3185
13669,3319,4615,3125,3895,3239
13670,1665,1058,656,2229,2229
13671,4352,3782,5902,4627,4627
13672,3644,4046,3882,1259,1259
13673,4074,3076,217,3653,3653
13674,606,1887,1180,1180,1180
13675,8394,7592,526,526,526
13676,3930,4270,4270,4270,4270
13677,3493,3959,2948,5723,5723
13678,2932,3885,2932,4430,4430
13679,2424,6110,5335,5335,5335
13680,7853,4407,7798,5742,5742
13681,3456,4628,3627,5617,3790
13682,4194,3149,3227,2414,3227
13683,1872,3149,7661,7342,7342
13684,7288,7457,3663,3663,3663
13685,4311,3284,4379,4379,4379
13686,3340,3306,4374,4374,4374
13687,2685,4481,2344,3059,3059
13688,2475,3635,4247,2653,2347
13689,3406,4558,3130,3130,3130
13690,4242,2640,2662,2662,2662
13691,4596,5407,6756,6756,6756
13692,6556,7459,6117,6194,8368
13693,4440,5973,5973,3100,3100
13694,4586,2515,4348,3504,4348
13695,2554,2911,2819,2819,2819
13696,3903,4001,4497,3135,4001
13697,5104,5441,6766,4754,6766
13698,6096,6248,5694,5694,6248
13699,6699,5022,4912,6437,4912
13700,4128,4613,7396,7396,8403
13701,7097,3520,976,976,976
13702,8849,8896,7074,9059,9059
13703,4059,4473,6748,4250,4250
13704,2425,3794,4493,4601,4601
13705,2759,2455,4499,4370,4370
13706,3198,3198,2733,4166,4166
13707,3464,2401,4066,3329,3565
13708,2567,2366,3266,2794,2794
13709,3058,2618,4589,3443,3443
13710,3462,7716,3692,2510,2510
13711,2519,3186,2886,1235,1235
13712,4041,297,509,233,782
13713,2361,3087,7118,7118,7118
13714,3944,6921,4372,3245,3606
13715,3168,2805,2681,2583,2681
13716,9228,3830,3105,2320,2822
13717,4192,6770,2779,6130,6130
13718,6171,8754,5991,5991,5991
13719,8996,4628,3466,3466,3466
13720,6572,8069,8069,6489,8069
13721,3131,5404,8455,5144,5144
13722,3327,4207,3450,2509,2509
13723,2905,3131,3675,2841,3675
13724,2499,9047,9047,9047,9047
13725,8300,3863,2501,2501,4298
13726,2907,3430,4081,4218,4218
13727,3459,4988,3015,2729,4014
13728,2822,2729,8632,8632,8632
13729,9036,3177,8742,3513,3513
13730,2842,3825,3957,4584,4584
13731,4424,3281,3122,3391,3429
13732,3559,3937,4265,2539,2539
13733,3187,2399,3594,3594,3594
13734,3442,2873,3469,2343,3339
13735,3174,2390,2955,2427,2427
13736,2692,4241,4241,4241,4241
13737,4152,2865,2532,2532,2532
13738,483,6055,3977,1839,1839
13739,3061,3258,4245,2435,4245
13740,4462,4151,4037,3381,3381
13741,2993,3284,2587,2984,2984
13742,3339,3143,3228,4396,4396
13743,2464,4151,3759,3759,3759
13744,3301,2984,2672,2672,3347
13745,4133,2914,3496,3907,2602
13746,2431,4426,2616,3880,3298
13747,2914,3479,4179,2379,4586
13748,3171,4144,2317,3854,3854
13749,2468,3044,2626,4367,3821
13750,2600,2353,8060,7325,8087
13751,3536,3536,2983,3727,3294
13752,5672,5734,6069,6248,6432
13753,4093,4247,6339,3479,3479
13754,2599,3931,3985,3985,3985
13755,2366,4256,3311,3951,3951
13756,2871,3116,4214,2452,3916
13757,6878,4305,2488,2376,2376
13758,2694,2858,2642,3862,2694
13759,6084,4587,6557,4689,4689
13760,7945,7287,3195,3195,3195
13761,2973,4728,6048,2973,2973
13762,2964,4166,2689,2689,2689
13763,4295,4582,4295,3341,3341
13764,3914,5322,6561,4394,4394
13765,2433,2773,4243,4243,4243
13766,4613,7543,8180,6150,7908
13767,3700,6318,2807,5883,4775
13768,6243,5576,5576,5576,5576
13769,372,1432,2045,8304,8304
13770,936,4420,4420,1295,743
13771,2673,8988,4101,351,351
13772,2492,3904,2860,2860,2860
13773,2860,2860,3152,8194,8194
13774,2738,3987,2860,4186,4186
13775,3938,4000,4522,3981,3981
13776,4524,9134,2780,3180,3180
13777,4182,4287,3999,3131,2468
13778,6672,6275,3837,3837,101
13779,3200,2934,4165,3000,3000
13780,6603,1757,4198,3836,2312
13781,3140,8667,8267,8271,8271
13782,3254,3430,3549,2361,2525
13783,4047,4729,4015,4156,4156
13784,3711,4151,4432,4232,4232
13785,8779,8207,8137,7082,7082
13786,2647,1512,3734,4294,3324
13787,4590,2796,2584,4218,4363
13788,7765,3859,1453,2830,2830
13789,4151,3519,3304,3287,3023
13790,8806,7181,9147,7446,8951
13791,7009,8809,7335,7335,7335
13792,9082,2574,8559,3503,3503
13793,2598,2840,4775,8802,5649
13794,2662,2454,3893,2685,2685
13795,8673,4039,2704,4121,4121
13796,3885,2782,3024,3024,3024
13797,3880,4549,3712,3712,4225
13798,2617,4119,3964,4133,4058
13799,4201,3822,3822,3822,3822
13800,4576,3439,3987,3987,3987
13801,3858,3685,4593,4593,4593
13802,2428,2346,4237,3457,3457
13803,6328,3450,2594,2594,2594
13804,7235,4287,3751,3751,3751
13805,4389,3810,4576,3500,3500
13806,3104,4133,4261,3421,3421
13807,2677,3975,2677,3432,3432
13808,3105,3017,2859,4186,2859
13809,8238,2388,8541,4459,4459
13810,2462,4395,3150,3956,4262
13811,2501,3072,3975,3605,3605
13812,2504,3314,4294,2504,2504
13813,2948,3734,2504,3023,2979
13814,4550,4550,3069,3069,3069
13815,8516,6574,4194,2545,2545
13816,4157,2545,2981,2981,2981
13817,3907,2972,2439,2439,2439
13818,2929,2966,3797,3937,3937
13819,7801,7886,3462,4497,4497
13820,4557,4322,7291,4322,3512
13821,3950,4169,3560,3119,3119
13822,7786,2651,3467,8837,3467
13823,4653,6630,3695,3509,3509
13824,4367,3354,2632,2632,2632
13825,2805,3549,2598,3307,2917
13826,3614,4311,8066,4134,2378
13827,3692,4297,6577,8202,8202
13828,3871,4557,6905,6905,6905
13829,3050,8317,7074,7074,7074
13830,6360,5696,5227,6360,7029
13831,2447,697,2774,7222,7271
13832,4113,4113,2525,2525,2525
13833,4811,3688,5723,2422,2424
13834,2349,2525,2525,2525,2525
13835,9154,7275,7108,7752,7752
13836,5948,5282,6210,6210,6210
13837,5985,2824,6562,6562,6562
13838,2600,6617,7774,7774,7774
13839,2962,4469,3712,4552,2964
13840,8867,3457,3860,3860,3860
13841,3381,4211,3339,3339,3339
13842,3710,3733,4432,4432,4432
13843,3930,4473,2701,3446,2701
13844,4259,3804,4061,4061,3598
13845,3067,2697,4264,4219,4264
13846,4438,2572,4413,4413,4101
13847,4067,4018,4095,4095,2917
13848,2935,4438,2458,4250,3261
13849,2822,4187,3498,3672,3498
13850,4951,4370,6091,6091,6091
13851,3263,2520,7446,7446,7446
13852,3881,3867,2501,4169,4169
13853,4457,5726,3792,3792,3792
13854,2477,3258,2477,2477,3010
13855,2769,2739,4141,2769,4576
13856,2663,3986,3300,2559,2504
13857,3138,6255,5829,7147,7147
13858,2824,2501,3213,3213,3213
13859,7374,6788,3394,2806,3142
13860,5290,3574,8306,3278,2779
13861,4379,2715,7964,2744,2744
13862,3874,3874,9199,8405,3874
13863,3807,3943,3258,3258,3258
13864,3904,4550,4319,4319,4319
13865,2561,2338,2486,3603,3603
13866,3871,2338,3645,2969,2969
13867,2963,2713,3603,3198,3198
13868,4582,2836,4021,3233,3233
13869,8779,7154,3529,2653,2812
13870,4372,8856,6101,7714,7714
13871,4474,2608,389,725,3578
13872,2315,3278,3278,3278,3278
13873,2858,4160,2409,3278,3278
13874,6846,5045,6598,6180,6598
13875,4882,5571,6166,5107,6166
13876,3115,2725,2525,3874,2422
13877,9193,7719,7404,7404,8185
13878,2602,2621,2660,2660,2660
13879,3837,2684,4195,4195,4195
13880,3117,3286,2633,2633,2633
13881,3748,4133,3311,3748,3748
13882,3140,3421,3748,4001,4387
13883,5773,2968,3344,3344,3344
13884,2517,4347,2864,3988,3988
13885,2512,3543,3527,2836,4020
13886,3205,3198,7325,2628,2628
13887,6390,401,6153,1883,1883
13888,4308,4347,3846,3393,4111
13889,2517,4026,4000,4000,4000
13890,2399,3496,4347,4404,4404
13891,3569,2328,3003,3029,3029
13892,7684,3634,4411,3852,4411
13893,3537,3634,5005,6706,6706
13894,4475,3199,4538,4538,4538
13895,4575,4264,3849,3914,4049
13896,3844,4381,2900,4000,4000
13897,4008,3716,3661,3496,3661
13898,3808,4607,5726,3983,3983
13899,4052,3373,4241,4241,4241
13900,3121,3981,3981,3981,3981
13901,6365,4789,6917,5999,5999
13902,3465,8641,2851,2851,2851
13903,3091,8006,7195,7195,7195
13904,3330,3246,2475,2380,7826
13905,8773,8494,7084,7279,7279
13906,3462,7325,2347,2347,2347
13907,2353,4354,2809,3239,3783
13908,3122,2841,2368,2368,3249
13909,3978,2500,4306,4140,4140
13910,6664,6664,2436,5340,5340
13911,4454,7605,74,837,837
13912,4638,2193,8323,5661,5661
13913,7698,6876,5483,4381,9021
13914,8705,2820,2789,2789,2789
13915,2711,4564,3730,2839,4480
13916,4530,3423,3310,3407,3407
13917,3332,8565,8389,8389,8389
13918,2846,2915,3643,4567,4567
13919,4568,4568,6254,7459,7459
13920,3087,4214,3721,2692,4473
13921,3905,3554,4040,4040,3501
13922,5005,7264,3126,4280,3092
13923,4548,3258,2621,4356,4468
13924,3317,3496,4501,3088,4114
13925,3859,9131,4814,4814,4636
13926,4364,5705,6024,3983,3920
13927,6990,2527,8300,8300,8300
13928,2690,3624,8731,6958,6958
13929,4559,2943,4328,4285,4285
13930,2568,2558,4251,4716,4716
13931,3888,3353,1216,3469,4040
13932,3602,2852,3690,2935,2935
13933,2643,4126,2805,3168,2805
13934,2412,4769,5191,7052,5205
13935,7062,7052,4685,4685,4685
13936,3639,3639,3639,3639,3639
13937,3171,2510,2641,4300,4300
13938,4033,2789,2547,2944,2547
13939,5704,3111,2394,4091,2468
13940,9183,6713,5667,5644,6713
13941,3990,5891,6662,8379,8379
13942,4857,3343,6894,8351,8351
13943,8587,4918,4918,4918,4918
13944,3254,6338,4563,4069,4069
13945,7153,128,4053,1226,1226
13946,6523,3642,2884,3033,3033
13947,7684,4228,6658,6658,6658
13948,4193,4760,5520,5520,3840
13949,3005,4143,5870,3477,3477
13950,5866,4670,6009,6009,6009
13951,5494,4143,3474,6466,3474
13952,2929,4455,6843,6494,6494
13953,2834,4611,6622,5631,5631
13954,3398,4748,4455,4455,4455
13955,3363,3530,4477,2341,2341
13956,3128,3238,3128,3105,3128
13957,2891,8505,3143,3143,3143
13958,5988,8791,4857,4857,4857
13959,6429,3603,7111,8414,6747
13960,6541,9124,8350,8350,8350
13961,4614,3582,2744,2744,2744
13962,3126,2581,2580,4396,4396
13963,2729,4245,3258,3258,3258
13964,3240,3183,3458,3585,2485
13965,2922,9022,9021,3700,9021
13966,4411,8491,9173,9173,2946
13967,7125,3322,3322,2579,3322
13968,4036,2997,3917,3917,3917
13969,3152,3904,2462,3487,3487
13970,2683,2683,3423,3831,3580
13971,2714,3665,2716,3747,2757
13972,7169,8395,4085,9223,8013
13973,3870,2534,3363,4338,4338
13974,3970,9122,4600,4357,4357
13975,4550,3336,3352,2797,2797
13976,4148,4148,3071,4148,3071
13977,1348,7405,53,259,259
13978,3070,8891,9192,5097,7839
13979,6763,3676,4379,5068,5068
13980,3158,2524,3155,3894,3894
13981,4192,4156,8740,2804,2804
13982,6416,5756,2604,2604,5068
13983,2729,8937,3458,3458,9079
13984,5271,9181,5462,5462,5462
13985,4480,3841,2485,3009,3009
13986,4412,3884,4218,4081,4218
13987,2456,8702,3303,3406,3406
13988,7559,8383,7928,9132,2806
13989,8151,3045,8007,8421,8421
13990,2447,7582,7582,3882,3882
13991,2556,4547,2568,3797,3797
13992,2973,4158,2728,4150,4150
13993,3327,3084,3691,4065,4065
13994,2543,2431,6543,2962,2962
13995,2317,2539,2834,4424,3906
13996,3327,3096,3251,3224,3251
13997,3080,2402,2880,2402,4095
13998,6414,2934,2934,2934,2934
13999,4573,6958,3612,9210,9210
14000,2357,8380,3715,2942,2804
14001,2643,351,3363,3296,2499
14002,3375,3669,4425,4499,3899
14003,2738,2808,4162,3956,3956
14004,4162,3463,4375,4375,4375
14005,2865,4162,2388,3746,3959
14006,3483,4250,3690,4442,4442
14007,3458,4174,4432,4432,4432
14008,3307,3447,3965,3447,3447
14009,4097,2656,4326,3661,4326
14010,4120,4481,3992,3992,4387
14011,3344,4112,4112,4152,4223
14012,4567,2858,4188,3469,3469
14013,7587,4023,2923,4570,4570
14014,2858,2858,3228,2858,2534
14015,4609,2641,4107,4486,4461
14016,3932,3250,3112,2491,3903
14017,4217,8919,4190,4272,3906
14018,9007,8079,4449,4449,4449
14019,4288,4250,2694,2954,4240
14020,234,8799,899,9126,9126
14021,2481,5610,3891,1886,1886
14022,4612,4000,3704,2770,2770
14023,4233,2932,3391,3391,3391
14024,2682,3234,2911,4325,3408
14025,2789,3024,2618,3951,3951
14026,2689,2639,2547,3534,3534
14027,3987,4245,2985,2985,2985
14028,3943,4503,5726,3332,3332
14029,3987,8478,3110,3110,3110
14030,4074,2572,7587,8563,3853
14031,3294,355,1190,1069,2120
14032,5561,1572,648,289,648
14033,2813,4368,7431,3412,7431
14034,4815,5299,8074,8533,8533
14035,6432,4329,4329,4329,4329
14036,2718,2799,4463,2577,2577
14037,3544,3947,3058,3866,3866
14038,3729,3736,9197,4611,4611
14039,4782,4767,4767,5917,4767
14040,4659,4824,6591,6490,6490
14041,3274,4066,3007,3007,3517
14042,2986,3339,4592,4592,4592
14043,3954,2636,2047,2047,2047
14044,6327,5455,869,869,869
14045,7968,2746,7816,2500,7816
14046,7406,4346,4756,7663,7663
14047,9144,6601,8535,7105,7105
14048,4304,4372,2872,4117,4117
14049,7414,4450,3715,3839,3839
14050,3375,4338,3568,2695,3568
14051,4189,4066,2731,2731,2731
14052,4287,4189,2428,2405,2405
14053,3117,3854,4477,3452,3919
14054,3683,2776,4076,4076,4076
14055,5642,5856,2703,2703,2703
14056,3872,3478,2719,3655,3655
14057,3289,4084,3988,3988,3988
14058,4307,3422,3422,3422,3422
14059,2474,4586,3675,3675,3675
14060,8467,8060,8653,2914,2914
14061,3337,3144,3070,3070,3070
14062,3847,3579,3112,4233,5097
14063,3805,3317,3861,3656,3135
14064,4330,3319,3319,3565,3565
14065,4183,4219,3154,2980,4049
14066,6786,6366,6093,4798,7048
14067,6534,6416,6031,6416,3433
14068,7509,5431,5654,5654,5654
14069,5987,5924,6411,6411,6411
14070,4228,6216,8871,4739,4739
14071,2944,8872,6337,5408,5293
14072,2790,2870,2616,2616,4387
14073,3736,3529,2989,3077,3077
14074,4575,2987,3191,3758,4322
14075,3585,3401,3616,3616,3690
14076,3794,7120,8363,4489,4489
14077,3641,656,555,555,555
14078,2428,3099,2428,2428,3291
14079,2373,4107,2885,2885,2885
14080,3725,3074,4225,2623,2623
14081,48,4047,5856,5856,5856
14082,4071,3403,3578,2931,3128
14083,1858,6522,681,6522,6522
14084,3615,2432,2751,2751,2751
14085,3356,4000,2345,2753,2753
14086,3999,4347,3945,3731,3731
14087,3268,4282,8008,6079,2744
14088,2620,3798,9058,3878,2587
14089,2569,2374,2374,3231,3231
14090,3446,3446,3446,3446,3446
14091,3446,3446,3446,3446,3446
14092,3446,4435,3446,3446,3446
14093,2464,2369,3546,2369,2369
14094,3918,3241,2436,2668,2668
14095,803,8311,9148,9148,9148
14096,3949,4302,4302,4302,4302
14097,7354,7126,7547,2925,8329
14098,3949,4302,4302,4302,4302
14099,4508,3395,4061,4061,4061
14100,8997,4243,2840,4413,2963
14101,2652,2352,4116,4116,4116
14102,3650,3111,4520,4111,4111
14103,3951,2465,3122,4584,4584
14104,3398,2606,2386,2386,2386
14105,4425,3009,8669,3246,3246
14106,2904,3559,3670,7330,3144
14107,3702,8891,2821,8282,8282
14108,8283,3545,2377,3821,3821
14109,4051,3312,2727,4212,4212
14110,8730,3404,3404,3404,3404
14111,7793,8510,9148,7498,7498
14112,4164,6921,3871,3311,2850
14113,6267,3397,2496,4463,4463
14114,4198,7143,2376,3189,3082
14115,4198,3902,5717,5898,5898
14116,7387,5108,4729,5155,5155
14117,2479,3543,2786,3864,3864
14118,3002,8689,2570,3897,3457
14119,3273,4543,3454,3454,3454
14120,4285,4368,4328,4609,4609
14121,4362,3144,3055,3670,3670
14122,2733,7279,8850,6836,6836
14123,3203,2378,4298,2838,3146
14124,3412,2516,5523,6121,6121
14125,4236,2795,3347,4037,4037
14126,4428,3377,3348,3348,3348
14127,3426,3443,3887,2471,2471
14128,2861,4586,2442,3273,3273
14129,5064,6309,8689,9191,9191
14130,3213,2960,2442,4615,4615
14131,3462,3395,3821,3732,2543
14132,3105,3949,7457,3355,3355
14133,7695,8840,7875,8840,8840
14134,6259,7683,8046,8046,8046
14135,3250,7330,2397,4342,2397
14136,8201,7486,3599,3786,3786
14137,3562,2509,3003,3003,3003
14138,2782,2889,3608,3608,3608
14139,2459,2635,2635,2635,2635
14140,2459,3670,3444,3524,3524
14141,3171,3704,4615,4615,4615
14142,2606,2605,2430,3691,2606
14143,2430,7375,2886,2886,2886
14144,2842,4026,3769,3769,3769
14145,3378,6026,4512,4512,4512
14146,4182,2930,3388,3388,3388
14147,3028,2838,2923,2923,2923
14148,2923,2923,2923,2923,2923
14149,2923,2923,2923,2923,2923
14150,2960,3702,2960,3540,3540
14151,3399,2753,3412,3738,3412
14152,4094,7946,6975,8653,8653
14153,2528,3035,7730,5429,5242
14154,3661,4566,3932,2450,2450
14155,4180,3323,3559,3593,3559
14156,4509,2528,3320,3393,3393
14157,2969,6551,3797,6843,6843
14158,3707,2646,2418,2418,2418
14159,6791,3473,3695,2439,2439
14160,2911,4342,3125,3997,2813
14161,5622,6801,5622,4755,4755
14162,4568,3059,2364,2361,2615
14163,4484,2452,4216,3043,3043
14164,4186,2684,3475,3918,3918
14165,3279,3154,4086,3661,3661
14166,4582,4051,3151,2987,2987
14167,3117,2538,2538,2538,2538
14168,2749,9234,4469,2775,4131
14169,3060,3109,3259,2837,2837
14170,7510,8510,5812,3557,8245
14171,3977,3684,2882,3977,3977
14172,3546,3673,4201,4201,4201
14173,3807,7142,4155,3150,4155
14174,4433,4440,7001,3090,3090
14175,8404,2566,8760,4195,2997
14176,7538,3034,6077,2377,6077
14177,2333,2662,3655,4305,4305
14178,4826,2376,3324,7060,7060
14179,2504,3839,3839,3986,3986
14180,3319,3670,3967,4522,3679
14181,2587,4490,2692,3492,3492
14182,4574,4494,2453,2629,2629
14183,3287,4113,3498,3498,3498
14184,4442,3478,2719,2719,2719
14185,3525,3286,4419,4419,4419
14186,3624,3624,9106,9106,9106
14187,4375,4375,4459,4459,4459
14188,4375,4593,2849,3853,3853
14189,3364,8653,3600,4020,4020
14190,3330,3131,3319,3369,3091
14191,7946,3396,2866,4253,2866
14192,3532,4296,3495,2415,3495
14193,4296,9148,3989,3989,3989
14194,3080,2880,8523,2808,4045
14195,3085,1348,2775,4526,2775
14196,3569,3559,2466,2731,3186
14197,3876,3861,4056,4056,4180
14198,7820,6642,4317,7465,7465
14199,5223,3351,7463,5868,5868
14200,3030,9024,5503,4118,3641
14201,4227,2938,2762,4826,4826
14202,2320,2364,2364,2364,2364
14203,2659,5952,2938,7141,7141
14204,3760,3044,3218,3109,3218
14205,2678,4306,2543,2543,2543
14206,3003,4301,3016,2679,2679
14207,4105,3135,3754,2491,4589
14208,3704,5875,2431,5017,5374
14209,3666,4575,3999,3999,3999
14210,4745,6172,5915,5915,5915
14211,3540,6344,7163,3704,3704
14212,3330,4543,4563,3317,3317
14213,7587,3228,2383,2787,2787
14214,4090,2499,4290,4290,4290
14215,315,5466,984,4425,111
14216,5327,7815,7679,5717,7679
14217,107,3389,3262,3902,4890
14218,4489,4228,2668,5494,7133
14219,6337,5093,6106,8965,8208
14220,8244,7753,3220,5585,3220
14221,7515,7060,4923,4923,4923
14222,2804,3963,2452,4256,4256
14223,9148,8300,8616,2316,3731
14224,5214,1949,3379,4933,8905
14225,2903,3421,2972,3527,3527
14226,4044,2767,2671,2399,2671
14227,4066,3978,4571,3854,3854
14228,4571,2431,4571,4571,4158
14229,2780,4571,4856,3883,3883
14230,2897,3861,3999,3999,3999
14231,4169,3303,4076,3503,3503
14232,2677,3119,6485,6485,3700
14233,2677,2512,2392,2392,2392
14234,2843,2625,3311,4611,3311
14235,3963,4015,4530,2663,3994
14236,7792,7792,7268,7268,7268
14237,3598,3462,3250,3250,3250
14238,4366,2400,4139,2782,4139
14239,4466,2745,3250,3250,3250
14240,5124,4598,4598,4598,4598
14241,2688,2921,3841,2975,2975
14242,4017,8457,4151,2807,2807
14243,4043,3388,3070,4362,4362
14244,3579,3291,4251,4285,4285
14245,3544,4208,3144,7896,7896
14246,4204,3783,3223,7716,2763
14247,7431,4853,8105,4427,4427
14248,7279,6420,3637,8659,6054
14249,4416,3858,3352,3352,3352
14250,4550,5582,2414,7509,7509
14251,3277,2551,2551,2551,2551
14252,2962,7691,3538,4552,3538
14253,3937,3680,4581,2509,3609
14254,3122,2731,3281,4190,4190
14255,4099,2346,3567,4605,4605
14256,3041,3779,3041,3041,3041
14257,5047,2346,6465,4263,4263
14258,3424,2575,3033,3424,3424
14259,4118,7518,8725,3949,3949
14260,2595,4588,4588,4588,4588
14261,4169,2349,3233,3233,3286
14262,8543,7602,2854,2854,2854
14263,4295,3334,4574,2457,4231
14264,3615,2809,3625,3625,3625
14265,4010,2374,3725,2857,2857
14266,3691,2918,4286,2765,2765
14267,4124,4124,5778,4654,4654
14268,4124,4124,9233,7779,7779
14269,5779,6652,5779,3303,3303
14270,3593,4009,2475,2475,2475
14271,8518,5956,3154,9038,9038
14272,4607,2625,8161,3839,3839
14273,4319,3904,2859,2859,2859
14274,4130,6523,6523,2779,2779
14275,3152,3918,4550,3217,4550
14276,2386,3679,4188,4188,4188
14277,4211,2532,2867,2532,2532
14278,4573,4759,5210,6960,6960
14279,2840,2487,4183,4183,4183
14280,4255,3515,6383,4455,6383
14281,2671,2539,2666,4026,4026
14282,2731,2731,3779,3937,3937
14283,3211,2466,3186,3186,3186
14284,2317,2731,3393,3393,3393
14285,2392,4379,3592,4095,4095
14286,3140,8100,3492,8143,2805
14287,3376,1199,471,1199,1199
14288,3161,2659,2787,4100,4023
14289,2771,3461,3197,2018,479
14290,2587,2388,3996,7922,7922
14291,7071,8282,4995,4611,4995
14292,4168,3605,3958,3958,3958
14293,3561,3561,3522,3462,3522
14294,2042,618,614,614,7879
14295,4338,4593,3229,2497,2497
14296,4009,2327,4116,6730,6730
14297,3787,211,2875,3718,3718
14298,2436,4567,4249,2435,4249
14299,2572,3238,2398,2398,2398
14300,4753,2982,3356,4144,3356
14301,4044,4419,4367,3928,3928
14302,4164,2767,2871,3213,3928
14303,4223,2973,2606,2809,2606
14304,3671,2432,3864,4107,4107
14305,3826,3891,5354,3260,4094
14306,2607,7088,3092,3941,3092
14307,7876,3665,4241,4186,4186
14308,2506,6557,4267,4267,4267
14309,3088,4367,3083,2870,3083
14310,7948,3597,7027,5711,5901
14311,3999,4263,2960,3768,2960
14312,2347,3731,2736,2710,2710
14313,2337,2968,2843,3606,3785
14314,2736,3226,2773,4263,3311
14315,4519,3124,3633,2627,2904
14316,3443,3609,6465,4486,4486
14317,3769,4497,3273,4133,2957
14318,3599,5339,3345,2837,2837
14319,6875,5939,4679,3402,3402
14320,3223,7765,6654,8377,6654
14321,3157,4166,4399,4399,4399
14322,4328,2313,3144,2619,3144
14323,3086,4932,3955,8783,8783
14324,3849,4756,3472,2638,6247
14325,4251,6469,4251,3740,3740
14326,4259,4259,8782,8282,4259
14327,2766,4439,5238,1259,5238
14328,3882,8752,7840,7840,7840
14329,2341,2398,4101,4081,4101
14330,3132,3518,8602,5487,5487
14331,7477,7565,6923,3015,3015
14332,6562,8744,6733,6733,7454
14333,2808,2808,4478,4478,4478
14334,2443,2892,4162,4266,4266
14335,7234,2630,4503,4503,4503
14336,2382,9131,3167,5327,5327
14337,3122,3562,3562,3370,3562
14338,2379,4286,4122,4122,4122
14339,5429,1647,1868,1868,9223
14340,6151,5948,5948,3053,3819
14341,5401,5703,4341,4341,4341
14342,3859,3928,4908,4908,4908
14343,3656,3529,2771,8517,8517
14344,2850,2521,4430,2828,4430
14345,3408,4091,3046,3946,3946
14346,2861,3768,2784,2784,2784
14347,4326,3767,3029,3767,3029
14348,3346,3968,8265,8915,8265
14349,3959,3959,2443,2564,2564
14350,4188,2883,3187,3170,3170
14351,3067,4215,6432,7819,6432
14352,3575,2935,4093,4093,4093
14353,5730,4766,6818,6339,2216
14354,3394,2815,4502,3687,3687
14355,3177,4614,4826,4826,4826
14356,4151,4435,4037,4350,3734
14357,2637,2414,3278,2443,2443
14358,2637,3352,3791,3791,3791
14359,4297,2367,3969,4102,4102
14360,3381,3059,2599,3863,3863
14361,2879,3635,4614,2644,2644
14362,4614,3839,4523,3635,2878
14363,4142,5417,8684,8684,7835
14364,5483,6890,6548,4824,6548
14365,4142,9103,6380,6380,6380
14366,2338,4443,2338,3624,2338
14367,3767,2338,2486,4443,2486
14368,2690,3231,4559,3624,3624
14369,3565,6156,5398,3565,3565
14370,3153,2669,3298,2827,3298
14371,4182,6659,5177,3222,4781
14372,3144,3271,3581,3462,4461
14373,3691,4057,3651,3298,2515
14374,3767,3175,2403,2403,3805
14375,3593,2814,7880,3593,2457
14376,2920,4015,3801,4215,4215
14377,3110,3256,3660,3870,3870
14378,3144,4532,3003,3003,3003
14379,3276,5339,2523,2366,2366
14380,4354,4532,4070,4049,4049
14381,6653,3561,5831,3832,3434
14382,5003,9224,4002,4002,4002
14383,3291,4207,4571,4571,2751
14384,3755,3978,2468,2468,2468
14385,3854,5398,4066,4621,4621
14386,2509,4049,3489,3489,3489
14387,4245,4106,3607,2445,2445
14388,5184,5726,5850,5726,5850
14389,7945,2817,4225,4522,4522
14390,4086,3070,3880,3661,3496
14391,4086,3914,3388,3388,3388
14392,3579,2780,2391,8106,3775
14393,3184,3769,4182,2480,2727
14394,3302,3702,2843,2843,2843
14395,4602,2480,2363,2363,2363
14396,2952,3781,2337,2543,2543
14397,2659,4414,4389,4349,3162
14398,2894,4480,3184,3184,4480
14399,2464,5494,6441,6441,4915
14400,2464,2464,5932,8142,8142
14401,8845,4403,6931,6931,6931
14402,4175,4001,4001,4001,4001
14403,3422,2678,3869,4585,4585
14404,3246,7774,7774,8060,3045
14405,5739,7121,3995,3995,3995
14406,4745,7686,3160,5095,6709
14407,5503,3684,6037,6037,6037
14408,4147,6826,5988,7330,7330
14409,2731,6840,6332,6332,6332
14410,4455,3584,4223,4328,4131
14411,2911,8282,7399,3650,7399
14412,4223,3982,8668,8668,8668
14413,3262,3319,3531,4536,3679
14414,5494,6638,2635,2327,6582
14415,3977,3643,3011,2106,2149
14416,3322,2384,4600,3900,3900
14417,4371,2612,3319,3319,3319
14418,3239,4366,3960,4204,4152
14419,3706,7640,5042,5042,5042
14420,3103,2850,3001,3001,9185
14421,2496,4381,4227,6267,4126
14422,2502,6653,8245,4693,4693
14423,7136,2382,4196,5739,5739
14424,6929,2973,4225,2605,3692
14425,3137,3789,2817,3731,2432
14426,2606,3016,3676,3016,3016
14427,6086,2745,6946,2889,6946
14428,4424,2745,3356,3356,3356
14429,6255,6089,6421,6421,6421
14430,5964,6896,5703,5862,8151
14431,3228,3759,3301,3380,3380
14432,3704,3319,2627,2528,2528
14433,4526,3813,5560,2346,6328
14434,3850,2802,3298,4185,4185
14435,3140,2512,2747,2702,2702
14436,3140,2701,3161,2659,3161
14437,3992,3048,3120,3120,3120
14438,2772,3191,4327,3072,3072
14439,4027,3955,3298,3298,3281
14440,2515,2606,4589,3443,4589
14441,2780,3971,2706,2706,2706
14442,3869,3540,4231,2599,2599
14443,3708,4580,2786,3408,2641
14444,5595,5597,2433,2464,2464
14445,4374,4164,4015,2745,3872
14446,3721,3896,8298,8298,8298
14447,2828,3311,3938,2576,4206
14448,2889,3104,4216,3104,3992
14449,3444,3813,3793,3988,3758
14450,6925,5674,6759,6759,6759
14451,3644,4170,2526,3412,3412
14452,4022,2373,3940,4586,4586
14453,2702,4211,2899,4522,4522
14454,3677,3483,2659,2741,3161
14455,4388,2741,3421,2663,2663
14456,3053,3040,8799,3354,3917
14457,4169,2559,3975,3975,3975
14458,4364,3527,3850,3850,3938
14459,3595,7578,5591,3595,3595
14460,2952,3205,3488,3274,2379
14461,3001,3694,5602,4482,4482
14462,3180,8689,3348,3348,3312
14463,3837,3660,3043,8482,2943
14464,3581,3273,3171,2809,3291
14465,4285,4328,4140,4253,4253
14466,4265,4183,2904,3315,3315
14467,2824,2349,2814,3758,3758
14468,3198,3454,2513,2513,2513
14469,3947,3002,2889,2889,2889
14470,2905,3534,2905,3919,3391
14471,2675,2350,3946,4520,2929
14472,3897,4329,4725,8602,8602
14473,2544,2322,2526,2526,2526
14474,3985,3348,3887,2728,3153
14475,4260,3029,3499,3293,3293
14476,3581,3224,3937,3443,2987
14477,4148,2765,2772,2772,2772
14478,5076,6620,4649,4649,4649
14479,2786,2313,2618,2618,4052
14480,2879,2583,3899,3899,3401
14481,7113,8465,9092,9092,9092
14482,4504,5755,5282,2852,2852
14483,555,7407,3894,3894,3894
14484,6508,737,8366,8366,7820
14485,2523,2571,7929,7929,7929
14486,3611,2874,4168,2990,2785
14487,4317,3688,2530,2530,2530
14488,2692,2520,6309,3928,3928
14489,4374,4374,3698,3698,3698
14490,4374,4374,3529,3529,3529
14491,2534,4340,3151,3151,3151
14492,3708,3767,3315,3315,3315
14493,4152,4558,4995,3207,3207
14494,3211,8768,2671,2671,2671
14495,3914,2634,2751,4330,3055
14496,3147,3668,2962,2962,2962
14497,3224,3755,3016,2675,2675
14498,3890,5668,4188,4188,4245
14499,5388,6391,7306,7306,7306
14500,3013,7817,8475,7519,8115
14501,3723,3091,3147,2466,2466
14502,3225,2751,3633,3225,3225
14503,4150,2468,3832,3438,4509
14504,3971,3751,2775,2646,4068
14505,6890,5491,6890,6890,6890
14506,6890,4427,6863,6863,6863
14507,3978,4158,3137,3137,3137
14508,4552,2515,3867,2685,4120
14509,3723,2317,4354,4354,4354
14510,4886,4903,8290,6759,6759
14511,2605,4207,2474,5013,5013
14512,4578,4578,3789,3789,3789
14513,3768,3001,4301,2973,2973
14514,5035,3431,3944,5242,3238
14515,3704,6334,5965,2748,3281
14516,2808,9223,2846,2808,2808
14517,7813,4137,7457,4446,4446
14518,9120,2541,5601,5601,5601
14519,3254,3989,3531,3063,3063
14520,6603,2745,4576,6987,3306
14521,3340,7929,3546,2369,8559
14522,3180,3999,3180,3408,3408
14523,4342,2350,3109,4342,4342
14524,3497,2790,3024,2817,2817
14525,1387,1128,159,2189,2189
14526,6211,3296,4009,2984,2893
14527,295,1830,1199,929,929
14528,2433,3867,2534,3950,4177
14529,2406,3867,2534,2899,2954
14530,3339,2858,2688,4023,4023
14531,5018,8767,7146,9191,9191
14532,9154,3493,7620,2874,8666
14533,4396,8117,7306,8117,7238
14534,3153,3225,2742,4451,4287
14535,2914,3906,2394,3444,3444
14536,2904,3137,2904,4006,4006
14537,2934,2934,2461,3059,3059
14538,2480,3430,3698,3698,4243
14539,4479,4121,2615,3338,3338
14540,3072,2654,2641,3191,3191
14541,1320,5023,4557,6739,8724
14542,6937,2677,2898,6296,6296
14543,3754,3988,3754,3754,3754
14544,4158,3001,2509,2709,2656
14545,2363,3937,2960,2837,2837
14546,4022,3788,3369,4097,4097
14547,4453,2656,4452,4452,4452
14548,3122,3122,3122,3122,3122
14549,7682,6630,2410,7637,7637
14550,2535,2663,2632,2963,4372
14551,3255,5734,3146,3146,3509
14552,9047,4240,2806,3548,2806
14553,4177,2991,3696,3696,3696
14554,3606,5335,7229,7229,7229
14555,4520,2394,4204,4204,4204
14556,2784,2335,3651,3271,3651
14557,2952,3988,3676,4301,4301
14558,3158,3339,4113,4113,4113
14559,4240,51,3794,3794,3794
14560,7014,8029,2349,771,771
14561,3014,2529,2993,3603,4058
14562,3190,4272,2529,3014,3014
14563,2990,3284,4243,2651,2651
14564,43,6091,5548,5548,5548
14565,3358,5548,3358,3358,3358
14566,3022,3022,3400,3458,5487
14567,3755,3966,6555,8730,4495
14568,3647,3016,3091,3091,3091
14569,2963,3496,2481,3137,3162
14570,4405,4696,4744,5731,5560
14571,3431,3366,3170,3610,3610
14572,2663,4030,5835,8724,8724
14573,2658,2721,4280,3193,3193
14574,2805,3082,3998,8435,8435
14575,4202,2694,3155,3687,4502
14576,4029,2750,4575,4575,4575
14577,3844,3075,4366,4349,4349
14578,3191,4414,4000,3914,3914
14579,6929,3838,6840,7860,7860
14580,6929,5674,2710,2994,2994
14581,4279,6410,7231,7231,7231
14582,4466,3898,3223,3557,4346
14583,3898,3898,3898,3898,3898
14584,3898,3898,6941,4495,4495
14585,4274,4485,2795,2795,2795
14586,4195,3701,2873,3423,2873
14587,9031,2868,6493,5114,2965
14588,3083,5960,4486,3429,3429
14589,2918,6665,2542,3341,2542
14590,3057,2765,4225,4225,2842
14591,2415,3348,2406,2380,2380
14592,4168,4224,4120,4246,4246
14593,4408,3813,3960,3443,3443
14594,3561,2710,3999,4563,4563
14595,3680,3360,4564,3343,2834
14596,4376,3356,3704,4388,2656
14597,2964,4289,2654,2654,2654
14598,4066,2837,7375,7375,7375
14599,3399,3971,2679,3024,3024
14600,3910,4152,4373,4373,3046
14601,2947,3499,3191,3853,4349
14602,7512,7925,6931,6604,2854
14603,4144,3393,3131,2675,2675
14604,4532,2309,4532,4633,4633
14605,2554,2509,2509,2335,2335
14606,3618,945,3801,2819,2819
14607,3529,4058,3810,2683,2683
14608,3001,3035,2686,3184,2753
14609,3606,4582,2475,3944,3944
14610,2517,2767,2871,3618,3618
14611,2682,2399,3311,2804,2804
14612,3010,4055,3529,3529,3529
14613,2446,2473,4576,2771,3810
14614,3773,7480,3459,2576,2576
14615,3789,2976,3454,6653,4376
14616,2837,5430,6940,3235,3235
14617,3207,4049,3978,3978,3978
14618,4254,2375,2667,3899,3899
14619,5214,7133,3477,7813,7813
14620,2469,2463,3519,3521,2912
14621,2806,4037,4250,2596,2596
14622,3254,4081,3841,2494,2494
14623,2717,2719,2485,3655,3655
14624,4617,3286,3328,3328,3328
14625,2459,2635,3536,3536,3536
14626,2593,4349,3371,4238,3067
14627,3195,1241,7834,7174,4064
14628,3085,2391,3675,3779,3854
14629,5609,6591,4903,6548,6849
14630,4277,3546,9198,9198,9198
14631,3989,3340,3299,2877,2877
14632,3174,9003,8848,8848,8848
14633,2984,2795,2734,4369,4369
14634,4121,2361,2361,3863,3863
14635,3700,3577,3351,4050,4050
14636,3447,6569,3229,4491,4491
14637,3381,4555,2891,2891,2891
14638,4200,3819,5964,5964,3098
14639,1221,2105,762,3,3
14640,3009,3820,2673,4067,2673
14641,4590,4487,3304,3621,3621
14642,2468,4144,2964,3281,2964
14643,3135,3891,3072,3088,3088
14644,3625,3046,3298,3131,4414
14645,4403,3851,3286,3286,3286
14646,1294,453,4192,4192,4192
14647,3039,7543,3845,3657,3845
14648,3326,3259,3584,3341,3242
14649,3006,2413,4148,4148,4148
14650,4330,4756,8291,5795,5795
14651,4141,2463,8175,8175,8175
14652,3821,3473,4261,4261,4261
14653,4662,4189,3522,3298,2798
14654,3043,4200,2504,2788,2788
14655,3286,2644,4442,4442,4442
14656,3594,3478,2939,3386,4232
14657,8760,3659,5693,5693,5693
14658,3570,2997,155,2019,489
14659,2997,5043,5582,5582,3355
14660,2951,8813,4020,3459,3421
14661,7466,3529,3758,3077,3077
14662,3729,6592,2353,3029,3029
14663,3261,3389,2562,2562,2562
14664,686,1918,2572,1725,3028
14665,2823,2580,2931,4439,4439
14666,2736,4602,3163,7325,3184
14667,4615,3434,4367,2535,2535
14668,2727,3273,2765,2441,2441
14669,3467,3295,3041,7060,7060
14670,4316,3902,2762,3181,3181
14671,8837,4000,3229,3290,3290
14672,3801,3473,2623,4611,4611
14673,8922,2711,4397,6515,6515
14674,2626,3286,2917,2917,2917
14675,4208,2950,4208,2889,2889
14676,7416,4515,7691,4259,4259
14677,4918,4918,5053,4918,4918
14678,3914,3367,3367,2798,2798
14679,6156,4389,3421,4365,4365
14680,2751,3990,3206,3206,3206
14681,3315,2456,4380,2767,2767
14682,2794,4133,2480,4380,4380
14683,3606,5734,2475,4298,4480
14684,3137,3608,2929,3415,3415
14685,3462,4148,2932,4140,4140
14686,3083,4364,3182,4543,3182
14687,3781,3437,7416,3516,3516
14688,3610,3228,3295,3295,3295
14689,3072,4264,3594,2743,2858
14690,3165,5734,2527,2527,2527
14691,3979,5355,5264,3582,3582
14692,2685,3748,3744,3140,4067
14693,2643,2448,3794,2586,2586
14694,2693,2693,2795,3405,3405
14695,3339,2499,4274,2795,2795
14696,3622,4511,3884,3884,3884
14697,3316,3000,2960,2960,2960
14698,6203,7523,945,3185,3238
14699,4608,3580,4976,4976,4976
14700,2941,3831,3924,2216,2216
14701,4492,3831,3727,4093,4093
14702,4216,4364,4246,4246,4246
14703,4522,2344,3992,3992,3992
14704,4424,2349,2349,4120,4120
14705,4146,5287,4471,5586,5586
14706,3134,2407,2662,3428,3428
14707,3498,8211,4198,2376,2376
14708,4429,4595,3947,3947,3947
14709,5162,4909,3461,3893,6398
14710,4148,2544,4119,3864,3864
14711,3315,4152,3191,3499,3499
14712,6621,3835,2669,3873,5847
14713,2419,3281,3135,3224,3224
14714,6659,4164,2652,3459,2652
14715,2460,6687,6314,7088,7088
14716,3454,2378,4537,3041,6172
14717,6316,6471,4313,3834,2496
14718,2759,2671,4380,3710,4366
14719,2605,3805,4051,3122,2403
14720,2368,4621,4135,2379,2379
14721,8482,1976,4131,8919,3275
14722,2753,3019,3767,2969,3250
14723,3602,2697,2978,2978,3201
14724,4572,532,2142,178,1192
14725,3454,2618,2430,3785,2430
14726,3808,5527,6515,3582,5307
14727,4277,4457,2877,3652,2877
14728,3311,3178,3236,3236,3236
14729,6467,3514,3610,3201,3610
14730,2899,3386,3867,2734,3867
14731,4061,4216,4570,2333,3260
14732,2794,2480,3311,4120,4120
14733,6549,5437,2794,4767,3860
14734,3000,4090,4042,2501,2501
14735,4015,7786,4472,2410,2410
14736,6759,5111,3919,3919,3919
14737,3863,4485,4477,389,3124
14738,3434,4022,3499,3499,3499
14739,2539,2985,7325,3903,3903
14740,2468,3579,3344,3316,4166
14741,2936,7526,2942,2942,4192
14742,824,2758,2364,2364,2364
14743,2475,2747,2452,2452,2452
14744,5150,6118,5212,4673,6111
14745,4707,5063,6548,6548,6548
14746,3185,6773,3460,3582,2824
14747,3581,2466,2468,2468,2468
14748,5773,2697,6543,6543,6543
14749,3543,4408,4508,4508,4508
14750,3165,2620,4213,4213,4213
14751,3194,5520,5520,5520,5520
14752,3089,3089,4303,4303,4303
14753,2593,2561,2593,3932,3932
14754,2515,4461,4301,4301,4301
14755,2593,3320,2593,3569,3569
14756,4001,3236,2349,3748,3748
14757,2790,2662,3430,3140,3430
14758,4042,4156,2796,4168,4168
14759,8974,7883,2729,8165,8165
14760,8673,2692,3194,4028,2717
14761,3194,2596,4500,2717,2717
14762,2490,3498,3338,3338,3338
14763,2480,3492,4432,3116,3116
14764,2917,2663,3307,3307,824
14765,2117,7538,8633,6248,7793
14766,3586,4092,7950,2469,636
14767,3346,8915,6372,3346,3346
14768,2962,2650,3903,3945,3945
14769,4314,3768,3937,3937,3937
14770,3868,4589,4414,3326,3326
14771,2666,5945,2800,2800,2800
14772,2491,2491,3567,2353,2353
14773,2656,3903,4180,4258,3517
14774,6208,6884,4066,5130,5130
14775,6590,5464,4822,6849,6849
14776,5404,5409,4287,4287,4287
14777,2685,3178,3992,3992,3311
14778,2758,3986,4403,2454,2454
14779,2947,2433,4617,4095,4095
14780,2836,2366,2366,2366,2366
14781,2447,2538,3134,3134,3134
14782,2407,7714,7714,3742,3742
14783,8929,6558,8710,5331,6844
14784,3551,606,1206,976,976
14785,2824,7118,4555,3313,3313
14786,2985,2335,3988,3988,3988
14787,3096,3163,3163,2666,2789
14788,4480,4364,3035,3595,3001
14789,3395,2379,2547,2733,4058
14790,4424,3958,2627,3754,2627
14791,3562,3960,3443,3437,3437
14792,3610,2383,4391,2636,2636
14793,2561,2697,2561,2561,2561
14794,4351,3320,4098,2817,2817
14795,4627,5098,7133,4489,5494
14796,7725,7552,7020,6050,8880
14797,2565,4234,2725,2725,2725
14798,4602,3440,3178,2476,4042
14799,3644,5835,3031,5856,5856
14800,4218,4121,2615,3338,2615
14801,4967,5962,4775,4775,4775
14802,3469,2642,2532,3899,3899
14803,7909,7620,4400,26,311
14804,3866,2697,3517,6490,6490
14805,6836,4026,5049,3471,3471
14806,4477,4606,357,3222,6115
14807,3546,2901,2664,3537,3537
14808,3807,4226,4226,2549,4226
14809,3114,4241,2549,2549,2549
14810,4575,3825,3163,4543,6156
14811,2543,4300,4258,2988,2988
14812,3122,3122,2515,4512,4512
14813,4263,8084,2770,3924,3924
14814,2966,2442,3571,2627,3980
14815,2930,2930,6946,6946,6946
14816,3373,4439,3244,4249,4267
14817,4355,4567,7456,7456,7456
14818,3688,7019,3179,8400,8400
14819,4033,4441,3356,2353,3029
14820,3601,6019,7577,8290,8290
14821,3154,5219,2839,8338,8338
14822,3360,8125,4330,3707,4330
14823,2713,3645,4572,4572,4572
14824,2664,3125,2623,2493,2493
14825,3273,3000,2626,2626,2626
14826,8152,2957,2473,2473,2473
14827,6946,5883,5693,5693,5693
14828,2720,2720,6226,2720,2720
14829,2720,5546,4718,5577,5577
14830,3875,7948,3438,3438,4189
14831,3033,2826,2661,8115,2661
14832,2923,1339,3681,1513,1513
14833,3402,4604,4093,6339,8915
14834,3408,4225,2521,3645,3645
14835,6916,4058,5566,3274,2666
14836,3135,5430,3786,4466,3786
14837,3866,2337,4001,2819,4326
14838,4300,4097,3002,3002,3002
14839,4097,4179,3957,3957,3957
14840,4295,2434,3744,4380,4380
14841,2969,3375,2655,3347,3347
14842,3072,2987,3191,2349,2349
14843,4343,3964,3296,2785,2785
14844,2457,4367,3994,2480,3421
14845,2893,3208,4134,4134,4134
14846,2368,3775,3527,3527,3527
14847,2466,2733,3465,3465,3465
14848,3524,3330,4107,3462,2817
14849,2518,4422,2916,2916,2916
14850,3173,8605,5627,5627,6300
14851,7491,9113,6889,4606,6889
14852,4432,2490,4293,4293,4293
14853,3183,2805,3430,3430,3430
14854,3986,3254,4293,4293,4293
14855,4294,3577,3447,3447,3447
14856,2879,4151,2762,3759,3759
14857,2879,2411,2559,4481,2559
14858,3344,2922,4193,4709,4193
14859,1235,1235,3209,844,2983
14860,5521,4381,4615,4397,3582
14861,3972,4373,4387,4276,4387
14862,4370,3850,4155,4155,4155
14863,3635,3610,4037,2662,2662
14864,7330,6578,3692,3412,3412
14865,3360,4135,4547,4008,4008
14866,3534,3692,6378,6378,6378
14867,7433,7346,4836,7778,4836
14868,6834,6612,9178,7530,7530
14869,6808,4561,8310,8310,8310
14870,3983,2652,3151,4617,4617
14871,2647,2811,4041,5245,3536
14872,4371,3670,2899,4426,3813
14873,8510,2376,3003,2837,2500
14874,3236,2934,4374,4374,2344
14875,3758,4617,2458,2458,2458
14876,4470,3400,2701,2891,2891
14877,2581,2517,2836,3162,3162
14878,3899,3479,3499,3499,6258
14879,4008,4413,2458,4041,4041
14880,3733,3447,3400,2734,2983
14881,3447,7530,7209,7919,717
14882,3872,3245,2620,2743,2620
14883,2758,4030,7736,7505,7505
14884,3386,2701,4155,3677,3677
14885,3914,3702,2952,2337,2337
14886,4577,2821,4139,2686,3767
14887,3399,3473,4419,4419,4419
14888,2789,3729,6036,8393,2353
14889,4097,3395,3395,4022,4022
14890,4575,2568,3206,4543,3206
14891,3999,4008,3184,4526,3096
14892,4163,4602,3444,3370,2502
14893,2618,2634,2374,4612,3903
14894,3086,4451,4455,4455,4455
14895,2724,4086,4086,4086,4086
14896,4358,2932,2528,2811,2811
14897,4083,3755,3755,3671,3671
14898,4789,5206,6203,2893,2893
14899,4532,8768,8962,3414,3414
14900,2458,2415,3371,3370,3370
14901,3058,4430,4057,4057,4057
14902,4207,5965,3214,3675,4189
14903,2983,3151,4379,3046,3046
14904,3201,6459,5909,824,824
14905,481,5355,4965,300,300
14906,4525,2424,4434,2910,4480
14907,3364,6878,6204,6959,8851
14908,8190,5742,2975,8190,8135
14909,3301,3757,4555,3794,4555
14910,2984,4529,2555,3572,3572
14911,2573,3168,3052,3043,3043
14912,3098,2934,3594,3594,3400
14913,1819,3209,1487,1487,1487
14914,9189,4281,8149,5190,7353
14915,4568,3795,4432,4432,4432
14916,6111,2504,3301,3301,3301
14917,2499,3098,3053,3953,3053
14918,5927,4796,5198,6078,6078
14919,6089,3824,5461,5461,5461
14920,6511,6089,6005,4650,6005
14921,5245,5360,8485,5929,5929
14922,3305,3098,3733,2691,3733
14923,2652,3048,2498,2498,2498
14924,5209,4616,3263,4616,4616
14925,5870,4618,3005,3979,4143
14926,6920,6703,4970,4970,4970
14927,2422,2725,3036,3036,3036
14928,3321,3321,2323,2942,2942
14929,3858,4278,3036,3321,3036
14930,4508,3116,2920,2843,2843
14931,3316,3985,4380,4023,4023
14932,4326,3960,4326,3821,3821
14933,2802,4486,4443,4443,4443
14934,3838,5997,9177,4976,4976
14935,3781,2781,3805,3805,3805
14936,4398,3816,3168,2496,3168
14937,5688,5635,2483,7624,3471
14938,3986,4121,2420,4229,2420
14939,3598,4451,3265,2918,2641
14940,2966,3070,3377,3377,3795
14941,3075,3265,2441,2441,2441
14942,4324,4057,3947,4029,2627
14943,3184,4853,6647,3122,3122
14944,3444,2709,2397,2789,2397
14945,3048,3081,4371,4398,3616
14946,2757,2726,4356,4226,4226
14947,3594,2392,3833,3283,3833
14948,5128,3277,3069,2383,3049
14949,2860,4476,4550,4550,4550
14950,6523,2832,2390,8785,8785
14951,3181,2907,2907,2907,2907
14952,2725,9024,2487,2725,7118
14953,4396,4309,4222,2478,4222
14954,4729,3451,4729,4729,4729
14955,6676,7735,7735,7735,7735
14956,3083,4091,6604,4168,4168
14957,4333,4556,3243,3282,3282
14958,4556,2835,3089,2360,2360
14959,3918,4541,2595,2595,2595
14960,4514,4242,3413,6523,6523
14961,6487,1445,9122,8749,8749
14962,3277,5571,5571,5571,5571
14963,3583,3583,3583,3583,3583
14964,3583,3583,3583,3583,3583
14965,3583,3583,3583,3583,3583
14966,4241,3078,3428,3939,3939
14967,3035,4611,5573,5573,5573
14968,3269,4311,3376,4106,4106
14969,2534,2399,2996,3301,4227
14970,4522,2626,2936,2767,4021
14971,3430,2702,3657,3657,3657
14972,2414,4459,3648,3648,3648
14973,7229,8341,2955,8167,8167
14974,2607,4262,6412,4985,4985
14975,3370,2745,3171,3016,3016
14976,3562,4314,3923,4144,4144
14977,1798,4430,7655,2628,2628
14978,2642,8094,8929,8929,8551
14979,4507,7626,4170,4170,4170
14980,2873,4090,4090,4090,4090
14981,4399,3685,4593,3415,3415
14982,4008,4306,3919,4057,4057
14983,4410,4225,4057,2459,2459
14984,3431,3111,4942,4942,4942
14985,2769,2407,4299,4299,3560
14986,3531,2559,3544,3544,3611
14987,3045,4233,341,4611,4611
14988,8689,3737,3859,9131,3859
14989,2568,2710,4006,3864,4006
14990,7993,2908,8164,8164,8164
14991,7184,7874,7117,9055,9055
14992,4558,8845,7752,8812,8055
14993,3239,3605,3675,3675,3675
14994,3745,3868,2950,4208,4208
14995,2745,1235,5058,3826,3323
14996,2618,4135,2964,3978,3978
14997,4207,2763,3468,3360,3360
14998,4049,2987,3057,3567,4001
14999,3565,3319,2973,2973,2973
15000,3940,3253,2423,4002,4002
15001,8106,5687,8604,3534,3534
15002,2504,2701,3446,2701,2701
15003,4155,4241,3063,2402,3063
15004,4511,4257,2612,4534,4534
15005,4232,3552,2926,3552,3552
15006,4121,2734,2984,3884,3884
15007,2602,2938,7710,7710,7710
15008,3701,2867,3283,2467,2467
15009,2566,3829,2725,2695,3829
15010,2672,2672,8370,2672,2672
15011,3676,3533,3676,4225,4225
15012,2853,2456,2679,2322,2987
15013,3988,2539,4286,3675,4286
15014,2478,5487,2924,2924,2924
15015,4378,3132,1458,1458,1458
15016,3863,3151,3638,4250,4250
15017,4049,2335,3359,3359,3359
15018,5430,8479,6292,7886,6292
15019,2509,3795,2428,2914,2914
15020,7741,3077,4997,2331,2331
15021,2718,4374,3145,3145,3145
15022,9166,4353,7965,3529,3529
15023,3680,1798,2671,2671,4543
15024,7175,3273,2391,2391,3348
15025,3502,3369,4366,2570,2570
15026,3595,3517,3955,3955,3955
15027,2659,3787,5005,8177,8177
15028,7254,4532,3196,2763,8479
15029,3344,3841,7860,3570,3570
15030,6872,3464,3568,3568,3568
15031,2710,2710,4114,3502,4388
15032,4508,3725,3898,3230,3230
15033,3675,4208,4351,2753,2753
15034,3864,2319,4237,4237,4237
15035,3044,4246,3075,2864,4058
15036,6473,5921,3947,3947,3947
15037,2619,3309,2855,6172,4710
15038,2706,2765,3906,2568,2675
15039,4179,3581,4084,2403,2403
15040,2563,4223,2400,2400,2400
15041,8592,3137,4578,4578,4578
15042,3562,3625,3795,3291,3291
15043,4328,4135,4223,4223,4223
15044,4099,6673,4068,4611,2646
15045,3856,3320,3417,3417,2531
15046,4609,4512,3058,3058,2710
15047,4365,3892,2405,2405,3563
15048,3348,4001,3335,3335,3335
15049,2391,4097,3754,2896,2337
15050,2849,3501,3392,3392,3501
15051,4538,3036,3423,3423,3423
15052,2360,4005,2835,2835,2835
15053,2711,2824,3435,2576,2576
15054,2493,3605,4363,3748,2675
15055,4002,3876,4243,3990,3990
15056,3229,2979,9147,3295,3295
15057,3072,4572,4238,4238,4238
15058,3749,2670,3260,3260,3260
15059,3846,3135,3656,3135,3135
15060,3866,3866,3866,3866,3866
15061,2624,6059,3997,4397,4397
15062,4022,4696,3628,3628,2419
15063,4524,4508,3705,2914,2987
15064,3785,3465,4559,3136,4086
15065,3273,3849,2753,3846,3846
15066,5288,6673,4990,4990,3057
15067,3337,4148,3489,3489,3489
15068,3754,3670,3497,4144,3913
15069,3675,4300,3675,3675,3675
15070,4526,4551,6208,6208,6208
15071,2905,2745,3561,2973,2973
15072,3725,5390,5874,5874,5874
15073,3789,3723,2606,2606,2335
15074,4105,2628,5204,5204,5204
15075,2821,4495,4279,2403,4279
15076,2724,1798,4428,2966,2966
15077,2961,945,3411,4465,3411
15078,2650,8393,4190,2345,2345
15079,7826,2602,2392,4197,4197
15080,3033,3104,3100,3756,3756
15081,837,1736,7364,7364,7364
15082,3037,6794,2901,2901,2424
15083,3890,3976,3322,2779,2779
15084,2503,3030,4069,4069,4069
15085,5411,6311,3696,3756,4431
15086,305,4069,5222,5222,5222
15087,2458,2520,4604,4604,4452
15088,3759,1907,4368,3575,3575
15089,2901,3943,2901,4319,2892
15090,2590,7684,4302,9092,7681
15091,3806,5245,3806,5245,2673
15092,7013,3382,8938,3101,3101
15093,8568,8561,1337,1337,1337
15094,3382,3382,7637,7637,7637
15095,3171,2431,4324,4324,4324
15096,4091,3758,3938,3938,3938
15097,3370,3175,3767,2337,2790
15098,4246,4027,3302,4119,4119
15099,3245,3134,2535,2871,2871
15100,2501,2871,2718,3302,3302
15101,2888,2888,3005,3477,3477
15102,3351,5264,6979,6850,6850
15103,9038,4352,6503,8640,8640
15104,4286,3615,2918,3906,2918
15105,3788,3460,4122,3737,3737
15106,3581,3940,3923,3675,3675
15107,4408,3931,2802,2802,2802
15108,4347,5875,3517,9131,9185
15109,4066,2444,2646,2646,2646
15110,4922,7250,6870,5334,5334
15111,5818,6541,8118,8118,8118
15112,5386,5611,4853,4853,3680
15113,2515,2405,3395,6647,3279
15114,3881,4128,2659,3950,3950
15115,3940,2394,3940,2825,2825
15116,2864,3675,3861,3861,3788
15117,2623,3938,3938,3938,3938
15118,2656,2554,4056,3769,3769
15119,3915,4419,4534,4534,4534
15120,4485,2475,4156,4308,4308
15121,4137,3698,8930,4498,4498
15122,2582,4835,3644,4447,4447
15123,4590,2448,2942,2945,3837
15124,2458,3795,2891,4165,4165
15125,3476,4556,2645,2487,2875
15126,4556,4556,2875,2875,2875
15127,4502,3648,4005,4157,4157
15128,4226,3268,2621,2621,2621
15129,3458,3787,8959,3941,4590
15130,3807,3673,3673,3673,3673
15131,3075,2682,3913,3913,3745
15132,3651,2904,2513,3745,3745
15133,3571,3404,3533,3533,2652
15134,2540,2942,3858,3392,4029
15135,3648,3648,8824,6160,6579
15136,5344,6040,5593,5593,5593
15137,8913,7669,8286,8286,9199
15138,7192,4069,9155,8145,8145
15139,5730,5254,7056,7056,7056
15140,2759,2626,4002,2748,2748
15141,3804,6410,8028,8028,8028
15142,7586,3561,3769,3769,3769
15143,8297,2317,4803,5684,5433
15144,4295,2457,2476,4015,4015
15145,2407,8451,8345,8589,8589
15146,6404,5781,5134,5134,5134
15147,372,5612,4971,6749,5852
15148,6921,6628,3828,3828,3828
15149,3795,4462,2804,2314,2314
15150,2659,4951,6327,5406,3379
15151,3089,3526,4473,2933,2933
15152,2781,2781,3099,3691,3691
15153,3720,6815,4760,3271,3271
15154,2606,2679,4061,4061,4061
15155,1555,1643,2375,2375,1643
15156,4425,3064,5674,5674,4439
15157,4435,6748,3572,3572,3572
15158,2650,2770,4265,4265,4265
15159,2963,2686,4183,2686,2686
15160,9205,2985,9205,3740,3740
15161,5314,6840,7316,8623,7316
15162,2679,3597,3330,3330,3330
15163,8052,3054,8052,6109,8052
15164,3387,3501,2694,3387,2694
15165,3501,3501,3714,4072,4159
15166,8547,5520,1823,1823,1823
15167,7755,8396,8578,9124,6988
15168,3511,6708,6212,3399,6212
15169,6708,6099,5017,5374,5017
15170,7708,7833,5370,5370,5370
15171,2483,2523,4254,3311,3311
15172,2361,4563,3635,3240,3734
15173,2343,2445,4289,4289,4289
15174,4267,4356,3442,4305,4305
15175,4048,4177,2445,3799,3799
15176,2787,3699,3740,4195,4195
15177,2787,4082,4082,4082,4082
15178,3387,2849,4082,4082,4082
15179,3969,2694,2642,3749,3089
15180,4297,2614,3106,2629,2629
15181,6040,6417,6055,4846,6055
15182,3106,2859,2417,2738,2417
15183,3807,2683,3807,3807,3807
15184,2992,3987,3982,3560,3560
15185,3334,2934,3446,3446,3446
15186,3878,4170,3886,3886,4170
15187,4477,7975,5458,5458,5458
15188,3320,3671,3671,2798,3671
15189,3367,3580,2780,3971,2780
15190,911,896,727,1284,1284
15191,3104,2702,2343,4264,4264
15192,2952,3761,3119,3119,3119
15193,2781,4431,3026,6467,6467
15194,3996,3982,3469,4245,4245
15195,4289,4289,4013,3702,3702
15196,4159,3607,4159,4108,4108
15197,3398,4270,2944,4270,4598
15198,3223,4542,9185,9185,9185
15199,2713,3694,4166,4362,4362
15200,4107,3320,2543,2780,2780
15201,4306,3923,3656,3057,3057
15202,5049,3091,2510,3091,3091
15203,4352,5290,3481,3481,3481
15204,9184,4184,4335,7188,6503
15205,3718,7551,3830,3830,3830
15206,3056,4141,5847,3122,5847
15207,436,1927,372,1223,1838
15208,6539,5221,9184,9184,9184
15209,2630,8772,3201,8772,8772
15210,2877,4186,3484,3484,3484
15211,3763,2771,4137,3729,3729
15212,2947,3228,3272,2587,3200
15213,4484,2933,4479,4617,3336
15214,4059,2945,2805,2805,2805
15215,3945,3666,2920,2920,2920
15216,3122,3534,3122,2624,3122
15217,3754,3046,2338,2338,2338
15218,3476,2549,3069,3025,2875
15219,2832,6505,3474,3282,3282
15220,4333,3392,3392,3791,3791
15221,3783,3866,3457,4392,6665
15222,4365,7694,6131,8593,4609
15223,2556,4558,4520,4388,7375
15224,8611,2321,2321,2321,2321
15225,7587,3380,1613,3658,3658
15226,4264,4270,2944,4270,4270
15227,3044,4424,4322,2349,2349
15228,2736,3205,3319,2957,2974
15229,3171,4180,2319,2319,2319
15230,3444,4539,4508,4166,4166
15231,3754,3731,3163,2627,2784
15232,3891,4091,3443,4058,3443
15233,4555,3380,4617,3672,4617
15234,2457,3286,3254,4113,4113
15235,3925,4396,3688,3688,3688
15236,6172,2320,6546,6874,6874
15237,7588,7335,5176,5176,5176
15238,1142,2184,1700,402,402
15239,7599,4464,3025,4407,4407
15240,1700,8416,9081,8400,8400
15241,9003,6575,6227,6227,6227
15242,2837,3795,4086,4086,4086
15243,4109,3651,2428,2428,2428
15244,4131,4509,3978,3016,3016
15245,3513,3663,2925,2925,4118
15246,2421,2878,2361,3549,3549
15247,3631,3564,4528,8161,8161
15248,1587,1824,1471,1471,1471
15249,1562,1968,674,674,578
15250,91,1761,164,164,164
15251,5121,3090,3627,3627,3627
15252,8083,4916,8013,8013,8013
15253,3418,2551,6171,6171,6171
15254,5217,4753,6069,7431,7431
15255,2440,6139,4933,7474,7474
15256,453,2943,7378,3654,3118
15257,3964,2589,3088,2976,2976
15258,2356,2775,3984,6941,6941
15259,3570,4849,9009,5232,5232
15260,3959,2360,3308,3152,3152
15261,3156,3772,3098,4490,4490
15262,2346,6836,3457,3875,3875
15263,2798,3779,2401,7166,7166
15264,2880,3017,4458,2835,2835
15265,3598,4373,4429,3412,2458
15266,3905,2827,6985,6985,6515
15267,3321,3624,3361,3537,3684
15268,4280,3998,2494,2494,2494
15269,4615,3320,4377,4206,4206
15270,1668,3045,5788,3116,3116
15271,4472,3928,5054,3666,3666
15272,3163,4314,4575,3999,3999
15273,6334,5234,6267,3700,5334
15274,3278,3278,4583,4583,4583
15275,3854,3990,4158,3054,2405
15276,5035,4976,3518,2909,2909
15277,3850,4133,2652,3850,3850
15278,2394,4182,3222,2394,2394
15279,2323,3387,3528,3528,3528
15280,2332,4422,479,5905,2793
15281,2931,5789,8696,4030,3965
15282,3885,3335,2900,4122,4122
15283,3727,2544,4360,2544,4360
15284,4177,2991,2662,2599,2599
15285,3367,3195,2593,4526,3367
15286,8593,3131,4223,4223,4223
15287,4415,3787,2621,2621,2621
15288,3484,2417,3475,3475,3475
15289,3263,2799,3668,7716,7716
15290,4930,3664,7512,8674,8674
15291,3643,5185,3240,3240,3240
15292,4859,4478,5255,6560,5255
15293,2800,2671,2671,3875,3875
15294,4627,8251,4676,6496,8251
15295,4365,6641,5901,5043,5043
15296,2675,6946,4451,2466,2466
15297,2594,2594,3396,2428,2428
15298,494,7354,575,1813,1813
15299,4171,3820,4012,4012,4012
15300,3948,4160,3366,4160,4538
15301,3529,3406,3605,4374,4374
15302,4021,2917,4432,3994,3178
15303,3849,2561,4055,3757,4072
15304,4042,4120,2392,3435,3435
15305,4168,6156,2718,4581,3593
15306,4326,4027,3999,4182,3999
15307,784,9043,9034,123,123
15308,3794,3815,2998,2998,2998
15309,3241,2414,2470,3301,3301
15310,2128,3741,1109,8914,7289
15311,3580,3924,3580,3924,3924
15312,3690,2795,3052,3172,3172
15313,2739,2549,4138,4138,4138
15314,3323,4474,5700,5700,5700
15315,4055,4376,2739,8282,3081
15316,3289,2770,2770,2770,2770
15317,5293,8976,8079,8079,8079
15318,4066,4131,3315,2675,2675
15319,4765,5715,5715,4765,4765
15320,2597,2344,9033,2461,2461
15321,5898,6071,1193,2673,7763
15322,4124,2488,3642,4007,4007
15323,7596,7603,7140,7140,7140
15324,3105,2518,3322,1173,3322
15325,3578,5740,3811,3238,3238
15326,3499,2834,3812,3812,3812
15327,3023,4121,2525,3631,3631
15328,2513,4127,2969,2969,2969
15329,4139,7872,4379,2990,2990
15330,3076,3996,2670,3442,2670
15331,3092,3295,4177,4177,3092
15332,3866,2904,2733,4247,4247
15333,6653,8353,4466,4466,4466
15334,6466,2907,4121,2490,3097
15335,4511,4243,2458,2338,2338
15336,4056,2391,3838,2687,2834
15337,4017,2499,2693,4024,2693
15338,2825,2501,3319,3869,3869
15339,2812,5795,8481,7402,7402
15340,5140,4381,534,5224,5224
15341,841,1632,102,102,102
15342,3932,2618,3462,3044,3044
15343,3497,2870,3422,4536,4536
15344,2959,3415,4182,3370,3088
15345,7827,4568,4568,2382,2382
15346,4081,2596,4081,4081,4081
15347,6799,4357,3227,7509,7509
15348,8307,3097,5850,5850,5850
15349,4250,2836,6321,3618,3618
15350,3305,4253,3400,3853,4253
15351,2804,7036,5728,5728,5728
15352,3635,3183,2734,4443,4443
15353,2849,3740,3560,3560,3560
15354,3334,4470,4442,3386,3386
15355,6543,4065,3326,2802,2802
15356,6222,945,4952,3031,5694
15357,6287,7565,3891,9233,9233
15358,4426,2864,3038,3072,3072
15359,3311,4787,2789,8393,2789
15360,2487,4911,5538,5538,6067
15361,3140,4035,4438,2523,2523
15362,5327,6211,4209,4209,4209
15363,3709,3757,2711,3250,3250
15364,6870,3035,2425,7765,7765
15365,3557,6131,3907,3907,3775
15366,4059,4218,4481,4555,2599
15367,3307,5175,1453,8977,8977
15368,3746,3554,3809,4355,4355
15369,6078,7512,7552,7552,8380
15370,2765,2885,3281,3326,3326
15371,5235,4570,5730,5730,5730
15372,4472,3540,7163,4347,4347
15373,8749,2409,7548,8628,8628
15374,4259,2628,3570,3212,3570
15375,2599,2599,3385,3816,3816
15376,4028,4293,4340,4340,4340
15377,3488,3985,3609,3680,3448
15378,3402,3283,2681,4523,2681
15379,4067,2681,3339,3339,3339
15380,3981,4414,3844,2349,3914
15381,4481,4021,3938,2745,4256
15382,4428,2848,3044,3955,4086
15383,3694,2866,3490,3490,2686
15384,4574,2574,4480,2959,2959
15385,5901,2671,3768,3876,4586
15386,7188,4734,8398,8204,8204
15387,3311,5184,4970,945,945
15388,3983,3358,3254,4028,4028
15389,2823,2687,2687,2572,2572
15390,3594,4389,4164,3981,4424
15391,3363,3749,3749,2445,2445
15392,2834,3625,4544,2751,3378
15393,4170,4847,2660,5628,5628
15394,4220,2906,5151,5151,5151
15395,4186,3807,4201,3106,3106
15396,3032,2004,9001,394,394
15397,2515,4349,4360,4360,4360
15398,2731,3206,3443,4524,4524
15399,2879,4369,4050,4050,4050
15400,3292,3105,2398,3328,3328
15401,4500,3541,7753,7753,7753
15402,1977,598,1179,1179,1179
15403,2343,3527,3930,2641,2641
15404,4218,2573,4069,4069,3194
15405,4176,3394,3833,3833,3833
15406,6237,8849,5709,5176,5176
15407,3613,3613,2395,3525,3525
15408,2607,3562,3903,3903,3903
15409,3394,2532,4396,4396,2822
15410,4499,4386,1512,3664,3664
15411,3554,3607,2692,4072,2692
15412,5182,5919,7015,6260,6260
15413,3171,4051,4520,2606,4501
15414,3226,4219,3196,3196,3196
15415,3031,2680,3022,3022,3022
15416,3479,2472,2499,3681,3681
15417,8957,4776,4341,4341,4341
15418,5443,4992,6115,3931,3931
15419,2442,9091,7761,7761,7761
15420,4363,3116,3088,3868,3437
15421,3939,3492,2501,2438,2438
15422,4363,3311,5632,4372,2598
15423,2555,3941,4545,4545,2504
15424,2591,3809,2867,4280,2595
15425,4396,8638,4280,2694,2694
15426,3367,4052,4328,2775,2775
15427,2751,3647,3426,2519,3504
15428,4314,3712,3703,3703,3703
15429,3959,3203,6372,2838,2838
15430,4626,5095,4699,4060,5081
15431,3952,1190,2450,5174,6510
15432,4008,4000,4443,4443,4443
15433,4107,3992,4261,3605,4261
15434,4269,4366,3891,7587,3369
15435,3978,8426,3333,7685,7685
15436,4223,2618,3785,3522,3522
15437,3434,4451,9224,4109,4109
15438,7451,8552,8964,7772,7772
15439,4014,4303,4160,4160,4160
15440,4267,3248,3749,3749,3143
15441,3963,3380,3286,2991,2991
15442,272,7233,7085,8846,5220
15443,2987,2987,2987,2350,2987
15444,4211,3594,2923,3575,3575
15445,2632,2787,4230,8482,3255
15446,4113,4479,4218,4218,4218
15447,2991,2659,3498,4187,3498
15448,4050,4242,3967,2754,2754
15449,4427,5682,8163,8647,8647
15450,3745,2943,2739,2739,3586
15451,3434,3452,3971,3971,3971
15452,4353,3110,2696,2696,2696
15453,3395,3676,3543,4586,3408
15454,4111,2646,4066,1959,4135
15455,3819,2681,3339,3301,3301
15456,2856,4331,4208,3459,3459
15457,4520,2509,4520,2606,2606
15458,3645,3422,2969,2969,2969
15459,5204,5963,8785,8785,8785
15460,3327,4135,3239,3785,2430
15461,3876,3769,4408,3393,3393
15462,2788,4164,3381,3381,3381
15463,1451,7654,1793,1326,1326
15464,4437,3371,5290,3596,3015
15465,4496,3464,4989,4989,4989
15466,3256,4468,2752,3545,3545
15467,4787,4204,4389,5704,4389
15468,3639,3639,3639,3639,3639
15469,4457,9198,4277,8319,8319
15470,8987,4930,3272,7913,3272
15471,4235,3717,2875,2875,2487
15472,4609,4135,3978,3450,3450
15473,3534,3522,3216,3216,3216
15474,3786,8592,4233,4328,4328
15475,2659,2743,3698,4379,4379
15476,3361,3037,4721,3502,3502
15477,3689,2704,4213,3622,3622
15478,3951,4144,2616,3337,3378
15479,2766,7338,3031,3031,3031
15480,4126,534,2519,6507,6507
15481,8022,5054,2543,2585,3395
15482,3937,3937,3779,3609,3999
15483,3292,3015,3886,5730,5730
15484,2632,5632,2318,2318,3078
15485,4614,5415,2387,3739,3433
15486,3657,2625,2463,4134,2447
15487,3394,4280,3143,3143,3168
15488,2473,5255,8514,8514,8514
15489,2379,4497,4553,3345,3345
15490,5005,6484,3634,5005,5005
15491,8773,3711,5624,3453,3453
15492,8773,9046,7051,7051,7051
15493,5632,3057,3881,3844,2993
15494,8832,8583,5487,7984,8345
15495,5386,7607,9183,7011,8646
15496,2985,4443,3094,3209,3209
15497,4072,3258,3749,3749,3749
15498,7685,5560,2973,2973,2973
15499,3222,2753,3002,2819,3002
15500,3011,3011,3518,4425,4041
15501,3178,2677,3307,4480,3939
15502,2496,6182,5893,5235,5893
15503,3881,4107,2676,3821,3821
15504,3727,5245,3260,1668,4207
15505,2818,9156,4169,4169,4169
15506,5921,3666,3595,3057,3057
15507,7504,2527,2351,2351,2351
15508,4614,4379,6243,6130,6130
15509,3763,3973,3729,5475,5475
15510,3112,2556,3615,3615,3615
15511,2563,3318,2563,2969,2563
15512,5999,6328,3307,6328,6328
15513,3617,3863,3111,3294,3294
15514,4440,7954,3410,3410,3410
15515,2561,2593,3400,3444,3444
15516,6865,4358,6957,7957,7957
15517,4156,2378,2959,2632,2632
15518,2827,4225,4225,4225,4225
15519,4248,3424,8706,8706,8706
15520,3435,4582,7353,4473,4024
15521,4001,4481,3992,4481,4481
15522,1248,709,2107,1933,1933
15523,3071,2959,7664,7664,7664
15524,5831,2819,6334,4269,3960
15525,4484,3183,3168,3089,3089
15526,4258,3964,2828,4133,3851
15527,2866,4166,2735,2735,2735
15528,4567,3648,3858,3858,3858
15529,2917,3695,2824,3884,3884
15530,3744,2613,7427,8890,8890
15531,3883,3096,2903,3891,3891
15532,4356,3690,2643,2935,2935
15533,5077,2779,7198,7631,7198
15534,2341,4297,3715,2663,4530
15535,8473,5418,5923,5923,5923
15536,5355,8341,7125,7125,7125
15537,2335,3556,4207,4207,4207
15538,3779,3779,3779,3779,3779
15539,3893,2622,3582,3582,3582
15540,4097,2928,3124,3124,3124
15541,3755,3271,2557,4508,4508
15542,3216,3892,2791,4584,4584
15543,3626,4008,4127,3788,2811
15544,7458,1940,2525,2525,2525
15545,1748,2376,2707,2707,3020
15546,8869,7943,7286,7286,7286
15547,4537,3793,3000,3000,3000
15548,4185,5573,4611,8922,8922
15549,7938,7395,8840,8840,8840
15550,2838,3082,6645,6451,3402
15551,3132,1222,3721,5238,5238
15552,2689,4083,3417,3417,3417
15553,2947,2880,2849,2514,2514
15554,3868,3758,3758,3239,3239
15555,6155,3741,4200,6546,3741
15556,3477,6632,3927,2383,3049
15557,4536,2344,4164,3119,4614
15558,2681,3023,3863,4059,4059
15559,3493,3193,3899,3899,3669
15560,6376,3114,4390,4390,4390
15561,2340,2783,1267,8194,6191
15562,3330,2347,2689,2689,2689
15563,2795,3816,3658,4264,3480
15564,4421,7396,3801,4019,4019
15565,3203,6681,3166,3166,3166
15566,4026,4993,7845,4342,7845
15567,2908,8588,2908,2908,2908
15568,4581,3444,2904,4065,4065
15569,8696,2476,2602,2411,3304
15570,4066,4325,3504,3504,3504
15571,2475,7071,3009,8974,8974
15572,5548,3428,4438,5674,5674
15573,6842,8254,5273,8680,3587
15574,3670,2944,3253,3210,3210
15575,3324,8505,5624,2895,3425
15576,3021,3021,3700,3700,3700
15577,3400,3872,3301,3192,3192
15578,2341,3710,2899,2899,2899
15579,2386,7607,2628,2951,2951
15580,1331,2342,2342,4317,4317
15581,8933,4858,6725,6725,6725
15582,3084,8592,6034,2371,6034
15583,2574,3656,3473,2574,3473
15584,2787,3495,4168,7925,7925
15585,2439,4252,2535,4156,4156
15586,4069,2743,6721,2443,2443
15587,2503,4538,2503,4525,4525
15588,4581,4238,3571,4000,4000
15589,5027,4924,8557,4924,4924
15590,4259,4259,7497,8783,8783
15591,3096,7418,3327,3327,3291
15592,3268,3585,2586,2586,2586
15593,6379,484,1946,1386,3894
15594,3976,4005,3387,3858,3858
15595,2931,3022,3363,3400,2341
15596,6196,4628,5500,5500,5500
15597,4585,2817,3980,3144,4552
15598,2395,3956,3532,3532,3956
15599,4151,3146,4294,2762,2762
15600,3165,4145,3787,3759,3759
15601,3573,3504,4286,4286,4286
15602,2558,3404,2550,2983,2550
15603,2405,4146,2405,3786,3786
15604,3231,3319,2904,3159,3159
15605,2434,8510,4602,8783,8336
15606,4113,2565,3687,3076,3076
15607,4451,4002,3599,2413,2413
15608,3937,2911,3538,2861,2861
15609,4009,6344,6078,6078,7060
15610,6782,7054,8621,4891,4891
15611,8262,582,7139,7181,7139
15612,3201,4250,4229,3127,2597
15613,3610,4496,945,3214,853
15614,2838,5388,4421,2792,2792
15615,2364,2420,3525,3525,3525
15616,1486,1327,2264,245,245
15617,4543,8195,8517,8290,8290
15618,2674,2420,4374,3915,3915
15619,2441,3598,4105,3661,4223
15620,2371,8426,6494,3724,3724
15621,4479,2464,2464,4396,4396
15622,3579,9134,2837,2273,3235
15623,4290,4309,2565,3894,2511
15624,2701,3967,4485,2662,2662
15625,3552,5335,6200,6200,6200
15626,4450,2659,3104,4276,3094
15627,3936,4314,3175,3444,3444
15628,5650,5381,5716,5175,5175
15629,3844,2784,2987,2493,2493
15630,2331,4003,3631,3481,3481
15631,3328,4522,3064,3571,3064
15632,2982,7332,6080,5573,5573
15633,4512,7825,8056,3001,3001
15634,3052,3339,3193,3193,2478
15635,4588,2658,1188,364,8359
15636,2775,3775,6929,4602,3259
15637,3465,4621,4144,4144,2509
15638,4460,9105,8534,2040,3855
15639,3400,3400,3294,4253,4604
15640,7670,1058,8149,7135,6010
15641,3018,2850,5016,2674,4337
15642,4513,2984,3053,2935,2700
15643,3028,3245,3276,8511,7147
15644,3201,2733,3014,3125,3014
15645,4080,7622,4794,6008,6008
15646,4472,3705,3035,3035,4441
15647,7457,2473,4569,4569,4569
15648,8033,6940,3482,3482,3482
15649,4363,3284,2378,3432,3432
15650,3143,4356,4439,1216,3228
15651,3086,2749,3589,4428,4428
15652,6642,2533,5848,5848,5848
15653,5655,5542,5214,5307,5307
15654,1664,4538,868,4538,868
15655,2542,4392,3343,3343,2509
15656,3801,3646,5213,5342,5342
15657,2838,4665,1712,1021,1021
15658,4052,3428,3702,2597,2597
15659,4424,3628,3348,2413,2413
15660,2692,3841,3621,3621,3097
15661,3749,4171,2620,4297,4297
15662,8300,3284,2361,2747,2747
15663,9046,8815,5340,350,350
15664,4246,3867,3863,2978,2978
15665,3407,3935,7343,7343,7343
15666,7163,4316,4341,3819,5758
15667,8078,6706,6669,7055,7055
15668,6999,3231,3051,3051,3996
15669,3033,3285,4569,4569,4569
15670,4399,3849,3067,3774,3774
15671,2094,1454,2086,2086,2086
15672,3104,4373,4276,4387,4276
15673,2814,3839,3072,4001,4001
15674,6343,4776,5012,1642,1642
15675,1423,6700,4012,2893,4012
15676,4490,2375,8275,3248,3366
15677,6577,4209,2323,2323,2323
15678,4621,3345,6551,6551,9004
15679,3296,2586,8433,1775,1775
15680,3799,6748,2865,2865,2865
15681,2193,1847,3483,3082,3082
15682,4337,4693,7206,6649,6526
15683,4538,4587,8379,3802,3802
15684,3927,8673,2975,3165,3165
15685,4962,3035,2576,4787,4787
15686,5405,9007,6654,8573,8573
15687,4003,3372,4437,8161,8161
15688,7444,4455,6673,6673,6673
15689,2751,3504,3426,4429,4429
15690,7373,4053,8096,7722,7722
15691,8972,7828,4567,4567,4567
15692,4076,3778,4288,4288,4288
15693,4277,4460,3145,2991,2991
15694,4381,3471,3695,4295,4295
15695,2515,3161,3559,2811,2811
15696,3677,3412,7646,3308,4980
15697,4146,4013,4524,4524,4524
15698,2502,5327,6470,6470,6470
15699,2464,2822,3032,3032,3032
15700,3289,3581,3046,3454,3454
15701,2833,4488,4391,3498,3498
15702,3662,2379,3327,662,662
15703,4484,3925,3816,4171,4171
15704,3038,3754,4519,4589,4519
15705,4125,2515,3694,2468,3281
15706,2991,2476,4197,3867,3867
15707,3717,4554,8528,8756,8954
15708,7983,6522,8350,9205,5551
15709,6696,3281,5253,4140,4140
15710,2885,2885,3864,3864,3864
15711,8875,2893,6319,5139,6563
15712,3808,4335,8397,9095,9095
15713,8648,8648,2791,2791,2791
15714,8003,7637,9167,7890,7890
15715,4555,3888,3347,3347,3347
15716,4495,4495,2313,8201,8201
15717,2455,2659,2916,4438,4438
15718,4158,3360,2839,3951,2944
15719,3152,7675,2859,2859,2859
15720,3996,8165,4479,2924,2387
15721,2525,2549,3439,3439,3439
15722,2800,3201,2627,3239,3163
15723,3312,2432,3348,3755,3755
15724,518,1560,1961,1961,794
15725,453,5723,2912,2912,2912
15726,4125,2850,3021,4180,2944
15727,2762,4012,2762,2762,2762
15728,2914,3926,2624,2371,2371
15729,4318,3855,6079,4196,6079
15730,2556,3225,3565,4908,4908
15731,3321,3321,3550,3550,3550
15732,5536,6241,5536,5536,5259
15733,3315,3779,4097,4097,3153
15734,6572,4720,6385,6385,6385
15735,3697,6571,4444,3491,4444
15736,3506,3850,3868,3506,3506
15737,3651,4179,3574,3574,3574
15738,1808,3791,3791,3791,2055
15739,4555,2480,4023,2702,2702
15740,4224,4000,2824,3348,3348
15741,2953,3446,4432,4281,3711
15742,2984,3339,4211,2788,4435
15743,2860,3735,2390,4319,3069
15744,3859,5527,3214,4482,4482
15745,405,7912,2387,2387,2387
15746,2688,4013,6469,2441,2441
15747,8347,4950,8627,8627,8627
15748,2360,3927,2629,2316,2316
15749,7397,3564,5407,5407,5407
15750,3105,4413,4604,3128,4604
15751,6156,3395,4540,4540,4540
15752,3395,3273,3161,4204,4204
15753,2835,4173,4541,4541,4541
15754,5898,4419,5157,3416,3416
15755,351,2499,2792,3143,3143
15756,2314,7736,4487,3657,2560
15757,3478,4403,3734,2573,2573
15758,3748,3430,4363,4363,4363
15759,4476,2462,3917,3917,4550
15760,3927,7211,2553,6265,6265
15761,3930,2849,4399,4399,3714
15762,3899,3899,2701,3899,3899
15763,4367,4322,4169,2585,4574
15764,2313,3216,4527,4527,4527
15765,4528,3053,951,8149,8190
15766,745,5281,2635,2635,2635
15767,2585,5210,8927,8927,9033
15768,3439,3943,3987,3881,3987
15769,3163,3906,3093,2619,2619
15770,2460,5886,5964,6102,6102
15771,4150,3426,2471,3279,3279
15772,6093,2815,3688,1417,2599
15773,4512,4061,4223,4135,4135
15774,3387,730,3074,1075,1075
15775,5530,9007,3926,3457,3006
15776,3371,7403,2947,2947,3021
15777,3246,3703,6622,6622,6622
15778,2526,4403,4011,4011,4011
15779,3999,3581,3171,3651,3651
15780,4371,3339,3594,3594,2469
15781,3273,2784,3075,2517,3075
15782,4171,2587,2438,2438,2438
15783,2556,2405,3534,3723,3723
15784,4222,4031,2511,2511,2511
15785,4604,2958,4165,3431,3381
15786,2692,2527,4269,4473,3796
15787,4601,4470,4101,4101,4101
15788,3517,4428,2791,2439,2439
15789,4526,5891,6561,6561,6561
15790,4787,2800,4133,4413,3981
15791,4079,6823,4079,4079,4079
15792,4497,3709,2351,3748,2850
15793,2693,3401,4018,4018,4018
15794,3513,3663,8078,4506,4506
15795,3532,2701,3845,4113,3845
15796,4121,7672,3794,3794,3794
15797,3238,5281,4186,3428,3428
15798,6695,5758,7229,7459,7229
15799,3716,2851,4225,3335,3335
15800,3399,3222,2944,3571,3571
15801,4162,4395,2892,2846,2846
15802,4428,5812,5875,2966,2966
15803,4307,3186,3391,2848,2848
15804,3745,2538,3117,3117,3117
15805,9084,9084,9084,9084,9084
15806,8341,6118,3470,4954,3470
15807,4302,2919,3410,7922,3466
15808,4361,1883,4021,5783,4021
15809,3740,4055,8482,8482,8482
15810,3205,3704,3769,3769,3769
15811,3061,4289,3189,3189,3189
15812,2405,4326,3096,3084,3084
15813,3735,8362,2660,3934,3934
15814,8591,9167,3101,7725,7725
15815,3650,3250,2775,2313,2313
15816,6587,5889,5404,5404,5404
15817,8740,4814,2613,2804,2804
15818,3733,4490,2569,4373,4373
15819,2697,8393,5573,5573,5573
15820,2855,7735,6357,7735,7735
15821,3709,4156,3540,3178,2979
15822,681,7311,966,9180,9180
15823,2398,137,2931,2931,1085
15824,2950,4139,4577,3422,4577
15825,2983,2550,118,1886,118
15826,1320,3984,8577,8577,8577
15827,3441,7091,8247,7091,7669
15828,3278,2942,4600,2637,2637
15829,4166,3584,2550,2780,2780
15830,2480,2827,6870,6870,8705
15831,4280,2367,4118,2729,2729
15832,2968,2655,2734,4117,4117
15833,2562,3347,2702,4555,4555
15834,8298,3284,3688,2532,4018
15835,3040,2632,4372,4582,4372
15836,4171,2991,4203,2692,2692
15837,3990,3214,8999,8999,2828
15838,9112,5291,2398,2398,2398
15839,5660,6153,5638,5767,5767
15840,3291,3694,3319,3319,3319
15841,3919,4061,8732,8732,8732
15842,4211,4447,7491,6912,6912
15843,5255,6762,6762,6762,6762
15844,4028,3098,2747,3884,3884
15845,3963,2788,3339,2788,2788
15846,3132,5245,3564,3564,3564
15847,7190,6946,8668,8668,8668
15848,3420,7229,4566,5573,2807
15849,4782,3185,3901,3901,3901
15850,8216,8904,8099,8532,8532
15851,8051,7281,8535,8450,8450
15852,2411,8640,2523,6302,6302
15853,3665,3852,3476,3476,3476
15854,8826,5081,4739,4739,4739
15855,2969,4098,2969,3422,3422
15856,2535,2671,3618,3618,3618
15857,3550,8732,2637,3685,3685
15858,2530,8843,2530,6914,6914
15859,3985,2468,2419,2419,2419
15860,4377,4288,4377,4377,4377
15861,3703,3812,3081,2338,2338
15862,3901,3185,3184,3686,2379
15863,2823,2322,3727,3727,3727
15864,3757,3386,2838,3646,2852
15865,5063,4659,5650,5650,5162
15866,7518,697,5819,6192,6192
15867,4383,4383,2592,2592,2592
15868,2653,2587,3051,2664,2882
15869,2361,3564,5388,4047,4047
15870,3909,4155,4438,2828,2523
15871,5116,2652,5309,5309,2939
15872,6706,4755,6376,2352,6376
15873,2821,4098,4577,4577,4577
15874,6515,4569,6065,2493,2493
15875,3323,3793,4537,3255,2347
15876,3496,4582,4163,3334,3334
15877,8529,3515,3515,3515,3515
15878,3382,3382,3382,3382,3382
15879,3903,3253,3088,3422,3422
15880,3554,2540,3277,3277,3277
15881,2762,4480,3314,4386,4386
15882,6451,5779,8740,2908,2908
15883,3075,3497,2652,3046,3046
15884,6940,3725,3783,6247,2745
15885,5531,6896,5362,6530,6530
15886,3860,4962,3808,2577,6181
15887,3369,4408,3378,2471,2471
15888,4224,4363,2987,4349,4349
15889,4057,3960,2781,2781,2781
15890,4363,6855,3023,4059,4059
15891,3247,7520,3700,5858,6459
15892,6504,4388,4388,4388,4388
15893,3846,2896,4061,3567,3849
15894,4930,2340,7198,4904,4904
15895,2885,4322,4190,4055,4497
15896,3664,8972,1429,1308,1429
15897,3022,3301,3884,3819,3819
15898,2330,3166,5009,5009,5009
15899,4131,3825,2903,3312,3825
15900,3387,3387,2694,2694,2694
15901,2545,4476,3073,3073,3073
15902,2865,3200,1417,3268,3268
15903,2399,2870,4380,4314,3014
15904,4387,3132,4186,2673,2673
15905,6229,3739,4011,4032,4032
15906,4585,3362,7399,3961,3961
15907,2653,3952,4201,4201,4201
15908,5252,2397,2345,2345,2345
15909,4189,4609,3779,2840,4889
15910,2175,8685,697,8685,697
15911,4997,3283,2996,4582,4372
15912,4615,2881,3538,6904,6904
15913,3185,3846,3779,4099,3779
15914,3972,6465,5097,3889,3889
15915,6845,3105,4102,2694,2694
15916,8874,8511,7497,8273,8273
15917,3887,3093,3861,3861,3861
15918,3391,7644,1959,341,341
15919,4324,7992,4008,5382,5382
15920,632,3141,229,229,229
15921,3670,2459,2569,2327,2327
15922,2500,2400,2679,2679,2679
15923,4061,5960,5064,3246,3246
15924,2637,3407,3554,4583,4583
15925,2360,3089,4333,4333,4333
15926,2964,3460,2619,2870,4066
15927,6041,7629,6102,2793,2793
15928,3963,7504,2961,3512,3512
15929,8053,7908,5675,8361,8361
15930,2445,4391,6484,6484,6484
15931,4396,2360,3204,3204,3204
15932,5206,3091,2786,3091,3091
15933,1399,8613,7934,8613,8613
15934,3751,6696,3265,3517,3265
15935,4745,7434,7434,7434,7434
15936,4502,3791,3791,3791,3791
15937,6498,6227,4719,8771,8771
15938,4191,7909,593,1530,1530
15939,2744,3039,9038,2578,2578
15940,2455,1635,2340,2340,5661
15941,5528,5248,6435,4986,4986
15942,4380,2675,2960,3936,3891
15943,2987,4347,2819,4204,4466
15944,4147,3045,3275,2400,2400
15945,3313,5191,4582,7792,7792
15946,3048,1798,3207,2679,3207
15947,2436,2760,6254,5194,5194
15948,3683,3389,3578,4439,5602
15949,3971,2798,2798,3785,3785
15950,3819,6860,6817,8601,2938
15951,3994,3686,2819,3567,3567
15952,5468,918,2114,7593,7593
15953,2563,3654,3767,2969,2969
15954,2540,3858,3423,2694,4267
15955,3679,4399,6946,5043,5043
15956,4020,3301,3572,4037,4037
15957,3595,6299,3275,4753,4753
15958,3880,3745,3982,3471,3471
15959,5821,3230,5404,5404,5404
15960,6361,4189,3801,2845,2845
15961,3339,3909,3899,3899,4018
15962,2919,8996,7683,7683,7683
15963,4293,4293,3525,3338,3833
15964,3751,3511,5800,3511,3312
15965,2626,3895,2626,3000,3000
15966,2344,4050,3141,3141,3141
15967,2367,2970,2717,4475,2717
15968,3249,2950,2980,2980,2980
15969,3917,2679,4552,2498,2498
15970,3056,3248,7461,5054,5054
15971,4311,2344,4582,4582,4582
15972,4319,2981,3466,7675,7675
15973,3717,7683,2395,2395,2395
15974,5844,6702,7394,8144,8144
15975,4002,4512,3462,1798,3462
15976,3563,3951,3159,4061,4061
15977,5751,5121,6285,5099,5378
15978,9031,3233,2602,2909,2909
15979,2652,3595,5704,5704,5704
15980,128,4618,3840,3840,3840
15981,2993,4363,4120,4261,4120
15982,7685,2799,4000,2351,2351
15983,5970,7311,3419,738,738
15984,4170,3113,6686,6686,6686
15985,3759,4232,2693,2693,2693
15986,5928,6685,6959,6959,6959
15987,8851,2518,2991,4198,4121
15988,3983,3430,3358,3986,3986
15989,3216,4314,2885,3315,3315
15990,5204,6081,8534,8534,888
15991,3712,4631,3567,3133,3133
15992,3008,4339,8656,8025,6596
15993,3785,3164,6597,4030,2667
15994,2568,2531,4336,4336,2531
15995,6762,6129,6565,5305,5305
15996,3204,3204,4369,4369,4369
15997,2779,4240,3089,2694,3089
15998,3873,3269,3269,3269,3269
15999,7891,2381,2378,6776,6776
16000,7346,8155,8705,8366,8366
16001,2904,3691,8225,3074,3093
16002,2624,4547,8290,2973,2973
16003,2151,1253,1509,27,7544
16004,2776,3022,3939,3939,3939
16005,7700,8023,1498,5868,5868
16006,2476,2380,2475,3709,3709
16007,3558,7813,3263,3558,4407
16008,3671,2441,3312,3312,3312
16009,2612,2769,3254,3254,3254
16010,2875,3636,3636,3636,3476
16011,6489,5667,6040,3292,3292
16012,4564,5374,2666,4042,3163
16013,6733,5210,4557,4557,4557
16014,1339,6546,3953,5915,5915
16015,4381,2652,3705,3705,3497
16016,3274,3579,4342,3903,2727
16017,2937,3101,3101,3101,3101
16018,2395,3384,2764,9139,9139
16019,8154,8154,3956,3949,3949
16020,3866,3866,3866,3866,3866
16021,2743,2514,2729,3283,2729
16022,6576,7256,8823,7297,7297
16023,2600,4896,8130,9117,9117
16024,5533,6470,3741,3741,3741
16025,3067,4098,2444,2418,2418
16026,3302,3298,4225,4225,4225
16027,2631,5444,2631,2631,9105
16028,4144,3434,4451,3109,3109
16029,3916,4568,2596,2596,2596
16030,4592,3837,6878,8674,7928
16031,3328,3121,3497,3533,3533
16032,8859,7913,7341,8248,8248
16033,2845,3274,2845,5619,5619
16034,4157,3776,2545,2545,2545
16035,3183,4078,4384,4513,4513
16036,4281,4386,3301,3098,3098
16037,3769,3330,3875,4010,3875
16038,5617,2417,3874,8269,8269
16039,2547,3489,2746,2547,2547
16040,3016,4305,2790,4377,2521
16041,6920,3834,4507,4141,3752
16042,3717,2488,3717,3717,8964
16043,3653,8172,4952,2798,8037
16044,3432,3518,5002,5180,5180
16045,3259,3982,8084,7835,7835
16046,2788,3187,3032,3092,3092
16047,3807,4299,2897,5901,5901
16048,3923,4324,4000,2904,2904
16049,3598,2851,4008,3396,3462
16050,2652,2543,4522,4575,3497
16051,8378,8894,6715,903,903
16052,2659,3508,4316,2934,4316
16053,3704,2474,3686,4408,4408
16054,3495,2320,2525,2525,2525
16055,2542,3861,2646,3337,3337
16056,2402,4118,3049,2487,4340
16057,3003,2809,4065,3725,3628
16058,3738,3355,8760,5726,5726
16059,4276,3992,3760,3284,3437
16060,6600,5355,8463,8463,8463
16061,2924,3181,4439,4079,4079
16062,3473,4230,3931,2770,2770
16063,2995,3685,3387,3685,3685
16064,4782,3225,4189,3302,3724
16065,2434,4584,8791,7808,817
16066,4212,3378,4553,4414,2928
16067,4602,4029,3986,2480,2480
16068,6983,4402,4372,2587,2587
16069,3786,3786,3892,3786,3892
16070,3879,5368,9189,8674,8674
16071,4097,2528,3704,3161,4347
16072,3314,7670,9186,7898,7898
16073,4221,7963,7301,4197,4197
16074,2376,2376,2376,2376,2376
16075,2386,2528,4347,2350,2914
16076,3570,4522,3064,3121,4414
16077,6929,2570,2675,2733,2733
16078,8965,9184,4717,5979,5979
16079,3780,4028,2362,3996,3996
16080,2893,3194,3722,3254,3254
16081,6069,8105,6140,6140,6140
16082,3038,2864,6940,6940,6940
16083,3698,4155,2702,3744,3744
16084,3831,3404,3294,3580,3580
16085,3527,5687,2425,4134,2582
16086,3101,3101,3101,3101,3101
16087,2764,5974,4110,8086,4110
16088,2455,924,6859,1245,5341
16089,5395,7249,7245,7245,7245
16090,3525,3987,3624,9223,9223
16091,3340,4374,4374,4374,4374
16092,970,1993,8304,8304,8304
16093,3927,3982,3271,4360,3982
16094,4007,6765,3894,3894,4334
16095,8936,4645,4867,5728,7062
16096,3791,4396,2883,2883,2883
16097,3992,3311,4276,4276,4023
16098,4027,2386,4543,2602,2602
16099,4309,3028,4614,4614,4614
16100,6916,4512,3265,3265,3265
16101,6098,3803,7700,7700,7700
16102,3414,2598,3986,2836,6983
16103,3904,2725,7828,7828,2725
16104,4616,3347,2873,2757,2587
16105,2934,3254,2420,2420,2420
16106,8387,8387,5791,5791,5791
16107,2659,2931,3811,3811,518
16108,8564,6677,5376,5376,5376
16109,3334,2561,2687,3760,3760
16110,6514,5853,4194,4194,4194
16111,4597,5946,5643,6309,6309
16112,3690,2469,3287,3655,3287
16113,1653,843,612,2013,612
16114,2329,2610,9104,6137,3475
16115,6673,8578,3457,7694,7694
16116,2417,2417,7675,7675,7675
16117,4555,3428,2525,4095,4095
16118,8873,4545,6507,6485,5728
16119,3392,2637,2942,3036,3036
16120,5845,8700,4507,2820,2820
16121,2433,5845,5921,2439,5960
16122,2364,4000,3338,3338,3338
16123,5242,9025,3518,3238,5918
16124,9033,7214,2519,2519,2519
16125,4586,3216,3171,2650,2650
16126,3044,3950,4539,3579,3070
16127,3660,8634,3672,3244,3244
16128,3239,3327,2391,2391,3320
16129,4295,3266,2805,2805,3425
16130,2732,8638,3023,3023,3023
16131,7032,8779,2603,8055,8945
16132,7529,1085,4570,3981,6028
16133,4805,6619,6106,5294,4728
16134,8208,8161,4611,3354,2627
16135,7143,2463,3655,7139,7139
16136,3426,4314,3662,3184,3662
16137,2607,2934,3059,3338,3059
16138,4397,2355,4990,4990,2542
16139,3868,4264,3849,3805,3038
16140,2930,3250,4537,8577,8577
16141,3811,6637,3578,3578,3578
16142,3166,2725,3155,3155,3155
16143,9183,9226,5558,7964,7964
16144,8414,8195,5710,7992,7992
16145,3892,5704,2840,2840,2840
16146,5750,2346,7834,4635,4635
16147,2963,3524,3560,2368,4002
16148,7121,1649,6976,8489,8489
16149,3110,2409,7456,2978,7456
16150,4168,2723,2723,2723,2723
16151,4171,3032,4177,2867,2867
16152,2857,4253,4578,3490,3647
16153,4280,2478,9047,3845,3845
16154,8084,2353,3326,4330,3326
16155,2402,2369,3989,3503,3503
16156,4030,2907,4071,4076,4076
16157,6657,4734,4882,7442,5471
16158,4081,3530,3011,3530,3924
16159,4604,745,1689,4100,4350
16160,8300,9084,7829,5789,5789
16161,9228,4134,2603,7804,2603
16162,6473,5315,2789,2789,8250
16163,3460,2548,7029,8514,7641
16164,4579,4494,2420,3297,3657
16165,2628,8393,2773,2773,2773
16166,4307,3390,3919,3919,3919
16167,4292,3255,4390,3140,8143
16168,1798,4615,9022,9022,9022
16169,8488,8343,5137,4987,4987
16170,3571,4182,2337,2337,2337
16171,2310,518,8799,3644,3644
16172,3799,4405,2581,7191,2564
16173,2616,5804,2809,4943,4690
16174,3723,7834,2973,6678,5546
16175,6818,2958,3500,2820,2820
16176,2675,2804,4258,6465,2651
16177,4078,2485,2894,2871,2871
16178,2984,4290,4555,4290,4290
16179,2749,3515,6536,4043,4043
16180,9104,3778,7807,4395,4395
16181,3137,3883,3712,3712,3712
16182,2930,2749,2837,4253,8225
16183,4616,4355,4114,3863,4114
16184,4609,2319,2710,2745,2745
16185,6588,5207,4086,3892,2444
16186,6091,5338,6337,7412,6633
16187,4356,4203,4473,3721,3721
16188,4471,4559,6096,5566,5566
16189,3875,2519,3230,4204,4204
16190,3032,3394,3721,3721,3721
16191,2923,3969,2534,3373,3373
16192,2386,4424,3755,3755,3755
16193,2595,3166,3240,3240,2436
16194,2765,3825,3937,3937,3937
16195,5202,8031,8999,6518,6518
16196,3112,3647,4083,3157,4083
16197,9227,9210,7303,8199,8199
16198,3644,3644,2647,4443,4443
16199,3934,4110,4034,3277,4034
16200,3910,7649,3966,7401,7401
16201,3955,3175,3377,3377,3377
16202,6213,4318,8886,3529,3529
16203,8938,6577,7975,7975,7975
16204,3683,4076,2490,2714,2714
16205,3125,3088,2328,3003,3003
16206,7488,3054,2676,2676,2676
16207,7001,5732,5186,2901,2901
16208,4380,4508,4539,4577,4577
16209,4947,2668,2668,6254,6254
16210,8817,7752,4500,2717,2717
16211,6131,6026,4146,4455,3515
16212,3646,4529,3142,2438,3142
16213,8887,6241,3211,3211,3211
16214,2627,3861,4223,3058,3058
16215,2337,3135,3767,3767,3767
16216,3832,3504,6620,6620,6620
16217,4160,2892,4583,4395,4245
16218,7720,7657,2484,2484,2484
16219,3938,3850,3311,3435,4611
16220,8092,7020,4076,9010,9010
16221,2504,2361,4529,2326,2326
16222,3187,3381,3187,3187,3187
16223,3925,7683,4137,2877,3213
16224,2672,3757,2795,2795,2795
16225,2652,4373,3983,2811,2811
16226,3307,2990,2411,3626,3192
16227,8479,4455,3230,6631,3230
16228,2592,2592,8824,8824,8824
16229,7792,4120,2475,2475,2475
16230,4286,4524,3571,3571,3571
16231,3422,3075,4000,4000,3844
16232,2922,5322,3473,2850,3364
16233,2538,4327,3767,3767,3767
16234,4511,2910,4071,4071,4071
16235,2573,7746,5005,5005,5005
16236,2832,4296,3063,2316,3063
16237,4270,2442,2343,2754,2754
16238,7174,7583,7647,6943,6943
16239,3846,3124,5704,2987,2987
16240,3284,4138,3406,3406,3406
16241,2625,2560,2496,4370,4370
16242,3690,3690,3552,3965,3965
16243,2879,4203,3284,3284,4481
16244,4520,3985,3054,4051,2825
16245,5290,5176,2487,3717,3717
16246,5009,3364,7923,7923,5563
16247,3358,4071,3799,4071,4071
16248,3398,4598,4270,4593,4593
16249,6770,4170,3968,3968,3968
16250,4083,4083,3579,3579,3580
16251,2724,3364,3333,3333,4111
16252,2958,3818,2691,3446,3446
16253,3305,3400,3400,2398,2398
16254,3563,2570,2570,2842,2842
16255,2723,3183,2597,2597,2597
16256,4319,4036,3735,3735,2462
16257,3326,4185,3162,4066,4066
16258,2430,3691,3691,3691,3691
16259,8044,2678,4301,4301,4301
16260,4108,7778,7487,6480,6480
16261,4420,2321,5203,8250,5703
16262,3250,2679,3768,6653,6653
16263,8009,6312,3520,2674,2674
16264,4059,7143,4525,4525,4525
16265,8714,6078,6286,6934,6934
16266,4357,4357,6574,2414,2414
16267,3966,3844,4540,3813,3813
16268,5711,7739,2491,8553,8553
16269,2548,2548,2548,2548,6041
16270,4165,3057,3761,2836,2836
16271,1904,1925,774,774,774
16272,3889,6465,3582,3700,3582
16273,2617,6421,6157,2617,5053
16274,3631,3240,4101,4101,4101
16275,4512,8063,301,817,1573
16276,2991,4203,4216,3176,3176
16277,2515,4135,3561,2842,3561
16278,6303,8936,6606,8936,7803
16279,4223,8510,8545,8545,8052
16280,1275,2243,847,1172,1172
16281,9017,5302,4489,3276,3276
16282,2808,3822,2948,5992,5992
16283,3170,4029,3166,2537,2537
16284,4458,3475,3475,2859,2860
16285,7073,3852,4141,4141,4141
16286,4087,3470,2631,2694,2694
16287,5007,3067,2974,2529,2406
16288,4082,727,2393,2393,2393
16289,3337,9007,3216,2639,2639
16290,2943,3479,4018,3690,3690
16291,3014,3464,4609,4575,4575
16292,8141,3970,3970,3970,3970
16293,6770,3480,3952,3076,3076
16294,4253,2899,2437,2437,2437
16295,3326,3348,4414,3058,3058
16296,4061,4008,4492,4083,2374
16297,3296,2583,2795,2795,2795
16298,3286,3992,3411,4243,2587
16299,4450,4962,4379,5586,5586
16300,4508,3479,3298,3298,3298
16301,3874,6258,4719,7872,4719
16302,8688,8800,6920,6602,6602
16303,3379,3690,3840,3201,3721
16304,2943,4371,4522,3191,3191
16305,3551,7075,1678,6915,1678
16306,3155,2565,3062,3062,3062
16307,4538,7770,3160,6228,3160
16308,9174,2366,2724,3364,3364
16309,2688,3072,4101,4253,4253
16310,6600,5140,8755,5323,5323
16311,4471,2882,8346,8346,8346
16312,3776,6611,2545,3073,2545
16313,3131,2780,3625,2751,2751
16314,3676,3125,2993,3994,2554
16315,4527,4382,3206,3543,3543
16316,8615,6783,8139,2455,1606
16317,4254,3748,3478,2704,2704
16318,4480,2453,4574,4530,4530
16319,4272,3434,4520,4501,4501
16320,3801,3541,3558,4265,4265
16321,3862,3862,3011,3089,3011
16322,4047,3190,2805,2805,2805
16323,3969,3969,4614,2367,2367
16324,4000,2811,3492,2677,2677
16325,3142,2642,3032,4067,4171
16326,2363,4367,2318,2960,2960
16327,2977,6700,2336,6750,4050
16328,5290,3015,4048,2838,2691
16329,4447,2915,3753,3753,3753
16330,3211,2745,3515,3515,3515
16331,4313,3040,3752,3752,3752
16332,2440,5973,3566,3095,3095
16333,3524,3064,6649,2874,6649
16334,3622,3646,7677,4071,3935
16335,2360,3387,3277,3387,3277
16336,4373,4519,2322,2635,2635
16337,3802,3285,8673,6466,3008
16338,3593,3336,3690,3385,3385
16339,2843,2727,4314,3124,3124
16340,3563,3563,3488,3517,3517
16341,5401,4625,4625,5401,6813
16342,6637,3873,518,4297,4297
16343,3687,2511,3442,2898,2898
16344,4152,4526,4105,4049,4049
16345,4194,3331,2429,3423,4048
16346,4614,2743,4171,3909,3909
16347,3746,3799,3809,4245,4245
16348,4570,2383,3610,2327,3610
16349,2946,4121,3525,3525,3525
16350,3356,4027,3779,6045,6045
16351,8291,4800,7854,5913,5913
16352,2652,4242,2718,2627,3084
16353,4216,3236,2785,2772,2772
16354,3316,4000,4497,3317,3317
16355,2934,4153,4203,4555,4555
16356,2748,3506,3868,3868,3868
16357,7779,6099,5492,2745,2745
16358,3325,7549,3165,3753,8232
16359,2925,3106,4340,7683,7683
16360,4552,2656,2864,8106,7882
16361,2493,2493,4574,3605,2501
16362,8444,8020,7184,8444,8444
16363,2729,2883,3909,2522,2522
16364,4576,3758,3529,3529,3529
16365,2610,4478,2592,2971,2971
16366,5683,2992,9053,9053,9053
16367,7324,8875,2440,5819,2774
16368,3969,3076,3585,2670,2445
16369,3938,5322,5333,3601,3601
16370,2897,4539,4066,4066,2848
16371,4590,2804,4059,4480,4480
16372,4216,3881,3140,3140,3104
16373,2825,6156,7960,7960,8895
16374,3878,4592,5679,5083,6094
16375,2343,2743,3966,3170,3170
16376,3817,4116,5915,2433,743
16377,3071,5141,7287,8895,8895
16378,7966,6725,5526,5526,5526
16379,4465,2818,2032,1642,1642
16380,2431,6469,3417,6241,6241
16381,4058,2682,3161,4058,3395
16382,9084,4471,2954,7657,7657
16383,2517,3524,3210,3210,3210
16384,3503,4229,3303,3303,3303
16385,2540,3685,276,6015,6015
16386,2943,7149,2985,2985,2985
16387,3052,9047,3592,2620,2620
16388,2504,2878,4081,3531,3531
16389,5757,2378,2438,1216,1216
16390,4211,2953,2852,2852,2852
16391,657,7393,5970,7923,7923
16392,2483,2483,3622,5829,3039
16393,4403,4403,4403,4403,4403
16394,3226,2679,4146,3515,3515
16395,3816,3287,2711,2456,2456
16396,4095,3254,3430,2320,2320
16397,3943,4266,2860,3017,2860
16398,3492,2719,4403,4403,4403
16399,4509,5082,5937,5467,5467
16400,6937,6758,6758,8882,8882
16401,4458,3073,7338,7338,7338
16402,2317,3615,4075,4075,4075
16403,8336,8947,7498,3196,3196
16404,4250,2762,3658,3658,3658
16405,4138,5591,3306,3306,3306
16406,3651,3443,3348,3320,3320
16407,8897,3679,2569,2569,3253
16408,576,5862,145,2135,2055
16409,4253,4253,707,4321,4321
16410,3232,2595,2595,3918,3918
16411,3319,2606,4044,2825,2825
16412,4327,2713,5773,3595,3595
16413,3069,323,2436,2998,2436
16414,3153,6536,4649,6829,6829
16415,4104,3081,4264,4264,4264
16416,3328,4511,4511,3269,4511
16417,3487,2571,8683,7807,7807
16418,4119,4889,6096,3556,4694
16419,2497,3644,4134,2490,2490
16420,3722,8638,224,224,224
16421,4351,3261,2969,4577,3422
16422,3346,4583,8749,2429,2429
16423,2559,2729,3192,4164,3192
16424,3191,3992,2811,2811,2811
16425,2364,4218,3283,3722,3722
16426,6232,7425,6385,6335,6719
16427,3380,3602,3260,2332,2332
16428,3760,3104,4264,2747,3072
16429,4226,2586,4493,4292,4292
16430,3795,2984,4050,4050,4050
16431,8610,2969,3250,2745,2745
16432,2528,4097,4526,4526,4526
16433,6337,7860,8855,9184,9184
16434,3875,4068,1959,1959,1959
16435,2468,3603,2853,3670,3670
16436,3546,3747,6990,2503,7681
16437,3487,3674,3232,4447,4447
16438,27,1778,1607,1345,1607
16439,5847,4975,6515,6041,9165
16440,4493,4369,4281,4024,4024
16441,2522,3379,3474,2838,3441
16442,4172,7472,4289,3745,3745
16443,3942,2822,4257,4257,4257
16444,4662,5368,3289,7427,3520
16445,1417,7735,4192,4192,3129
16446,1173,2107,86,924,924
16447,2418,6328,2904,4522,4522
16448,4261,2411,6995,8630,6959
16449,3259,8434,8322,2969,4526
16450,3488,3488,3980,4573,4573
16451,2713,2350,4265,4408,3789
16452,3381,4103,3098,4421,3098
16453,7849,3706,7237,7237,8410
16454,3338,4511,4511,2701,4511
16455,4243,2963,2626,2773,3958
16456,4349,2498,3938,4057,4057
16457,893,5723,3321,2942,2942
16458,2951,6789,5764,5764,5764
16459,4270,2873,2858,2445,4570
16460,3401,2620,4014,4209,4014
16461,5775,6141,4053,8003,3030
16462,5645,2554,3928,5988,2932
16463,3195,4328,2748,2748,2748
16464,2699,2985,2914,3434,2960
16465,4523,2501,4470,3872,3872
16466,505,127,9112,5145,5598
16467,2450,4748,4259,4259,4259
16468,2804,3213,2457,4298,2351
16469,2589,3594,2979,2535,2535
16470,3651,2911,2650,3395,3395
16471,3079,3436,8531,3113,5586
16472,6077,4215,5682,5682,5682
16473,4309,2998,3894,2957,2998
16474,3569,3615,2930,3117,3117
16475,2605,2782,4572,4572,4253
16476,3183,4442,3301,3301,3301
16477,3299,6419,4196,6833,586
16478,6174,5710,4830,5394,5394
16479,3229,3500,2655,4050,2655
16480,4185,4273,6015,5929,4637
16481,3780,4616,3092,3282,6725
16482,2880,4447,4138,2549,2549
16483,3121,4084,4347,2987,2987
16484,3088,3343,4272,2802,4272
16485,4463,3154,3712,3913,3712
16486,2964,4086,2319,4208,4208
16487,4169,5528,7607,5307,3047
16488,2607,9212,5139,7698,5139
16489,3434,3931,2731,2616,4524
16490,2817,3163,3562,3162,3562
16491,2619,4526,3399,3600,3600
16492,8161,8892,6132,8959,8959
16493,3866,3951,4509,3731,3731
16494,2884,4141,6852,6852,6852
16495,4348,6197,6515,2827,2827
16496,3420,2975,2663,4134,2942
16497,3758,4501,3964,4364,4364
16498,3997,3045,4990,5217,5217
16499,7363,3411,324,324,324
16500,5009,5504,3073,3241,3241
16501,3422,2605,4223,4376,4376
16502,3339,3469,3258,3585,2670
16503,3998,4113,3168,4113,3998
16504,3301,4281,3380,3380,3380
16505,2479,2836,3704,2423,2532
16506,5438,3240,5494,5494,5494
16507,8604,2922,8396,6654,3060
16508,8688,2416,7477,2915,7477
16509,1858,1486,2520,2375,2375
16510,8474,1981,758,1564,3042
16511,8655,9095,6080,8688,2352
16512,4356,8023,6874,4334,6874
16513,4728,8191,3438,7730,7834
16514,3369,2554,4324,2922,2922
16515,4573,2484,5005,5005,8536
16516,8716,6703,3090,697,3090
16517,2528,4179,3988,3124,3124
16518,4686,8787,6585,9097,9097
16519,3191,3172,2707,2707,2707
16520,2872,2987,3400,4392,4392
16521,7044,6561,4388,4377,4388
16522,5214,4297,3015,3015,3015
16523,7761,7679,3922,4404,4404
16524,3860,2397,8953,4243,4243
16525,9047,3585,2806,2806,2806
16526,3191,2652,2327,2327,2327
16527,202,1594,1838,1092,1092
16528,3636,3232,2716,3665,3665
16529,2530,101,7168,3641,2530
16530,8496,8217,8852,7607,8557
16531,3836,2953,2986,2695,4126
16532,4803,2732,5217,5217,5217
16533,3000,2652,2811,3950,3950
16534,4550,4600,6171,6171,6171
16535,4171,4113,3092,3688,3092
16536,2407,2463,6060,6060,6060
16537,4068,2910,3941,2822,2822
16538,3344,3196,2434,9005,9005
16539,5288,6515,9165,9165,4163
16540,4152,3133,4429,2519,3378
16541,3382,3382,3382,3382,3382
16542,4259,4398,3422,2318,7765
16543,4118,2524,3025,4418,4418
16544,2513,4429,4065,3880,3880
16545,1668,3771,5697,4311,4311
16546,5583,6649,6476,5973,4398
16547,70,408,1044,178,178
16548,3491,2446,7355,7371,8167
16549,3547,2151,3905,3977,3977
16550,2527,7301,8429,3380,7032
16551,2332,2326,4529,4432,4432
16552,3779,3337,2405,3779,4429
16553,2422,3770,4355,3407,3407
16554,4550,4550,3970,3970,4591
16555,3862,3746,4245,4245,4249
16556,2757,4447,3673,3673,3673
16557,3969,3820,3969,3969,3969
16558,2754,2654,2418,2418,2418
16559,4246,2991,3593,2411,2411
16560,3609,4158,3137,3185,3153
16561,6618,7504,3900,5717,5717
16562,4305,4343,3092,2352,2352
16563,3234,3867,8875,8875,8875
16564,3919,4109,3779,2669,2669
16565,3845,4072,2514,3081,3081
16566,3335,3444,3497,4179,3497
16567,3695,2480,3201,3981,3981
16568,3813,4221,3245,3606,3246
16569,4590,6769,3209,1807,1807
16570,2789,4027,3845,3003,3003
16571,2554,3318,2896,2896,2896
16572,3462,4285,2782,2782,2782
16573,3857,5313,4789,5673,5673
16574,5912,9172,7866,6535,7866
16575,3794,3757,4421,4421,4421
16576,4599,8547,8749,4599,4599
16577,3888,3248,3626,3799,3799
16578,3014,2853,3210,3210,3210
16579,3648,4036,4458,4458,4458
16580,3579,2403,3253,2753,2753
16581,3414,4516,3710,3710,3710
16582,3563,2528,3864,3854,3854
16583,4107,2430,3559,3369,3579
16584,3131,2624,6829,6829,6829
16585,3226,3654,3647,3460,2749
16586,3690,3229,3483,4128,4128
16587,2312,4053,7831,3905,7831
16588,2930,3319,3206,3206,3206
16589,2944,3812,3812,3081,2739
16590,3388,3377,2403,3162,4307
16591,6863,5675,6549,6549,6549
16592,3771,5264,4846,4846,4846
16593,3388,4424,3414,4055,4055
16594,4173,4173,4476,4476,4476
16595,3795,2344,4000,4000,4156
16596,5693,3882,2455,2455,2455
16597,3597,3133,4451,3694,3694
16598,4360,3286,2688,2787,2787
16599,2469,3294,3479,3479,3479
16600,3314,2734,4957,4504,5045
16601,2598,4000,3330,4365,4365
16602,3398,3231,3191,3191,3191
16603,4132,7538,7538,7538,7538
16604,7488,3906,3395,3438,3438
16605,3923,3880,2800,2800,2800
16606,4182,2928,4509,3793,3565
16607,3373,2360,4209,3339,3373
16608,4509,3408,4150,4388,4150
16609,2919,5295,6127,4505,4505
16610,1007,1819,2520,3314,3314
16611,4732,4732,2844,2844,2844
16612,2430,2418,2929,3003,2929
16613,3831,3580,2754,2561,2561
16614,2939,3189,2559,2704,2704
16615,4250,2795,2609,2609,2609
16616,8961,906,8009,8199,8199
16617,8901,7850,4672,7850,8003
16618,3483,4477,3031,3031,3031
16619,4347,4461,2441,2441,2441
16620,2727,2411,2584,2344,2344
16621,5800,2904,7704,4748,4748
16622,3147,6226,3751,3131,3131
16623,4525,3687,4614,3339,4396
16624,6000,6091,6637,2766,6637
16625,4280,4340,4280,2565,4280
16626,4458,4458,2417,2417,2417
16627,3001,6865,3597,6263,6263
16628,4213,4523,2917,3635,3635
16629,2408,4647,3648,4758,4758
16630,2923,3172,1077,3870,3870
16631,3447,3172,4024,3447,3447
16632,3069,3379,8238,6780,7233
16633,3477,3092,2352,7184,7184
16634,6441,5682,3529,3529,3529
16635,3421,3793,3531,4164,4164
16636,3775,3320,2848,2848,2848
16637,4573,9147,2717,3841,3841
16638,3003,2798,6940,3775,3775
16639,3140,3435,4372,6921,6959
16640,3640,7601,4472,4192,4472
16641,3529,3832,4962,3614,3614
16642,4611,3006,3856,3856,3856
16643,5444,5368,2957,4433,5268
16644,2400,8510,3898,3898,3898
16645,3709,3618,2777,4252,4252
16646,3702,2338,3937,2769,2769
16647,265,1644,4802,4801,6705
16648,4082,5016,2852,2852,2852
16649,2361,3100,4035,2769,2702
16650,3633,3694,3369,3369,3369
16651,4448,3699,4062,3241,4062
16652,4280,2449,3110,7456,7456
16653,3417,3866,2842,2842,2842
16654,6696,5690,4532,6215,6743
16655,2032,3344,3999,3999,3846
16656,6365,5613,6453,6453,6453
16657,6573,6165,4584,6870,7378
16658,8123,8468,5365,5365,5365
16659,2496,8411,2611,2611,2611
16660,5391,6113,6217,5568,5568
16661,6173,7470,5193,8560,8560
16662,6886,7474,5505,5290,5290
16663,7509,9203,4587,6137,6137
16664,3879,5963,5963,9179,9179
16665,5470,2545,3227,3227,3227
16666,7551,7890,3463,6558,3463
16667,4905,5625,5393,4618,4618
16668,5852,7571,5523,6390,6390
16669,5077,5506,6426,6426,6426
16670,4242,6685,4242,4014,4014
16671,4747,5731,6289,6531,6120
16672,5819,9091,8855,8041,8041
16673,3108,8344,966,966,966
16674,6458,7575,5561,5561,5561
16675,6914,4711,6047,6484,5555
16676,7306,5597,2981,2981,2981
16677,5588,7120,7131,7131,2114
16678,8461,7724,5203,7969,8544
16679,7445,5873,8562,5348,8562
16680,8576,7071,367,8202,8202
16681,6924,7269,7456,9155,6873
16682,5182,6923,4986,5919,5919
16683,5919,6596,5867,7833,7833
16684,7090,7562,6976,8324,8324
16685,8833,8664,6892,6892,6347
16686,6630,5653,5453,5574,5574
16687,5772,5750,6420,7111,6420
16688,5750,4324,4560,4560,4560
16689,5875,5999,8325,5404,6059
16690,5390,5200,6829,3661,3661
16691,4287,5057,5945,5945,5945
16692,6805,6548,6548,6395,6395
16693,7687,9205,4954,5604,5604
16694,4008,4804,3398,5386,5386
16695,3997,5800,3866,3866,3866
16696,4596,6538,6768,6768,6768
16697,6767,6786,6767,6786,6786
16698,3351,4763,3974,6191,6191
16699,5627,4118,4801,4562,4562
16700,4700,6899,5721,4861,4697
16701,5310,6847,5251,5251,5251
16702,5847,6191,4991,2323,4991
16703,5615,4910,5973,5973,5973
16704,3065,4626,4858,4858,4858
16705,7369,9099,5503,7995,7369
16706,5751,7814,7066,7055,7055
16707,6513,3798,6409,4715,4715
16708,3704,7577,6406,6406,6406
16709,5103,5116,4750,4750,4750
16710,5464,5244,8573,5609,5609
16711,6303,6346,5620,5787,5787
16712,4619,6709,7131,6132,6132
16713,4749,5816,7153,7153,7153
16714,8060,5596,4872,4872,4872
16715,6531,6734,7515,2332,2332
16716,7788,6919,3564,6725,6725
16717,8223,5698,7717,8359,6534
16718,7328,6896,6151,5621,5621
16719,8221,7062,4732,6869,4732
16720,7214,6287,5353,6287,6287
16721,4945,6589,7155,4870,7155
16722,5705,3120,5946,5946,5946
16723,7214,5397,6441,6441,6441
16724,5836,6520,5526,5264,5264
16725,8478,7626,9136,9136,9136
16726,4720,6293,6066,1608,1608
16727,5179,3659,2473,3995,2473
16728,2997,2877,2768,6574,6574
16729,7500,7070,3097,3631,3631
16730,6195,5356,6184,6088,6088
16731,5364,9206,7055,7055,7055
16732,8850,7907,6185,8072,8072
16733,4703,4703,4703,5557,5557
16734,4716,8282,4259,4259,4259
16735,3351,7861,6153,5018,4971
16736,7610,6003,6066,6066,6066
16737,6191,4161,5534,8360,8360
16738,8447,6918,8064,8064,8064
16739,8680,7560,6755,5635,6681
16740,4768,5105,4667,4667,4667
16741,2895,8581,9039,9039,9039
16742,5923,7283,7723,7723,8473
16743,4194,7924,6677,5846,5846
16744,2336,6157,5113,4798,4798
16745,6251,6473,5946,5946,5946
16746,4883,2992,4817,2803,2803
16747,6939,5096,6858,6858,6858
16748,5437,6509,8463,6370,5807
16749,4746,2906,6915,4991,6915
16750,4867,5647,5733,4937,1564
16751,5919,4799,26,3520,3520
16752,6499,3352,6576,6284,6576
16753,5459,6294,6168,6783,6168
16754,5507,5254,5896,6008,6008
16755,5724,5520,7188,5056,5056
16756,7660,4698,6050,7995,7995
16757,2541,8024,6057,5123,5123
16758,8880,7470,8562,8562,8562
16759,5173,5648,5173,5173,5173
16760,4773,6090,5377,5377,5377
16761,5717,5407,6031,6031,4876
16762,6236,6236,5094,4988,7798
16763,8287,6236,6062,9214,6062
16764,6833,4698,6532,6532,6532
16765,6016,6034,4507,4688,4688
16766,4848,3860,2567,2567,2567
16767,5250,5250,5472,5297,5297
16768,5935,5857,2582,2582,2582
16769,6365,2787,4282,5019,5019
16770,5859,7701,3649,5281,5281
16771,6711,6447,9090,6711,6711
16772,5853,2330,5728,5349,8880
16773,6191,4986,4637,4637,4637
16774,5937,3859,3391,6946,6946
16775,5170,8605,824,6139,5309
16776,4753,4690,6441,4694,6106
16777,5841,5564,8468,6214,6214
16778,6487,6597,5139,4685,4685
16779,9050,5367,7002,7002,7002
16780,4149,3564,9166,7004,9166
16781,2359,6206,7521,3349,3349
16782,3879,5197,8447,8447,8447
16783,5099,8225,6015,7761,7761
16784,6177,4643,6157,2455,4674
16785,5611,6098,6539,5678,5678
16786,5552,5552,6439,4751,4751
16787,7725,6956,7249,7589,7249
16788,5552,5552,7573,4702,4702
16789,5712,5423,5423,6698,3374
16790,4902,7015,5691,5691,3553
16791,6698,5923,8965,8965,8965
16792,6829,6316,5546,5199,5199
16793,5443,5619,5619,5619,5619
16794,3737,5939,3883,5259,5259
16795,3432,3005,6462,6462,6462
16796,8269,3663,3663,6075,6075
16797,6373,5096,3227,3227,3227
16798,6027,5715,6976,6677,6677
16799,8324,5134,4603,6664,6664
16800,7985,6600,6330,6370,4769
16801,5479,5007,5425,4532,3138
16802,4707,7233,6763,5179,5179
16803,1275,3758,3077,2408,2408
16804,6647,5010,5214,6303,5848
16805,4335,6503,5906,5864,5864
16806,897,5603,8843,3066,3066
16807,6404,7689,5503,5503,5503
16808,3436,5291,3590,3590,3164
16809,7890,6260,2552,2674,2674
16810,1956,6320,7626,5824,5824
16811,6110,5705,5481,6009,6009
16812,4986,4102,4542,4542,4542
16813,5188,4951,6269,6269,5303
16814,5133,7660,5385,8015,8015
16815,5510,6931,5320,8439,8439
16816,5507,4794,5866,5866,5866
16817,6207,5535,8622,5535,8622
16818,5985,5426,8923,6207,6207
16819,8742,798,6055,4934,4934
16820,4715,5879,5323,5323,5323
16821,4699,5108,8281,4965,4965
16822,3173,5114,5723,5114,5114
16823,5769,531,5134,5134,5134
16824,6547,4752,8776,8716,3678
16825,6869,6232,5205,8359,8359
16826,4596,4866,7640,841,7640
16827,6366,6014,5816,5612,5612
16828,6868,5124,6381,5124,4598
16829,6196,5456,6362,6362,6362
16830,6779,5833,4900,6182,6182
16831,8177,9208,8583,8583,8674
16832,6206,2824,3974,6406,6406
16833,6850,7471,4862,6493,4862
16834,5809,5061,5879,5879,5879
16835,4650,6202,5048,5048,5048
16836,6563,7871,6717,6717,3720
16837,5232,3716,5687,7086,7086
16838,8933,5333,6601,7886,7886
16839,4879,4883,4753,4791,4791
16840,5586,6207,6154,9175,6154
16841,4744,5349,6830,4841,6830
16842,4778,4845,6846,6846,6846
16843,6705,6376,4986,8341,4986
16844,5320,5126,4663,3173,3173
16845,5836,6568,4791,4791,4791
16846,5061,4848,1575,1575,1575
16847,8238,7610,3123,1575,4848
16848,8250,7332,4381,2611,2611
16849,4193,7459,7311,7311,7311
16850,2937,5203,5006,5006,5006
16851,9069,3631,5959,5959,5959
16852,5440,5440,6560,5446,5446
16853,5551,3007,8668,9083,9083
16854,6519,8341,4714,3118,6604
16855,7181,7804,7804,7804,7804
16856,8167,9169,8177,8177,8309
16857,8486,5525,3814,8486,8486
16858,6592,6592,4896,4896,4896
16859,7200,8087,5007,6185,6185
16860,5252,3737,8997,8797,8797
16861,5293,6370,6976,6976,7383
16862,5265,4905,5652,5423,5423
16863,1474,7991,2232,2232,2232
16864,3203,3332,6452,6452,6452
16865,841,7340,6857,6330,6330
16866,4488,7155,2981,3908,4672
16867,6397,6749,6749,6749,6749
16868,6399,6537,4712,3921,5431
16869,5755,6832,6567,6567,6567
16870,6022,2940,6093,5243,5243
16871,8931,3974,5892,3974,6549
16872,3012,5376,6168,5959,5959
16873,4894,5513,5513,3770,6056
16874,5513,5554,5640,7522,6098
16875,5513,5513,5513,3537,5513
16876,6363,6363,6068,6068,6068
16877,4944,4048,7813,6493,6493
16878,5113,7976,5150,6280,6748
16879,7743,6926,6112,6333,6866
16880,4937,6022,2844,2844,2844
16881,2553,7045,4667,5986,5986
16882,5788,9025,4999,4999,4999
16883,5607,6280,4715,6280,6537
16884,6144,4665,6402,4737,4737
16885,6276,6549,4671,4671,4671
16886,6107,6107,6107,6107,6107
16887,8944,4702,7440,7440,7440
16888,2463,7530,4092,7530,7530
16889,2516,7923,5505,5505,5505
16890,7625,3664,9194,6808,6808
16891,6509,3440,7996,5446,5446
16892,6709,6335,6335,6335,2530
16893,6320,6404,5785,213,5785
16894,5321,5872,6293,6293,6293
16895,6559,5344,6175,6175,6412
16896,4704,5760,4106,5760,5760
16897,5486,5765,5947,5947,5947
16898,4816,5111,5111,5111,5111
16899,4658,4854,6593,6877,6877
16900,5079,4329,6577,2578,2578
16901,6281,7458,5375,5422,5422
16902,6837,7674,7656,7656,7656
16903,6279,6617,8140,7563,7563
16904,6087,6292,9124,9124,9124
16905,5353,2578,5566,4690,6041
16906,6418,6372,6897,6897,6897
16907,2333,4953,5048,5048,5048
16908,6740,4745,5074,6428,6428
16909,8970,6536,7663,8259,8259
16910,7535,6951,8836,8836,8836
16911,7202,7202,7202,9215,9215
16912,9220,6988,8168,8168,8168
16913,5660,6562,6739,8047,534
16914,9124,6512,910,910,910
16915,6782,6652,4437,4437,4437
16916,5745,7682,6638,4706,6638
16917,7554,8226,5310,5310,5310
16918,5194,6153,8852,8163,8163
16919,4683,6612,4677,4677,4677
16920,5310,3288,8357,9055,9055
16921,6850,3606,6850,6850,7434
16922,4913,7435,7832,5935,7832
16923,4999,5715,8815,6050,6050
16924,6942,7410,8385,8343,5703
16925,6372,4946,6173,5828,5828
16926,6728,4510,4422,5362,4422
16927,4712,5756,4883,6128,4618
16928,5357,6559,5357,4901,4901
16929,9148,8976,6556,5397,5397
16930,8738,7308,5951,5951,5951
16931,5221,6445,6546,2665,6874
16932,2664,3771,9065,9065,5971
16933,3552,6004,3774,3431,5642
16934,4627,4796,5817,5817,5817
16935,4439,4438,3692,5016,5016
16936,6520,3455,2381,8700,5353
16937,3618,6203,6733,3303,3303
16938,5401,3018,8917,5540,4096
16939,5384,5485,8138,5981,5981
16940,8353,7832,8226,4441,4441
16941,7596,5750,8641,6115,6115
16942,8839,5777,6476,6476,6476
16943,7122,3547,4933,4933,4849
16944,6333,5038,6333,7020,4867
16945,9005,9005,7533,7533,7533
16946,6366,3264,4677,6644,6644
16947,5875,7554,7819,7015,7015
16948,3568,7415,7613,7613,7613
16949,8965,6568,8466,3267,8028
16950,5068,8552,1059,9196,9196
16951,8974,4569,6263,2483,9208
16952,5194,3079,7121,1627,1627
16953,6117,8000,5501,5501,5501
16954,8938,5979,4073,3617,3617
16955,4783,4690,5978,3978,3978
16956,5777,7363,6621,6621,6621
16957,4061,8643,2794,6485,6985
16958,4207,5484,8290,8290,8290
16959,6591,4287,6096,6096,4287
16960,5200,4808,5200,5200,5200
16961,5464,5917,4954,6361,7701
16962,5557,5161,6880,6917,6917
16963,9183,7824,5155,8635,5784
16964,5463,6298,6166,6070,4971
16965,6204,4870,6276,7374,7374
16966,6529,6529,6369,6369,6529
16967,6580,2334,3857,3857,3857
16968,4912,6529,6529,6529,6529
16969,4899,6427,5323,6400,6400
16970,6771,5638,5545,6750,6750
16971,5593,6166,4014,6200,6132
16972,6360,6130,7136,7136,6523
16973,2553,6770,4752,2981,2981
16974,8348,4690,5264,6562,6562
16975,6250,8164,8672,8672,8672
16976,2505,2055,8182,8182,8182
16977,6515,3905,3889,6905,6905
16978,4934,5628,4011,5576,5576
16979,6832,6893,5732,6056,5732
16980,6244,6832,5969,5969,5969
16981,5380,5712,5712,5712,5712
16982,6596,9092,2390,6220,6220
16983,6517,4698,3403,4965,4965
16984,6894,5006,5006,5006,5353
16985,5687,7416,7687,8056,7687
16986,5467,7166,3364,4480,4853
16987,6100,6779,6779,6779,6779
16988,4677,6952,5740,6366,6366
16989,6102,5268,7824,7824,7824
16990,6513,5448,4603,6422,6422
16991,6897,6897,6098,5335,5335
16992,6897,6897,4778,4778,4778
16993,6562,4073,6455,6455,6455
16994,6730,4936,6638,4936,4936
16995,2793,8129,5586,4248,4248
16996,5990,3725,5046,6826,6826
16997,6985,2346,5968,5968,3107
16998,6103,4496,4696,8553,3511
16999,6609,6158,8942,8942,8942
17000,5004,4748,5151,7768,6320
17001,6787,350,8911,3963,3963
17002,5799,8807,7048,841,841
17003,4945,3566,8172,8172,8172
17004,4640,5227,5612,5904,5904
17005,4748,4564,5012,5012,5012
17006,6359,4722,5721,5721,6677
17007,5395,6102,6441,6441,6441
17008,4812,3640,6184,6856,6856
17009,6920,6755,5446,4694,4694
17010,6175,6291,6846,5042,5042
17011,9179,4916,8013,8013,8013
17012,9172,4662,7460,4768,2541
17013,5992,6795,6397,7189,6063
17014,4781,4742,7454,7454,7454
17015,3659,8478,5788,5788,5788
17016,4603,4742,6409,6409,6409
17017,5805,5805,6089,6089,6089
17018,6616,5435,5088,6417,6417
17019,6920,5927,6609,4275,5490
17020,5945,5517,5911,5911,5911
17021,6046,5158,6223,4926,4926
17022,3825,4246,4178,4718,4718
17023,5146,5146,3817,6609,8605
17024,6207,6775,7489,5713,5713
17025,7585,8724,7955,8729,7549
17026,2902,6864,5504,5751,5504
17027,9061,5121,5348,6166,6166
17028,7509,6284,8757,5840,5840
17029,6673,8214,6992,6992,6992
17030,6760,5711,6463,5711,5711
17031,6760,6660,4725,4725,4725
17032,4584,5857,8695,6588,6588
17033,6444,6541,5881,5881,5881
17034,4693,6030,7339,5605,8036
17035,3202,9194,7804,5145,5145
17036,4672,6338,8369,8810,8810
17037,8615,8615,5623,5623,7732
17038,6547,4967,4712,6830,6830
17039,5534,4745,6447,6783,5534
17040,6154,3264,3160,3160,3160
17041,6149,2657,8863,4986,4986
17042,5824,5824,2982,2982,2982
17043,7378,5622,5344,5344,5344
17044,6580,6890,5491,7282,7282
17045,6223,6590,5980,6766,5239
17046,6477,6477,6477,6477,6477
17047,3719,5560,6469,4877,4877
17048,5007,7325,5467,5467,5467
17049,2667,6538,9201,5093,5093
17050,2421,7844,6010,5176,5176
17051,8780,6141,8048,8048,8048
17052,5966,5213,5323,5323,5323
17053,6282,5045,5331,6638,6638
17054,4220,6876,8459,5896,5896
17055,4864,1337,4864,4864,4864
17056,7758,6183,7278,6976,7278
17057,2067,7391,6417,6417,6417
17058,8287,6633,6414,8849,8849
17059,4080,3739,3433,2888,2888
17060,6864,6658,3566,3566,3566
17061,8716,3974,4720,8316,8316
17062,2359,141,7289,5427,5427
17063,6713,6133,5159,6491,6491
17064,5556,7803,3027,3027,3027
17065,6748,5978,5628,5796,5796
17066,4394,2483,2605,6172,2605
17067,5434,7994,6097,5434,5434
17068,7137,5511,8143,6318,6825
17069,6119,5556,6409,5446,6755
17070,2548,7156,8646,5643,5643
17071,7732,8799,5282,6191,6149
17072,4801,8143,5231,6125,6125
17073,6697,5320,5438,5438,5438
17074,5933,8671,5974,8368,8368
17075,5156,3547,4193,6819,6819
17076,6240,6897,5841,6183,5495
17077,4631,7105,3211,7688,7688
17078,8351,7244,7315,7315,7315
17079,8217,9042,5512,5512,8217
17080,6174,6773,6279,6279,6279
17081,5831,5997,6978,5997,5997
17082,5366,5199,4646,6408,6408
17083,8359,6095,6693,6693,6693
17084,5646,6533,5583,5583,5583
17085,4937,6370,6400,6892,6892
17086,4271,7912,4229,5265,5265
17087,4706,5471,6598,6294,5004
17088,6657,5471,5423,6746,2956
17089,5355,4763,5644,4642,7442
17090,3551,1544,5733,5733,5733
17091,3322,3696,4398,4398,4398
17092,4751,6887,6224,6646,6646
17093,6675,6274,5241,4765,4765
17094,5134,5583,4838,4838,8413
17095,8463,3409,8754,8754,8754
17096,5018,6725,5268,5959,5959
17097,5501,5730,3026,6786,6786
17098,2919,3299,6209,8620,8620
17099,2377,5575,5777,4712,4025
17100,5841,5914,5463,5463,5463
17101,6110,6907,6023,6023,6023
17102,6261,6225,5002,1512,1512
17103,9212,5599,7871,4869,4869
17104,6786,4338,4344,7721,7721
17105,8763,5556,8541,5817,8541
17106,6720,5713,6452,7337,6250
17107,1886,9005,3364,4780,9005
17108,8651,6019,5750,3724,5580
17109,6689,3163,4753,7916,7916
17110,2793,6626,7051,7051,8849
17111,8546,3087,6224,2425,2425
17112,5460,2433,6895,5320,5299
17113,6635,5917,4903,6851,6851
17114,5682,3451,5484,5484,5484
17115,4968,5065,6138,6424,5398
17116,5917,4880,5671,6529,6529
17117,8933,8646,8949,9005,7147
17118,5921,7859,4027,5467,5467
17119,8956,6723,6522,6522,6522
17120,4697,5822,6261,6261,6261
17121,3483,9214,5356,5356,5356
17122,6337,7229,6920,6563,6920
17123,6597,4951,6347,6261,6261
17124,6904,6017,3005,5646,5646
17125,8953,7455,6308,8724,8724
17126,6709,4317,3600,8074,8074
17127,5186,6041,6562,6562,6562
17128,6654,7987,7825,3309,3309
17129,2987,2632,3594,3000,3000
17130,6142,2631,6136,4469,4469
17131,6008,4092,4955,4955,4955
17132,8488,5986,5629,8576,8576
17133,8671,4638,8705,8705,8705
17134,5501,6132,6566,5389,5389
17135,5002,6825,7474,9148,7474
17136,5008,5036,5323,4692,4692
17137,5538,6678,7568,6551,6551
17138,4625,4625,4926,4785,4785
17139,3715,5904,2762,6761,6761
17140,3516,5182,4149,8166,8202
17141,8823,4628,7401,6146,6146
17142,955,5107,5293,5293,5293
17143,5456,5163,3026,6786,6786
17144,7069,6285,8379,8614,8614
17145,5796,6934,4811,5268,5268
17146,4750,6361,5609,4782,5609
17147,6529,4659,5994,4659,5994
17148,4662,3893,5600,5600,5600
17149,3974,3173,6396,4656,4656
17150,7107,6549,6549,8287,6549
17151,4838,6415,4850,7173,7173
17152,5664,3173,4657,5993,5993
17153,6006,6449,6449,5320,2992
17154,5620,8871,5993,5993,5993
17155,6436,7587,7405,3007,6033
17156,6826,7405,6378,4748,2763
17157,4943,3093,6561,8759,6432
17158,8068,6312,8068,8068,8068
17159,5704,5425,6821,6821,6821
17160,5917,4750,5103,5103,5103
17161,5729,4917,5351,5250,5351
17162,5161,4701,5162,4701,4701
17163,5111,5161,6764,6764,6764
17164,6705,4986,6741,6066,6066
17165,4603,3505,5024,3908,6852
17166,8716,5555,6119,6119,6119
17167,3203,3867,3582,6309,6309
17168,2477,3118,3634,7684,7684
17169,4538,4773,6289,6289,6289
17170,6417,4507,6545,6606,6545
17171,4841,6582,4665,4665,4665
17172,5683,4699,4699,4699,4699
17173,6043,6672,7552,3974,3974
17174,4913,7947,6110,7803,7803
17175,6786,6002,5210,5210,5210
17176,6184,6281,6286,9214,9214
17177,6992,8699,6687,7577,7577
17178,3693,8354,8036,8036,2752
17179,6342,6152,6537,4802,6537
17180,5323,5172,3314,8331,8331
17181,5885,6119,4802,4747,4846
17182,4312,6770,6348,6348,6348
17183,5583,6852,6721,6721,6721
17184,6783,2967,4715,5954,5954
17185,6695,7984,8462,8462,8462
17186,5485,8976,7556,7829,7829
17187,5368,5371,5615,5615,4141
17188,6059,4922,4978,4978,4978
17189,5660,8674,9107,5393,9107
17190,6598,6440,6155,3495,3495
17191,999,4843,3123,6791,5510
17192,6347,5563,5951,8385,3669
17193,6499,5476,7309,8353,7674
17194,6704,6704,7972,7509,7509
17195,7778,6196,6196,9119,5938
17196,8447,6852,7342,5159,5159
17197,4869,6079,8102,8102,8102
17198,8632,6763,8385,8253,9030
17199,6803,7388,6186,4772,4772
17200,4305,4311,5505,5505,5505
17201,7824,6418,5826,5353,5353
17202,5668,4352,3012,3012,4003
17203,8922,6455,5007,6553,6087
17204,2813,3873,3779,3779,3937
17205,5366,5765,6694,5441,6219
17206,6946,6463,3329,3329,3329
17207,6369,2334,6252,6081,4662
17208,5551,5049,4954,6760,6760
17209,7100,5068,5151,6294,6294
17210,6242,6293,5810,6040,6040
17211,2676,2387,5069,5069,5069
17212,3234,4866,6320,6320,6320
17213,7378,2611,5850,7378,6016
17214,6128,6225,6855,6598,6598
17215,6791,5247,6419,6419,6419
17216,5535,6670,6093,2657,4814
17217,6311,5305,6211,6211,6211
17218,5507,5002,4778,6897,6897
17219,5393,6402,5393,5393,5393
17220,4842,6817,6607,6607,6607
17221,5365,5090,5787,5182,5376
17222,4619,5748,5643,4748,4748
17223,6589,5870,5870,5083,5083
17224,6440,5587,4706,7492,7492
17225,4169,2548,8699,7153,976
17226,2496,6862,4866,3188,3188
17227,6128,5970,6356,9174,4922
17228,6683,2,6186,4784,4784
17229,5844,6705,4648,5137,5137
17230,2505,6309,8000,5334,5334
17231,4804,6121,2312,5005,5005
17232,6178,2387,3377,8411,8411
17233,2854,1218,2915,4528,8657
17234,6401,8492,8854,2447,4069
17235,462,4846,7097,7097,7097
17236,7909,7459,3509,4845,4845
17237,5932,8280,5903,5091,5091
17238,4840,7718,9131,6786,6786
17239,5900,5343,8104,8104,8104
17240,7824,8435,3976,5338,5338
17241,7445,6280,3553,3553,6719
17242,4894,6161,6346,6346,6346
17243,6558,6513,5137,6716,9159
17244,6767,5413,7314,7314,7314
17245,7470,7470,5728,6072,6072
17246,3726,5099,6457,6021,6021
17247,6576,3418,5440,2797,5440
17248,2045,2847,2499,8392,8392
17249,3962,5051,4898,7799,7799
17250,6478,6423,5755,5755,5036
17251,6498,5666,8575,8575,8575
17252,4164,6876,5444,5444,5444
17253,5904,6858,5946,4775,6163
17254,6542,4960,4770,4770,4770
17255,7581,8624,5898,7858,7858
17256,6167,5086,5086,5086,5086
17257,3566,7322,6199,6768,6199
17258,4773,4773,6768,5342,6199
17259,7188,8939,4614,3818,4614
17260,6045,6096,5882,5059,5803
17261,7586,8353,2837,4633,4633
17262,9020,2582,8926,8926,8926
17263,6857,4682,4682,6385,6385
17264,4296,4296,4296,7537,7537
17265,6509,6883,2325,8041,1291
17266,4651,5424,5999,5999,5999
17267,6501,8641,3007,6743,6743
17268,6277,6548,5539,5539,5539
17269,4743,142,7311,7311,7311
17270,6504,5559,2589,3471,3471
17271,3471,5615,3471,5707,5707
17272,6339,6339,4863,4863,4863
17273,6890,6526,5990,6114,6114
17274,5330,6649,5773,6580,5033
17275,7843,6988,4857,5528,5528
17276,5701,5269,8245,5590,5590
17277,8978,5979,8478,8478,8478
17278,3946,6649,6621,3192,3192
17279,6511,5481,4275,5094,5094
17280,5669,6749,6749,6749,6749
17281,6422,6199,4958,7265,8269
17282,6504,5954,4629,6967,4629
17283,8993,6236,7229,5194,5194
17284,3190,8700,7019,4557,4557
17285,7468,6003,8772,9003,9003
17286,5252,5896,3600,3600,3600
17287,7195,7252,2101,7755,2101
17288,8031,5429,6189,6189,6189
17289,7279,5386,7015,5687,5687
17290,3638,3069,2703,2703,2703
17291,6556,3379,4871,4871,4871
17292,4834,4986,5769,5905,5905
17293,7108,6629,8827,8827,8827
17294,5193,4745,4661,6629,6629
17295,1201,6090,6618,6618,6618
17296,5733,4184,6335,6671,6883
17297,4648,4648,6508,6889,6889
17298,7428,7428,2810,4603,4603
17299,5464,6880,5313,4716,4716
17300,6395,6764,5288,4646,5057
17301,4816,5384,5125,5125,5125
17302,2699,5965,7685,2466,2466
17303,5322,6581,2547,3693,3693
17304,4903,4903,6843,6843,6843
17305,9025,5892,5892,5892,5892
17306,6355,6261,678,678,678
17307,5931,9096,6803,6082,6082
17308,6293,7740,5096,8815,8815
17309,6717,6679,7667,7667,7667
17310,5938,6164,5642,5642,5642
17311,6303,6681,7715,2956,2956
17312,6303,4046,6007,6499,6499
17313,5283,6648,6693,6912,6912
17314,5322,2521,3866,7520,3866
17315,4283,4970,6297,5984,3056
17316,6376,6171,4569,4488,4569
17317,4228,2331,7022,7022,7022
17318,6012,8064,841,5733,5733
17319,896,7002,324,437,921
17320,6216,6216,6730,2965,6730
17321,8649,5916,4928,7514,6715
17322,6711,7378,7953,7953,7953
17323,8119,5221,4312,4606,4282
17324,4803,2690,5353,6886,6886
17325,7099,6622,7843,6541,6541
17326,9219,5121,8989,8989,8989
17327,5699,5036,6661,6426,6426
17328,6427,6702,8331,5879,5023
17329,6447,6708,6365,6365,6365
17330,6016,6772,4768,4730,4730
17331,6263,5151,2491,6328,6328
17332,5689,1883,2533,268,7299
17333,3491,2669,1008,5096,5096
17334,7476,7463,8564,3173,3173
17335,4569,8354,7196,7196,7196
17336,7019,8071,8373,1253,1253
17337,3596,4790,8733,8327,8327
17338,5168,7248,5535,8459,8459
17339,8488,3784,5776,5698,6682
17340,4967,4774,5564,5564,5564
17341,8514,5342,6123,5705,6123
17342,771,3332,3268,2912,5586
17343,8619,6084,5109,4159,4159
17344,5691,5145,6270,5117,5117
17345,6268,7161,5951,2695,7048
17346,2712,6407,6740,6730,6730
17347,6107,6458,8388,6759,6759
17348,5868,5868,1883,1883,1883
17349,7012,7012,3382,6260,8093
17350,2461,5719,1594,5232,5232
17351,4717,5132,8791,4584,4584
17352,3107,6526,7600,7916,7916
17353,5796,5248,5030,5964,5964
17354,2330,5568,2865,2067,2067
17355,4714,4640,4978,4940,4940
17356,4284,4856,4785,4785,4785
17357,6870,9183,8411,7011,7011
17358,7832,6158,6117,7824,7824
17359,8438,5990,8909,9102,9102
17360,8684,5990,8036,8036,8036
17361,8540,7744,4877,4877,4877
17362,5363,5489,4984,4984,4984
17363,6648,5853,4996,6648,6648
17364,6331,6200,3806,6331,3806
17365,2895,5225,4914,7130,7130
17366,5147,8356,7571,8272,1125
17367,5604,8621,2359,8968,8458
17368,7072,7843,8131,9220,9220
17369,6581,6470,4640,5006,5006
17370,4993,4694,6759,6759,6759
17371,7662,8594,6416,8164,8164
17372,4864,6276,6481,7419,5118
17373,6414,4751,4724,8833,8833
17374,7481,5884,3466,5884,5884
17375,6062,6869,6062,6062,6062
17376,3463,3463,6451,6730,6730
17377,6460,3921,4911,4911,4911
17378,6145,6460,5436,6119,6119
17379,6196,6245,6293,6293,6293
17380,7214,5221,4304,4557,3116
17381,8429,6754,5139,5139,5139
17382,7209,8383,8827,7346,7346
17383,5973,7740,4937,7715,7715
17384,7425,5009,5973,5973,5973
17385,5197,6864,5418,7628,7781
17386,6906,4093,6726,3015,3015
17387,3236,9178,6290,7999,6459
17388,4812,5788,3540,3540,3540
17389,5837,7118,8548,8548,8548
17390,6321,9209,7902,7902,7902
17391,5342,9045,5735,7214,6643
17392,4842,5193,5370,5370,5370
17393,5865,6089,5435,5435,5435
17394,5537,6566,5481,5481,5481
17395,7974,5864,6314,6027,6027
17396,6004,5181,3185,5214,2455
17397,7974,6095,6192,4724,4724
17398,6583,8379,8053,4154,8163
17399,6196,6611,5842,7401,7401
17400,7641,3456,2040,7004,7004
17401,6734,5419,6685,5642,6685
17402,6574,4475,3355,5925,6066
17403,7545,6711,2971,2541,6711
17404,7459,6503,4025,6606,6606
17405,7512,6979,4025,1547,1547
17406,4738,5985,7871,6047,6047
17407,6703,4901,4842,4842,4842
17408,6795,6749,5181,5877,5877
17409,7397,6497,6426,6497,6497
17410,5870,5740,6329,5168,5168
17411,5687,5849,5353,5353,5353
17412,6476,6278,6544,6544,6544
17413,4757,4757,6830,6830,6830
17414,6243,5885,6265,905,6265
17415,4757,4757,4757,4757,4757
17416,5146,4667,4807,6295,6295
17417,6012,7976,6021,6021,6021
17418,6256,6893,8038,6893,6893
17419,3062,5428,2487,2487,2487
17420,7198,6596,3073,4205,3073
17421,7016,7369,6170,7525,7525
17422,8327,9199,8975,8975,8975
17423,7630,1193,4660,4774,4660
17424,5724,8606,6104,6104,4930
17425,6324,6714,7553,7553,7553
17426,6739,4258,6328,6212,6328
17427,5453,6263,6825,6825,6825
17428,3160,8303,7474,7474,7474
17429,5201,6333,6333,4867,4867
17430,5709,4254,5674,8773,7147
17431,7445,7522,6333,5147,5105
17432,5115,3566,6655,4898,6655
17433,9230,9061,4645,4645,4645
17434,4487,4677,6650,6431,6431
17435,6396,5163,5163,949,949
17436,1253,4720,6746,6270,6270
17437,4950,4746,6892,6892,6892
17438,6779,5418,5973,6756,5117
17439,6112,5524,3879,4765,3879
17440,4543,4364,5322,5322,5322
17441,6823,6426,6448,6294,5841
17442,5919,5462,5151,8356,8356
17443,8384,7129,7989,7989,7989
17444,2658,2774,8092,8092,8092
17445,5194,6612,8552,8552,8552
17446,6949,5535,6207,5832,5832
17447,5893,5893,3514,3514,3514
17448,2949,2763,5153,5670,5670
17449,5995,5740,9137,6385,3976
17450,1817,3424,185,185,6966
17451,4423,4744,4745,1200,1200
17452,5324,6766,4927,6288,6288
17453,5250,5063,6349,6349,6349
17454,6785,5808,6829,6599,6599
17455,4702,7383,5583,7782,5385
17456,8955,6182,6182,4900,4900
17457,5532,6575,6298,6274,6274
17458,1451,7529,7489,7489,7489
17459,6440,5788,2516,6145,6145
17460,2703,4876,3979,3979,3979
17461,3366,5705,5657,4922,4922
17462,4073,5356,5520,5520,5520
17463,4427,6820,5205,4788,5205
17464,5555,4868,6702,2890,2890
17465,6725,7908,8688,8212,8212
17466,4942,4510,4868,4868,5442
17467,6581,5192,5734,1059,1059
17468,8067,7341,7427,7829,5157
17469,7553,7362,4464,4464,4464
17470,5521,4925,8328,5336,8328
17471,5613,8297,5199,5199,5199
17472,6911,6223,6081,6025,6025
17473,5810,5064,5715,6341,6341
17474,6166,4846,6070,6070,6070
17475,4647,5708,5340,5456,5340
17476,6575,6021,3355,3355,3355
17477,6280,3185,9137,9137,9137
17478,6780,6166,5973,5973,5973
17479,5036,6346,6615,6615,5113
17480,5289,5461,5461,5598,5598
17481,5435,6341,6749,6417,6749
17482,5333,5528,6263,6263,6263
17483,4847,4870,4642,6322,6322
17484,4804,2616,5592,5592,5592
17485,905,5028,5486,5246,5246
17486,6735,6219,4777,4777,4777
17487,6699,6699,6805,6805,6805
17488,6840,9233,5676,5676,5676
17489,4088,5729,4088,4088,4088
17490,6843,5246,5135,6812,4808
17491,4090,3371,7088,2961,2319
17492,7621,9030,7083,7184,8061
17493,8193,5030,5782,5782,6255
17494,6087,5001,5001,4709,5358
17495,6894,9197,5478,4427,5398
17496,3138,4055,7330,4787,4787
17497,7322,5668,5413,6010,6010
17498,8341,6882,9065,7613,7613
17499,8673,7870,2359,8952,2359
17500,4678,5909,4846,4846,4846
17501,6813,6451,6732,6732,6732
17502,5173,697,5355,5387,5387
17503,4697,4689,5755,5755,5755
17504,5193,5799,6246,5039,5039
17505,5248,6269,5039,5039,5039
17506,6625,6774,6625,6044,6044
17507,4981,5944,4603,4603,4603
17508,6708,6801,5388,5755,5755
17509,5178,6658,4891,4891,4891
17510,1104,4819,6648,7400,7400
17511,5601,7474,7975,9148,5962
17512,6808,6726,7710,7710,7710
17513,6646,4802,5137,5188,5188
17514,8740,6847,7216,7216,7216
17515,5201,6486,6567,5810,6567
17516,6486,5581,6892,5727,5727
17517,6446,6176,7782,6533,6533
17518,7428,6724,7717,7799,8435
17519,7823,6491,8435,6491,6491
17520,9219,6038,6205,6724,6724
17521,6784,6331,4629,4629,4629
17522,6388,6860,6860,4291,6083
17523,6355,5785,5466,6615,6615
17524,6666,8082,9062,6391,6391
17525,4826,9170,8854,8819,8819
17526,6650,5775,7091,5771,7091
17527,9164,7049,6729,6729,6729
17528,5429,8949,3364,6003,6003
17529,5659,5631,6816,4671,4671
17530,5747,6527,8409,5225,5225
17531,5525,5982,6116,7919,6116
17532,8624,5559,6214,7130,6214
17533,5707,6084,6649,8047,8047
17534,6560,5483,5556,5556,5556
17535,8388,4999,3878,7442,6927
17536,2345,2432,6033,6033,6033
17537,8573,4932,2706,6392,6392
17538,5784,2408,6041,2685,2685
17539,6650,4143,5290,5290,5290
17540,5668,3217,5494,5494,5494
17541,3228,6217,5949,5949,4009
17542,7889,6140,8365,4976,4976
17543,5690,5449,6689,6729,6729
17544,7267,6189,6463,6729,6463
17545,3264,7994,2382,2382,5998
17546,4726,4768,5094,5094,5094
17547,7136,5498,8518,8518,8518
17548,2908,8546,8039,8039,8039
17549,6251,5128,6111,4845,6111
17550,5411,4545,5702,6438,5550
17551,2994,5522,7528,7528,7528
17552,4807,4905,8605,4801,4801
17553,5637,4955,3314,4618,4618
17554,5557,4929,2875,2875,2875
17555,4929,6879,6879,6879,6879
17556,9136,8056,8056,8056,8056
17557,7982,6825,5114,5114,5114
17558,6780,5644,8331,6713,6713
17559,5460,6514,6888,6888,6888
17560,4096,4964,5785,5023,5023
17561,6573,5118,5942,5041,5041
17562,6022,5507,4650,4650,4650
17563,6728,1962,3409,6276,6276
17564,4644,5260,5426,5426,5426
17565,5080,5863,4960,4960,4960
17566,6112,5241,3630,3630,4673
17567,5627,5438,8137,8023,8137
17568,6461,5848,7955,9104,9104
17569,6032,6032,4876,6527,6527
17570,6032,6032,8831,8580,8831
17571,5030,6483,8488,8488,8488
17572,4956,5979,5567,6521,6521
17573,4762,8390,5167,6185,6185
17574,6371,6140,8625,8625,8625
17575,7730,7473,8659,8659,7127
17576,8031,1976,6436,7068,9037
17577,5001,5517,7321,7321,7321
17578,7565,4821,3979,3979,3979
17579,6104,4783,4193,3441,3441
17580,4741,5251,5306,5782,5782
17581,6528,6070,6427,5093,5050
17582,5011,4011,5011,6693,6693
17583,5458,6619,5983,6139,6148
17584,6289,5214,5825,5822,4964
17585,4384,5508,3282,7551,7551
17586,5872,7861,6011,6606,5114
17587,8884,4573,8096,8688,8096
17588,4698,6695,4923,4923,5992
17589,5023,5844,9182,8665,8665
17590,5104,5104,5104,5104,5104
17591,5162,5076,6349,6349,6349
17592,4808,5129,4808,4808,4808
17593,4743,5692,6643,4772,2516
17594,6980,2658,6705,4987,4987
17595,4987,5280,5081,7528,7528
17596,5034,4716,5366,5366,5366
17597,4830,5433,5246,5433,5433
17598,6880,4651,6208,6178,6178
17599,1708,5550,5785,5785,5785
17600,2499,3741,6817,6701,6701
17601,7318,4796,4080,5509,5203
17602,2419,5704,2554,2554,4948
17603,5619,6805,5339,5339,5339
17604,4889,5053,4482,5979,6743
17605,3804,7063,4684,9106,9106
17606,4635,4956,5142,7794,7794
17607,8191,8542,5567,7801,7801
17608,7120,1308,7423,7754,7754
17609,5822,7021,8814,3505,3505
17610,3416,8819,7830,8057,8057
17611,8303,6799,6168,6168,6168
17612,2312,9053,3664,7813,3664
17613,6163,6104,8548,7947,7947
17614,5626,6454,5859,5859,5859
17615,7079,8953,5425,7577,8007
17616,5690,6536,9164,9164,9164
17617,4803,4895,2329,3507,3507
17618,4803,6541,4803,6541,6188
17619,3891,6753,2407,8467,8467
17620,4629,5928,5928,678,5928
17621,6401,4812,5918,3167,4040
17622,4802,5668,5950,5950,5950
17623,5188,6771,6317,6317,6317
17624,3264,5783,1259,3683,3683
17625,5542,3884,4412,4412,4412
17626,6827,6440,5084,6102,6102
17627,5481,4778,7415,5757,5757
17628,6389,5123,3237,7778,7778
17629,6536,5325,5373,6551,6551
17630,4718,5577,6851,6851,6851
17631,6425,6406,8791,8791,6940
17632,2636,7738,7387,4316,7710
17633,7606,7519,7379,8521,8521
17634,8655,8417,8860,8151,8151
17635,6731,4642,4779,4779,4779
17636,5045,6828,6784,5703,5703
17637,6317,5282,6210,6210,6210
17638,6397,7548,6070,5146,5146
17639,5403,5403,6274,4793,4793
17640,5507,4801,4829,5908,4829
17641,5427,7366,7804,7804,7804
17642,7483,1160,8638,416,416
17643,5606,7450,7360,7450,7450
17644,6082,3770,5593,5593,5593
17645,7485,4847,4637,2345,6616
17646,4687,6726,5426,5426,5426
17647,3968,5730,6376,3026,5363
17648,5730,6499,5220,8326,8326
17649,5730,6499,6763,2906,2906
17650,5284,6612,5302,5302,5302
17651,6260,8787,3050,6260,6260
17652,4802,4969,6503,6039,6503
17653,7700,8981,7246,7849,7849
17654,6372,6535,5879,8331,8331
17655,5005,4667,5094,4323,4323
17656,6525,6641,6077,6077,6077
17657,9199,4137,2971,3332,3332
17658,5643,2841,4381,2841,3061
17659,6829,5158,6829,6829,6829
17660,6790,5536,6908,5536,6908
17661,6349,5063,6764,5351,5351
17662,5028,5953,4701,4701,4701
17663,6917,4880,6252,5165,5165
17664,4792,4701,4659,4659,4659
17665,4992,5770,6241,6241,6241
17666,5409,6790,5374,6790,5374
17667,6762,2968,6842,5910,5910
17668,2489,4405,4114,4114,4114
17669,6985,4112,8303,5246,5246
17670,5443,5994,5065,5065,5072
17671,5116,6678,5103,5103,5103
17672,5484,5384,6969,6179,6179
17673,5996,5301,5676,5207,5676
17674,5128,5299,6906,6906,6906
17675,6718,6276,5362,4510,5362
17676,6708,5191,7265,9182,9182
17677,4096,7307,6716,4809,4809
17678,5128,3518,4472,7613,7613
17679,4775,5213,5323,4809,4809
17680,2455,4985,1085,4918,1085
17681,7412,4558,6005,6005,4018
17682,6217,5088,5821,5783,5783
17683,6737,5759,5771,4892,4892
17684,5121,4987,5367,2890,2890
17685,5451,4454,8968,7528,7528
17686,6659,7883,6894,3041,6003
17687,5273,5273,5273,5273,5273
17688,6494,4107,6408,5049,4649
17689,5142,7166,6371,6371,6371
17690,6902,5676,5676,5676,6398
17691,5658,5103,6501,6114,6114
17692,5246,5144,6785,6369,6369
17693,5761,5999,5999,5999,4777
17694,4740,5277,5716,6219,5716
17695,9187,5131,6820,6446,6446
17696,2949,4304,6308,6308,6308
17697,8728,7258,4893,4893,4893
17698,5178,8575,6643,8992,8966
17699,6397,6372,6846,6119,6119
17700,6632,7062,5993,5993,5993
17701,6407,5230,5802,4629,4629
17702,6502,5903,5903,6703,6703
17703,8912,6428,6204,6198,6198
17704,5627,6953,5864,5864,5864
17705,8176,6928,7576,7576,7576
17706,7154,9046,7672,7941,7941
17707,8117,5115,7952,7952,6166
17708,5021,2965,8228,5355,5355
17709,6561,7338,8145,8145,8145
17710,6631,4856,6516,6516,6516
17711,5539,5539,5539,5539,5539
17712,5539,5539,6134,6288,6134
17713,5622,5784,5010,5010,5010
17714,6533,7996,5446,5446,5446
17715,1756,3410,7002,7002,7002
17716,4454,6754,5614,7574,5614
17717,7265,4827,4899,4899,4969
17718,3860,5661,5856,5511,5856
17719,4802,6705,5769,5769,6577
17720,4626,5280,6035,3566,3566
17721,6775,4970,5396,5396,5396
17722,4936,3817,6530,6530,6530
17723,6382,1084,6018,6018,6018
17724,9038,7188,7275,8726,8223
17725,5897,6408,5897,5897,5897
17726,5897,6678,5118,5897,5897
17727,5897,6408,5118,5118,5118
17728,1798,5242,6469,5881,5881
17729,6580,3893,5546,3333,5398
17730,6096,6880,6343,6343,6343
17731,6042,824,5957,5957,5957
17732,7029,7832,5975,6515,6515
17733,2820,5264,8684,6024,6024
17734,5151,1849,8716,8716,8716
17735,6011,5659,5659,6161,5659
17736,5334,5112,3997,3997,3997
17737,6914,7592,5303,5108,5108
17738,6732,6705,5488,4959,6705
17739,6688,7866,4994,5593,5593
17740,5832,5832,5560,5560,5560
17741,6097,7798,6544,6403,6544
17742,4790,5090,5878,6354,6354
17743,4960,5238,4793,5198,6895
17744,5420,4984,5606,5606,4899
17745,4809,6650,6368,6368,6368
17746,8393,4636,6245,6245,6245
17747,4865,6390,4704,6681,6681
17748,4917,5017,8018,8422,2710
17749,5464,6880,6548,6548,6548
17750,4701,5662,4701,4722,6395
17751,4854,5662,6880,6880,5032
17752,5747,6018,5747,4979,4979
17753,6718,4887,5258,5400,5400
17754,7920,5045,8965,8965,1268
17755,6259,3313,9192,5287,4938
17756,6306,4644,8608,5040,7920
17757,8319,9120,4404,3503,3503
17758,4287,6880,6613,6908,6908
17759,5028,6548,5063,5798,5798
17760,6223,5716,4972,4972,4972
17761,4705,7353,5515,5515,5515
17762,5258,5123,5776,5776,5776
17763,6718,4957,4200,5391,6546
17764,4984,4963,6966,6966,185
17765,1907,1120,7179,7179,7179
17766,7219,6374,6380,2433,6380
17767,6361,4908,4954,7330,7330
17768,4716,4716,5330,5330,5330
17769,3206,6793,5313,7701,7701
17770,3410,4587,5963,5963,5963
17771,5801,5993,6869,4867,6869
17772,7041,5159,8760,6698,6545
17773,5211,6790,5057,5057,5057
17774,4917,6764,4701,4701,4701
17775,5835,4912,5363,5363,5363
17776,5004,6901,6355,6430,5022
17777,6179,3445,4814,6064,6064
17778,5303,6677,4925,4925,4925
17779,5913,7527,3267,3267,3267
17780,6069,4496,9157,9157,9157
17781,5512,4976,7166,7835,7835
17782,6058,5314,5216,5445,5445
17783,5994,6058,6762,5441,6058
17784,4331,5110,4728,4728,4728
17785,3160,5983,5859,5859,5859
17786,4185,6247,3157,3157,3157
17787,4402,3843,8054,8054,8054
17788,7553,5574,8303,8047,8047
17789,4678,6907,6198,5747,5747
17790,6728,5558,5606,5606,5606
17791,4625,5104,4651,5277,5277
17792,5158,6349,6046,6046,6046
17793,2465,9217,5425,6215,6215
17794,8712,5091,6820,6366,5091
17795,6549,6499,6565,6565,6565
17796,5483,6820,6820,6820,6820
17797,6186,7117,4922,1952,1952
17798,6058,6497,6222,6058,4879
17799,4728,4728,4728,4728,4728
17800,6385,6704,8069,6489,6489
17801,2730,5431,7875,6852,6852
17802,4440,8069,6489,3697,6864
17803,5667,5333,6784,6784,6784
17804,5435,4674,4901,4901,4901
17805,5435,4901,5760,5760,5760
17806,3905,8993,6373,5860,5371
17807,7327,8590,6991,6991,6991
17808,6267,7308,5153,6016,9022
17809,6428,5396,5525,5525,5525
17810,6068,5171,6438,6438,6438
17811,4953,5123,4627,5123,5621
17812,6157,1910,5457,5254,5457
17813,5555,5497,5008,5254,5254
17814,5101,6670,7227,8606,8606
17815,5482,8832,4922,2783,2783
17816,7571,5529,4004,6709,2385
17817,7305,6664,5439,6154,6154
17818,6517,5232,4763,4763,4763
17819,8549,5343,7715,7715,7715
17820,6444,4922,5128,5128,5128
17821,4909,4909,8620,8620,7001
17822,5080,5182,4620,4620,4620
17823,5353,2381,6630,5888,5888
17824,2965,4269,3127,4799,3700
17825,4602,4501,4787,4787,2664
17826,4075,3901,6654,2733,2733
17827,5928,3292,4014,4014,4014
17828,4841,4405,5685,4922,4771
17829,5958,5434,5769,8710,8710
17830,3026,7615,4440,4440,4440
17831,7529,4519,5592,5592,5592
17832,6430,5181,5456,8235,6688
17833,8911,5852,7619,6595,6411
17834,6294,5784,6250,6280,6280
17835,4829,8546,4706,6889,6633
17836,6163,6302,4032,1415,5247
17837,6540,4721,4764,5745,5745
17838,6016,6870,2872,2872,3256
17839,5681,5413,5769,4965,4965
17840,4623,4623,6199,6199,6199
17841,6413,5412,1059,5412,5412
17842,7171,7881,8564,6296,6296
17843,5919,5867,7996,7996,7996
17844,6543,8680,6560,8287,6384
17845,6451,3311,3889,4472,4472
17846,6762,5484,6212,5408,5408
17847,6281,5021,5347,5347,752
17848,7193,3771,6888,4861,6888
17849,7700,7904,8497,9122,9122
17850,6112,2902,4867,5092,7481
17851,5741,5201,5363,5363,5363
17852,6341,5647,6124,5991,5991
17853,7114,5360,6556,6556,6556
17854,6230,2402,5053,5053,5053
17855,4268,5735,4003,4561,4003
17856,4967,6289,6251,6251,6251
17857,3674,7764,694,7623,7623
17858,7098,7669,5411,6195,6195
17859,4663,5938,4663,4682,7288
17860,2554,6499,4681,4681,4681
17861,3368,3801,3693,3693,3693
17862,5140,3520,7883,8813,8813
17863,6591,5256,3156,3156,6762
17864,6832,5305,4693,5216,5216
17865,2845,5803,5354,5354,5882
17866,6224,6500,5792,6500,6500
17867,8561,6444,6510,6510,6510
17868,4663,4858,5100,5100,4697
17869,4734,2055,631,8976,3264
17870,4739,6125,4764,4764,4764
17871,4807,5154,6449,4807,4807
17872,4235,6774,5078,5078,5078
17873,4894,4793,6283,6283,6283
17874,5962,8561,8515,8515,8515
17875,8463,5507,6147,6830,6830
17876,4080,3742,9200,5139,5139
17877,5507,4422,5564,5564,5564
17878,6273,6463,3724,6836,6836
17879,8850,5613,5626,5613,6279
17880,5313,7285,8791,8791,8791
17881,7283,5434,5995,6200,6200
17882,7098,6853,7164,4670,7258
17883,5489,5489,5489,5489,5489
17884,6910,5369,6199,7465,7465
17885,5537,8337,6606,4699,6606
17886,8342,7892,566,7117,7712
17887,6768,6472,8341,5572,6264
17888,6472,5950,6705,6705,4802
17889,8275,8693,6152,5670,6152
17890,4868,8198,8260,8260,8260
17891,5839,4773,4771,5623,5623
17892,1310,1092,6966,6966,185
17893,6438,5531,5661,5698,5698
17894,5236,4689,7997,5825,5825
17895,7056,6899,4945,3979,5654
17896,4926,5516,5761,5516,5761
17897,5761,4736,5953,5076,5953
17898,4727,5999,4754,4754,4727
17899,5419,4878,5150,5150,5150
17900,6755,5978,5746,6417,6417
17901,5667,5357,5150,5150,5150
17902,6794,7600,7985,3397,3397
17903,2409,6084,6274,6274,6274
17904,8185,7770,142,606,606
17905,7530,6834,8251,8251,8251
17906,7532,5292,6899,5836,5836
17907,8911,2312,4881,8324,8324
17908,5909,3514,6105,6105,6105
17909,5900,5851,8992,7005,7005
17910,7468,4775,7080,7080,7080
17911,3033,3033,7474,6686,6686
17912,9183,3631,2872,4743,5265
17913,5243,6830,6125,6125,6125
17914,8060,7638,2363,2363,2363
17915,5421,5714,7381,4786,7487
17916,5421,5336,5211,5211,7611
17917,6040,8936,5556,5556,5556
17918,6663,5460,6224,5460,6224
17919,5647,6090,4707,6090,6090
17920,7440,5451,3631,3631,3631
17921,8683,2768,7098,5992,5963
17922,5705,8167,5393,6243,6919
17923,5273,5884,5930,5930,5930
17924,6033,8736,2346,2346,2346
17925,5059,6762,6299,5059,5059
17926,8260,2660,3974,5682,3974
17927,6424,8000,8287,8000,8000
17928,8760,8000,8760,8760,8760
17929,6761,6060,5639,5639,5639
17930,8813,4874,6955,6955,6955
17931,6150,8713,127,7409,7409
17932,6046,5065,5761,5351,5351
17933,4808,6134,5102,5208,5901
17934,5351,5208,5144,6880,6880
17935,6609,4720,5896,5896,5896
17936,7442,5254,5356,5356,5356
17937,5332,4751,5225,6844,6844
17938,5395,5954,5401,6163,6163
17939,4737,5895,8596,8596,8596
17940,5643,5950,5950,5950,5025
17941,6868,6718,6637,6718,6445
17942,8734,9095,5585,5585,5585
17943,6356,9107,4987,5767,5767
17944,2472,4420,6730,5359,6546
17945,6243,5677,5445,4738,5685
17946,5024,5359,5359,6546,6546
17947,4996,6920,5737,5737,5737
17948,5692,4752,5099,5099,6348
17949,6341,6341,6341,6341,6341
17950,8400,7214,5353,6214,5353
17951,5221,5718,7871,6873,7871
17952,5320,7871,8156,6589,6589
17953,3237,5525,8082,8082,8082
17954,4829,5140,5423,8710,8710
17955,7214,1218,6808,6974,7020
17956,2956,8839,2040,3878,2040
17957,5855,6072,7222,8875,3867
17958,6476,6061,4440,7522,7419
17959,4865,5203,8691,2491,2491
17960,8131,6804,5252,5252,5252
17961,7285,7325,8129,4088,4088
17962,8208,6245,5014,5014,4720
17963,6845,5968,5846,5846,5846
17964,8283,3351,5652,3908,5652
17965,4694,5675,9105,4648,4648
17966,5882,5322,2578,3354,3354
17967,5562,7715,8213,8213,8213
17968,4962,3159,5334,4172,4172
17969,3333,6946,3343,3343,3343
17970,7755,6178,8158,6253,3676
17971,6698,7100,5535,5535,5535
17972,6679,5407,5869,5869,5869
17973,5303,5849,8468,8864,8864
17974,8223,7312,7312,5725,7312
17975,8863,5462,3123,3123,3123
17976,7813,7445,8964,4535,4535
17977,7811,7063,7128,5567,5567
17978,2639,4068,4066,6494,6494
17979,6865,5567,2851,8715,6631
17980,5537,5088,5357,6397,6397
17981,6528,5792,6795,5333,4704
17982,2476,9095,8546,6643,6643
17983,8810,6898,8470,8321,8321
17984,6513,4494,4821,5268,5268
17985,1594,6327,4764,4558,4764
17986,8360,6416,6416,6416,6416
17987,6583,6319,5194,6331,8585
17988,6318,4870,8622,8622,8622
17989,8548,5041,7947,5264,6123
17990,6186,7571,6411,8856,8856
17991,8236,7614,5289,6419,6419
17992,6073,1612,869,7504,869
17993,6113,7772,9181,4983,9181
17994,6073,48,7465,5934,5934
17995,5443,5994,6591,5443,5443
17996,6395,5443,5125,6613,6613
17997,5443,6277,6395,6395,6395
17998,7147,4282,3860,5701,5701
17999,6886,8651,3224,8557,8557
18000,5672,6359,6179,1886,1886
18001,6140,6516,7195,7195,7195
18002,5383,5472,5429,5301,5301
18003,6660,5111,6453,5167,5167
18004,3156,3156,3565,3565,3565
18005,6469,3932,2356,3978,2356
18006,4982,3569,6026,2408,2408
18007,4550,4323,3217,3217,3217
18008,8447,6487,5060,5842,7401
18009,7283,7164,8473,7545,7545
18010,6610,5574,6522,4738,4738
18011,9153,1949,2564,6859,6859
18012,4234,3173,3173,3173,3173
18013,6808,5469,5352,5352,5080
18014,6723,4806,5387,5387,5387
18015,6042,5616,5657,2489,2489
18016,8191,8088,8125,8162,7361
18017,5752,6058,5443,6395,6395
18018,2813,5429,5826,5697,3419
18019,6855,5338,6784,4796,4796
18020,9113,7930,2912,3642,3642
18021,7994,6703,5781,8693,8693
18022,8816,6658,2657,2657,2657
18023,3424,7669,2967,2967,2967
18024,8233,4194,4891,4891,4891
18025,6716,4764,4619,6707,6707
18026,5177,4992,5493,5493,5493
18027,8783,2666,2397,6916,6916
18028,6639,6639,5432,5432,5432
18029,5232,4764,2670,4536,4536
18030,6832,5015,5344,5344,5344
18031,2214,7300,5655,3588,3588
18032,4872,4715,6787,6787,6787
18033,7029,8139,3272,6797,3309
18034,6405,586,5885,4723,4723
18035,6563,6889,8693,4809,4809
18036,5431,8436,5023,5023,5023
18037,5998,4796,5155,5004,8635
18038,5784,4828,6202,8487,6244
18039,4275,4643,6786,6907,5825
18040,4920,6503,5571,6786,6352
18041,6822,5991,3456,3456,3456
18042,8208,2541,6039,8008,8008
18043,4704,4971,4656,4656,4704
18044,8123,7915,4893,4893,4893
18045,5872,5824,4704,4704,4704
18046,6503,7803,5264,5264,5264
18047,5563,5058,5068,2516,2516
18048,6474,6974,8726,5215,4711
18049,4275,6318,4920,4920,4920
18050,5420,5809,5757,6023,6233
18051,5310,6132,4187,6456,6456
18052,4916,7066,6497,6497,6497
18053,6672,4085,2737,6606,6606
18054,4535,2764,9054,4444,2613
18055,6773,3298,5984,7761,5984
18056,3298,4373,3569,3162,3162
18057,8037,6510,9091,9091,9091
18058,5628,5156,8699,7625,5156
18059,4833,5499,5214,5904,6507
18060,6566,6264,6862,6243,4796
18061,5004,6443,5639,4723,4723
18062,6864,6430,4160,4160,4160
18063,6926,7912,5993,4998,4998
18064,4692,6407,5767,6885,6885
18065,8435,4987,4305,4802,4802
18066,6368,6642,5002,5002,4801
18067,4954,6085,6766,6766,6766
18068,6138,6593,4880,5366,5366
18069,5560,5560,5339,5339,5339
18070,5096,6709,5892,1233,1233
18071,8236,8113,5870,5178,5178
18072,7951,8344,8456,3453,7343
18073,5716,5765,6350,4921,6350
18074,5557,4912,4639,4639,4639
18075,5663,5246,6350,5208,5208
18076,6383,9016,7266,7266,7266
18077,5889,6494,6578,6578,6578
18078,6085,4761,5937,4762,4625
18079,5557,5161,4792,5161,5161
18080,6613,9011,4822,4822,4822
18081,6490,5600,5673,5557,5673
18082,5540,6041,5782,6459,6459
18083,7714,4938,4304,4304,4304
18084,6848,9143,3051,8011,3051
18085,6922,4996,5853,5853,5853
18086,4971,4828,5333,4971,4971
18087,6922,7861,6820,6820,6566
18088,8144,8144,5225,9062,9062
18089,6091,6700,2895,4743,4743
18090,8677,6017,4958,5369,5369
18091,4659,6805,6805,6805,6805
18092,4701,4921,6590,5663,5663
18093,5314,6234,5017,5017,5017
18094,6219,4884,6766,4884,4884
18095,3859,5760,2582,6309,6309
18096,6080,2801,6490,5218,5218
18097,5000,6529,4880,5650,4880
18098,3775,3223,3604,3786,3786
18099,6884,6223,6570,6587,6025
18100,6621,2736,6261,846,6659
18101,4750,2982,6519,4992,4992
18102,6467,3892,3099,8643,6328
18103,6115,7149,2529,2529,2529
18104,6789,3632,6455,6455,6455
18105,9120,3632,7104,7104,4915
18106,6497,6677,7004,5557,7924
18107,5032,8080,7586,5491,5662
18108,5032,6677,6526,6526,6526
18109,7399,4190,9224,6109,6109
18110,3281,6543,3302,4144,4144
18111,6189,5579,9131,8446,8446
18112,2158,6624,5499,6147,6147
18113,6610,5755,5260,5260,5260
18114,5896,6813,7080,6507,4775
18115,7629,4749,5587,5587,6042
18116,4668,6301,6306,6306,6306
18117,8518,9148,8279,8923,8923
18118,5765,6735,6760,6760,6760
18119,6288,5246,6288,6288,6288
18120,5491,5671,2101,2101,5294
18121,3351,4712,5866,8156,5599
18122,5456,8306,6320,6146,6146
18123,2990,5171,7861,8231,8231
18124,8004,8004,8648,4761,4761
18125,9130,7158,8289,7666,7666
18126,8730,8131,7280,8636,7280
18127,5596,8006,5955,5955,5955
18128,8557,5142,7794,7794,7794
18129,5580,6969,8803,5800,7096
18130,5799,6356,5670,5844,5844
18131,6892,5753,6566,7337,7337
18132,9169,7824,7217,5585,5585
18133,5339,4721,5541,5541,5541
18134,4825,5739,5568,5568,5568
18135,6100,6040,7642,7642,7642
18136,6610,5400,5088,5803,5803
18137,5489,5976,5938,5489,5489
18138,5372,7866,4905,6298,4905
18139,6469,7538,5374,5374,5043
18140,7691,3888,2646,6159,6159
18141,8245,5017,5390,7616,7616
18142,5184,5279,5982,5982,5279
18143,6363,6832,4934,4934,4934
18144,4620,5737,6200,6005,6005
18145,5880,6699,5299,5880,5880
18146,6407,5966,6317,6317,6317
18147,6624,6624,5149,5149,5149
18148,8905,9091,6347,7431,7431
18149,5535,3065,6499,5480,4855
18150,1318,6549,6549,7173,7173
18151,4958,1464,5561,5561,5561
18152,6090,6018,6286,5802,5802
18153,4817,4817,6682,6031,5698
18154,8746,5453,5260,5260,5499
18155,5923,5109,5592,5011,5592
18156,6708,4779,5719,5053,5053
18157,8705,7710,5108,5108,5108
18158,4887,7368,5274,8989,8989
18159,7314,3741,4420,6126,4420
18160,5849,5030,5084,5084,5084
18161,7669,7669,8923,6993,6993
18162,6053,4785,6040,4665,4665
18163,9217,7694,6312,6312,6312
18164,5613,8460,5831,5831,5831
18165,7285,6323,8866,8423,7405
18166,5525,6031,6031,3784,3784
18167,5747,6438,5747,5747,5747
18168,8036,8251,5237,2657,2657
18169,7155,8202,5227,5182,5182
18170,6169,3784,9187,4688,4688
18171,4677,9028,6331,6644,6644
18172,5710,8000,8783,8783,5229
18173,7889,6454,5626,5626,5626
18174,3180,2656,5374,5374,5374
18175,4917,6814,6790,6790,6790
18176,5175,5390,5217,5217,6829
18177,6764,5953,6902,6902,6902
18178,4730,6308,5507,6542,5543
18179,5416,2877,4805,6779,6779
18180,3771,3150,6779,6022,6779
18181,2951,5006,6188,6894,6188
18182,6059,1886,2837,7961,2837
18183,3451,4126,4930,4930,4930
18184,5214,4962,5426,4962,4962
18185,3329,6064,4730,5226,4753
18186,5556,7606,5418,5418,5418
18187,7595,5398,8245,8245,8245
18188,7665,7641,7745,7745,7745
18189,5968,3217,6158,4873,4873
18190,6367,6285,6606,5462,6367
18191,4622,5919,5460,5460,6866
18192,6822,7661,4409,6075,6075
18193,3181,6004,1458,1458,1458
18194,4979,6004,6859,6859,6859
18195,4911,4952,1949,1949,1949
18196,6205,5070,6401,6924,6924
18197,6315,1984,7681,7681,7681
18198,4733,5509,6433,6433,6433
18199,4930,6872,5252,5252,5252
18200,6630,3824,6089,4636,4636
18201,4677,5790,5834,5834,5834
18202,6339,6106,6158,5604,5604
18203,4260,3804,4008,2346,2346
18204,5425,7254,4725,3226,3226
18205,6413,4359,2958,6906,2958
18206,6808,7686,5905,5905,5905
18207,2128,2994,9113,9113,9113
18208,6805,6548,4701,5953,5953
18209,6880,5980,4658,4658,4658
18210,5650,4701,5288,5288,5288
18211,5785,8597,5100,5558,5558
18212,4211,7967,6087,6054,6087
18213,3068,6286,4987,5341,6257
18214,3485,5181,6037,5181,5181
18215,3008,4154,5378,3100,5378
18216,6918,2372,6452,6452,6452
18217,4972,4982,6555,5031,6555
18218,6392,6957,6972,9141,9141
18219,4982,5889,6634,6634,4839
18220,2865,4647,2865,2445,2445
18221,2429,2815,6225,6225,6225
18222,8424,3998,9210,9210,9210
18223,4969,5809,5844,5844,5844
18224,6039,5964,4835,6535,5420
18225,5966,5598,5637,5783,5783
18226,6661,6844,151,5903,5903
18227,5597,4705,6368,4705,4705
18228,9145,5265,6419,4743,4743
18229,5220,5136,4722,5220,9057
18230,5143,5220,5801,8985,8846
18231,6316,6616,6616,6698,6616
18232,5173,7335,5173,5585,5585
18233,5173,5173,5173,5173,5173
18234,5173,5108,6356,6282,4795
18235,8206,4731,6822,5986,6822
18236,4234,7198,6466,7778,7778
18237,6403,4663,6117,6117,6117
18238,4496,4925,7701,7701,7701
18239,3329,4594,6659,6659,6659
18240,6659,6444,5033,6659,5033
18241,7652,7225,7652,7652,7652
18242,7974,1564,1564,5181,5181
18243,8324,7995,7383,4769,4769
18244,4953,5862,6982,7346,5412
18245,6703,6127,7721,5606,5606
18246,6784,6920,5213,4275,4275
18247,5450,6208,4926,4785,4785
18248,6115,6297,5937,4625,4625
18249,5082,4939,4939,5022,5022
18250,9224,1241,5242,8411,8411
18251,4247,7431,7886,4978,7431
18252,6894,5447,6142,6142,6142
18253,7053,8697,8322,7816,7178
18254,6647,4223,2864,6963,6963
18255,8540,8675,8895,8895,8895
18256,5060,5973,6744,8463,8463
18257,6133,7740,5060,6600,6600
18258,6744,2372,6744,6744,6744
18259,7128,8744,7653,8744,8744
18260,7720,7137,5226,9070,9070
18261,8196,5547,8828,8828,7965
18262,4802,5839,4987,5361,5361
18263,5762,7401,6152,5879,5781
18264,6703,4942,6579,5361,6579
18265,5401,4834,6825,6825,6825
18266,5839,6784,5767,5767,6682
18267,6624,5865,5396,5511,5511
18268,5289,6466,6341,6934,6934
18269,3165,5254,5254,2649,2649
18270,4667,6329,6329,5974,6329
18271,6062,6775,6661,6661,6661
18272,5942,5188,5188,5143,5143
18273,1928,1552,2211,601,601
18274,7974,6012,6771,6771,6412
18275,6100,6173,5197,6061,6061
18276,6798,5307,5537,5643,5537
18277,5364,5198,6327,6327,6327
18278,5924,6442,8601,8601,6854
18279,6682,1980,5767,6682,5767
18280,5101,6388,7837,6388,6388
18281,6438,6407,5073,4510,4510
18282,6413,6715,8461,7999,7999
18283,9126,7141,6031,7248,6031
18284,1910,4801,3800,4304,5504
18285,4892,6440,1201,1423,1423
18286,6358,5832,5853,6228,6228
18287,5501,8771,4845,4353,4845
18288,5854,6070,6228,6228,6228
18289,4928,5008,5180,6732,6732
18290,4833,6813,4359,4359,4359
18291,6093,5435,5435,5435,5435
18292,9057,9057,5671,5671,5671
18293,6510,6285,8453,6362,6362
18294,5650,6524,6613,6863,6863
18295,4054,3007,6304,6304,6304
18296,6087,5012,6364,6364,6364
18297,5892,5892,4161,4161,4161
18298,2840,6273,2407,2407,2407
18299,5684,5684,5684,5684,5684
18300,5104,5684,5684,2334,2334
18301,5511,5050,5667,6813,5667
18302,4860,5832,2098,4860,4860
18303,4766,6044,4766,4766,4766
18304,4732,4732,3456,6171,6171
18305,6779,4998,6090,4937,4937
18306,4732,4732,4416,4416,4416
18307,6314,4454,6881,5813,4652
18308,9219,6837,8598,7478,7478
18309,8284,8819,8819,8819,8819
18310,6793,6793,6548,6548,6548
18311,5876,4043,6622,6622,6622
18312,5686,6588,7647,5277,7647
18313,7573,8103,7703,2906,2906
18314,4820,5569,6340,9172,9172
18315,8661,4909,5209,6066,5895
18316,5739,7299,7732,7732,2323
18317,8394,1829,280,280,280
18318,8896,9145,8792,7637,7637
18319,4878,5885,4878,4878,4878
18320,5734,4472,6656,4799,2605
18321,6887,5872,4920,5576,5576
18322,7142,8514,2324,7142,7142
18323,6021,7047,6021,6021,6021
18324,7043,4910,6021,6021,6021
18325,5408,6698,9105,8213,6698
18326,5923,6043,6417,4720,6016
18327,4855,6698,5220,5220,5220
18328,3866,3997,6772,5830,5830
18329,6863,6649,4694,4694,4877
18330,6617,6471,5818,9197,9197
18331,4720,5302,5355,5998,7551
18332,6709,4743,3351,7931,6926
18333,7813,8215,6254,3441,8458
18334,6624,5461,6430,5022,5022
18335,5823,5823,4691,4691,4691
18336,2268,587,2244,506,506
18337,5160,5789,6860,5941,6049
18338,5688,6368,5100,6899,4729
18339,1695,6801,6700,6896,6896
18340,8765,4779,6784,6784,6784
18341,4669,4957,6784,5230,6784
18342,4713,8503,8323,7529,6176
18343,5930,5344,5033,5380,5930
18344,6891,6499,6394,4721,4721
18345,5059,5517,6880,6880,6880
18346,7187,6349,6605,1647,1647
18347,5277,4754,4927,4927,5579
18348,6463,7529,3727,4436,4436
18349,4832,4716,6818,5766,8455
18350,5007,7381,6085,6085,6085
18351,6656,7242,4956,7111,5955
18352,6901,6470,6261,5198,5198
18353,6580,4651,5491,5491,5491
18354,5557,1946,2680,2680,3483
18355,5648,5184,3835,7654,7654
18356,5969,5311,6040,8958,8958
18357,5969,6779,6639,6639,6639
18358,4806,8045,8521,8521,8521
18359,6817,6078,3486,506,506
18360,5724,4779,5413,5413,5413
18361,8899,5338,4955,4955,4771
18362,6752,6168,5944,6737,5944
18363,6714,6374,5346,6451,6451
18364,6374,6116,6363,5785,5785
18365,6407,6116,6718,6718,6718
18366,6868,6751,4960,4960,4960
18367,5382,6188,6188,6188,6188
18368,4728,7204,5220,5220,5220
18369,4659,6144,5766,5766,5766
18370,4862,6513,6522,6522,6522
18371,4913,5526,9025,9025,9025
18372,8916,6513,5942,5189,5189
18373,4736,5472,5144,5144,6134
18374,3333,5798,5031,5031,5031
18375,5977,8691,4482,2745,2745
18376,8369,6000,7369,2407,6000
18377,6401,6000,5985,7087,5985
18378,8956,3794,4460,7947,7947
18379,5230,6193,4729,6431,6431
18380,7574,7446,5863,5863,5863
18381,6307,6307,5171,5621,902
18382,3898,4857,3275,8396,8396
18383,5262,8328,6398,8168,8168
18384,6349,6304,4649,4649,4649
18385,6219,4889,5162,5162,5162
18386,5318,6272,6764,6764,6764
18387,5517,6222,8485,6883,6883
18388,5583,5372,6113,6203,7122
18389,3005,4643,6137,1564,1564
18390,3113,4966,4262,5535,5535
18391,7265,9227,3467,2977,2977
18392,2463,6028,2975,8149,8149
18393,5612,5946,6010,6010,6010
18394,8636,7971,7809,8686,8686
18395,5405,7292,7235,7235,7235
18396,7190,4088,6781,3838,3838
18397,4824,905,5246,5464,5464
18398,5246,5663,5650,5246,6917
18399,905,5663,5626,5626,5626
18400,5629,5720,5470,5470,5470
18401,7066,3127,6704,5205,5205
18402,7114,8816,9090,4844,6014
18403,5010,5931,5569,7758,5914
18404,7041,7732,4793,8987,8987
18405,3208,3095,8078,3033,3033
18406,5796,6965,4650,4642,4642
18407,9209,6311,5198,4730,4730
18408,8726,5854,8856,8856,8856
18409,6448,6615,5309,5062,5062
18410,4996,6295,6749,6749,6749
18411,6013,6573,5615,3808,3808
18412,6769,6071,6724,6724,4668
18413,6427,4668,5514,5514,5514
18414,3237,7866,5835,6910,6450
18415,6005,6265,4650,6609,6609
18416,5603,4629,5928,5928,5928
18417,5702,3739,3389,3389,3389
18418,6215,6235,461,5800,7971
18419,5207,4754,5579,5729,5729
18420,5539,5594,2745,2745,2745
18421,6737,6171,5436,6039,6039
18422,6562,4407,7459,8348,7459
18423,6198,7659,7360,5302,5302
18424,4703,7586,4703,6814,6814
18425,6849,4816,4816,5876,5876
18426,4912,4691,5798,5022,5022
18427,6798,5113,5389,5622,5389
18428,4080,6228,8826,6206,4882
18429,5506,5618,5439,4663,5439
18430,6614,4665,7469,7469,4726
18431,3351,6713,7107,6839,6839
18432,5501,6187,7759,6280,6786
18433,2868,9146,5254,5254,5254
18434,6019,6209,6158,6158,6158
18435,6171,4506,4205,2992,6755
18436,5603,7517,7681,5364,7681
18437,5407,5407,4945,6331,5743
18438,6004,4826,5797,6431,2869
18439,6598,7902,4420,4815,4815
18440,6291,6546,5359,5359,5359
18441,6322,5799,5210,5210,5210
18442,5849,7147,6630,8303,8303
18443,7216,8285,5813,5813,6324
18444,8864,6389,6270,5502,5502
18445,5207,5207,5711,5711,5711
18446,5711,7195,5301,5167,5167
18447,5207,5686,5579,5579,5579
18448,5249,6814,3876,3876,3876
18449,5609,6548,6593,5486,6593
18450,4740,6593,6593,6593,6593
18451,5320,5616,6018,6652,6018
18452,5216,2977,6225,6225,6225
18453,5774,3983,3983,3983,3983
18454,2908,6197,6449,6834,6834
18455,6868,6376,6450,6450,6450
18456,6306,6827,6306,6306,6306
18457,6281,5949,1059,6847,7722
18458,6750,5515,6750,5738,5738
18459,6031,6391,6391,6388,6388
18460,5234,6065,8621,5707,5707
18461,7435,5615,5153,5153,5153
18462,3798,6263,4720,3217,3217
18463,7935,6547,5507,6713,6713
18464,6337,8515,4790,5560,4790
18465,5095,4953,6640,5084,5084
18466,4775,6507,4833,5124,5124
18467,3420,9148,8393,8393,8393
18468,7332,5962,9148,9148,9148
18469,5200,5087,4736,5920,6753
18470,6599,5200,6272,6272,6272
18471,6223,5111,5144,5144,4816
18472,6531,6692,4674,4674,4674
18473,5868,5444,3200,9145,7080
18474,6692,6692,5745,3200,3200
18475,6410,3645,6159,6159,4777
18476,6081,3783,5765,5765,5765
18477,5450,5551,5450,6114,6277
18478,6456,5345,2803,2803,2803
18479,7804,5822,4958,4958,4958
18480,6456,5025,6230,4401,4401
18481,6010,8598,8598,7858,8598
18482,5041,8471,8234,8234,4655
18483,6690,7871,8003,7021,7021
18484,5939,4313,6074,6074,6074
18485,5576,5628,4910,4910,4910
18486,4980,4343,3372,5108,5108
18487,5746,6648,6097,6097,6097
18488,5151,6127,6886,5154,5599
18489,5094,5010,6097,5320,6720
18490,5875,4728,5875,7779,7779
18491,5093,5542,5537,6579,6579
18492,4149,7701,3570,5935,5935
18493,6529,5065,3857,3857,3857
18494,6019,5316,8193,8193,6890
18495,6019,5317,2973,5111,5111
18496,8907,3768,7086,2546,2546
18497,7611,7236,5714,7076,7076
18498,7676,8567,8511,8903,8903
18499,6783,4700,6097,5737,5737
18500,6873,8174,6612,5723,6612
18501,7954,7700,4768,4768,4768
18502,5111,5752,6735,6735,6735
18503,5318,5980,4921,4921,4921
18504,4926,3461,5729,5317,6325
18505,7455,5574,6748,7908,3803
18506,8250,7792,8011,6938,6938
18507,9030,8380,8380,7654,7654
18508,6944,5492,4646,4646,4646
18509,6087,6359,5772,9152,9152
18510,8675,5710,3737,3488,7774
18511,6012,7972,7972,7972,7972
18512,4731,3466,5556,5556,5556
18513,7324,4844,4941,4941,4941
18514,5874,4736,5874,5874,5874
18515,5981,5175,6875,6875,6875
18516,6829,6829,6304,4884,4884
18517,6210,6615,4835,4835,4835
18518,5628,4864,6528,5622,5113
18519,5531,5893,5235,3351,1268
18520,1153,8518,4196,5480,5480
18521,5568,8306,4507,8306,8306
18522,5708,4665,8754,8754,8754
18523,5096,5776,5776,5776,5776
18524,6737,4778,6211,5020,5020
18525,6705,5776,6246,7495,7495
18526,4440,7912,6864,6864,6864
18527,5099,3815,6285,6285,4793
18528,4550,4154,5973,3900,3726
18529,5569,6624,5537,5537,5298
18530,6868,5151,2325,5151,5096
18531,6243,6243,5888,6243,889
18532,7120,5971,6703,7153,7153
18533,5621,5817,6638,5811,5811
18534,5839,5515,6901,6901,6901
18535,6323,2720,5085,5085,5085
18536,8125,4649,7174,6332,6332
18537,3153,3584,2585,2585,3395
18538,4840,5993,5227,6503,6503
18539,5534,6560,2865,7873,2865
18540,5014,6886,6741,5254,5254
18541,6048,8995,5701,3107,9014
18542,6969,6521,4907,5270,7187
18543,5034,6677,8193,4880,2742
18544,5075,5886,4897,4953,4953
18545,3944,5019,5520,5520,5520
18546,5306,6074,6146,6146,6146
18547,6344,6163,6163,6163,6163
18548,5069,6907,5198,5198,5198
18549,5275,2938,4820,5156,7451
18550,6193,4997,8285,8285,8285
18551,5835,5191,5422,7216,7216
18552,5653,6817,8601,8601,8601
18553,6176,3840,6507,6507,3774
18554,5851,9183,5182,5970,5182
18555,5462,2695,3520,3520,3520
18556,4879,5339,5910,5910,5910
18557,4785,4785,4785,4785,4785
18558,4147,5999,4694,5719,4694
18559,4946,5137,3032,3032,3032
18560,4129,4833,5685,5745,5745
18561,5904,5962,2807,3420,3420
18562,6598,7155,5419,3900,3900
18563,4909,5899,5271,4994,4994
18564,5657,5445,5170,5170,5170
18565,9212,4959,6658,5630,6658
18566,5485,6321,7464,8180,8180
18567,6976,8178,7135,7135,7135
18568,7433,7630,7424,8551,8551
18569,6319,5308,9038,4975,4975
18570,8812,8726,8472,7108,7108
18571,6475,6475,4756,4756,4756
18572,3345,2994,3626,3626,5536
18573,5304,6475,5433,5433,5433
18574,5652,7020,5428,7440,7440
18575,4999,5902,4935,4935,4935
18576,5064,5733,4752,4965,6798
18577,5293,6278,6278,6278,6278
18578,6820,2551,6100,2551,2551
18579,6664,4834,3639,2551,2551
18580,7915,7427,7855,7855,7855
18581,4881,7239,6873,5140,5140
18582,5231,7940,5505,5505,5505
18583,5627,7489,5423,6873,6873
18584,5728,6366,6366,6870,6870
18585,8680,3770,6346,6832,6832
18586,8447,4628,2592,6572,6572
18587,5050,7369,6853,8541,8541
18588,6112,5718,6061,6061,6061
18589,8716,1849,6857,6646,6646
18590,6360,6232,4971,7982,4971
18591,6677,5293,6498,2325,2325
18592,3236,4992,6473,5921,6473
18593,6636,5670,4304,4919,4919
18594,4965,5093,4965,4965,4965
18595,6106,6030,4804,6048,6048
18596,4422,4507,7883,5306,5306
18597,5672,5975,8593,8593,4026
18598,5503,6274,7598,7598,7598
18599,3069,8368,4505,6856,6856
18600,7996,1756,6457,2657,6457
18601,6664,5961,4361,4897,4361
18602,3368,3777,5794,5794,5794
18603,3590,4702,1464,8238,8238
18604,6976,5280,5280,6457,2657
18605,4766,5787,3243,3243,3243
18606,5280,5280,5280,5280,5280
18607,6415,5622,6415,7440,6242
18608,6296,49,1252,1723,1723
18609,5064,7660,8104,7222,7222
18610,8494,5308,5308,5308,5308
18611,7461,5604,6879,6507,5997
18612,5271,5108,5646,4821,4821
18613,3113,1646,1197,1393,1210
18614,913,2006,1564,1564,3272
18615,3516,6079,5456,4115,5456
18616,6159,5729,5104,6277,6277
18617,5831,6634,4907,5007,5007
18618,4888,6689,4675,4675,4675
18619,5853,4802,6472,5357,5496
18620,4666,4915,5545,6784,6784
18621,3726,6370,3726,3726,3726
18622,5069,6139,5069,7283,2826
18623,5069,4977,6462,6462,6462
18624,5705,6207,5064,5064,5064
18625,6972,6944,8695,5818,5818
18626,5430,7656,7946,5778,8909
18627,6851,6911,6911,7647,7647
18628,6535,5814,5543,6460,6460
18629,7619,8356,3288,6720,6720
18630,4967,5020,5151,5151,5151
18631,7287,7140,7663,7603,7603
18632,2379,4461,2966,3001,3001
18633,5386,3786,2353,8393,8393
18634,4193,4858,6452,6627,8238
18635,5721,4788,5777,5488,5488
18636,5465,7555,9122,7192,8839
18637,6472,6301,6857,6857,6857
18638,4950,4991,6191,6533,6533
18639,7495,6939,5488,7758,7758
18640,6784,6582,5614,5614,5614
18641,5863,6511,4620,6511,6511
18642,6775,5940,5877,5877,5877
18643,6698,5415,6888,5615,8564
18644,7015,7206,8757,5064,5064
18645,5500,5963,6075,6075,6075
18646,4986,6606,5499,5499,5499
18647,5154,4840,5100,5774,4971
18648,8360,7360,6411,4795,4795
18649,2856,2787,6132,5928,5928
18650,5411,5114,4758,6798,4758
18651,4613,701,2067,6749,8360
18652,7419,5370,5490,7906,7906
18653,6269,6404,6609,6609,6609
18654,9090,9090,9090,1756,1756
18655,3403,5048,6113,6113,6113
18656,7718,5370,7837,7837,7837
18657,5352,6105,6105,4711,4711
18658,6030,6030,6030,5577,5577
18659,5968,5788,6007,6007,6007
18660,6118,6581,5983,3051,3051
18661,6694,4740,5029,2905,2905
18662,4659,4659,5663,5663,5663
18663,5977,6159,6735,6735,6735
18664,5475,3595,3465,5110,5110
18665,6394,5547,5541,6641,6641
18666,5766,6641,5766,6436,5267
18667,7301,8348,7283,2826,8152
18668,8430,5452,8343,8343,8343
18669,4630,4407,9223,9223,9223
18670,8386,8386,6257,4738,4738
18671,6626,2981,5114,7709,7709
18672,5121,6702,5361,6092,6092
18673,6168,5210,5084,5587,5587
18674,5912,9107,8089,7788,7788
18675,6331,5794,8003,4528,7439
18676,7237,8266,1040,8182,3855
18677,5959,6572,9096,5505,7170
18678,2109,7020,6563,5042,5042
18679,5643,5148,4910,4893,4910
18680,5564,6502,5393,5393,5393
18681,6607,6716,6402,6882,4747
18682,5002,5962,4744,4744,4744
18683,3340,7460,5850,5850,5850
18684,6712,6440,5881,5881,3509
18685,985,6368,5866,5866,5866
18686,9182,5898,6438,7298,7298
18687,7620,2126,8264,8313,8264
18688,6874,9183,7171,6358,5607
18689,9090,8839,4685,6883,6883
18690,6574,5895,7655,7278,5895
18691,5075,4062,6530,7014,6530
18692,8166,4640,5849,5315,5315
18693,4618,4845,5841,5841,5841
18694,6888,5159,6547,6547,6547
18695,7717,5462,5699,6918,8069
18696,6572,8755,4603,7740,7740
18697,6324,6828,5964,5263,5964
18698,5826,4730,8622,5959,6387
18699,7786,5964,7451,7451,7366
18700,6489,3466,8763,5817,6572
18701,7258,7258,3227,3466,3466
18702,7305,7218,4210,2393,7914
18703,6938,6150,1595,7904,7904
18704,5987,7966,7913,7913,7913
18705,6907,4171,6734,6734,6734
18706,8131,7603,5972,5972,5972
18707,7656,4976,3294,3294,3294
18708,4849,3414,3414,3414,5047
18709,7367,8063,9086,9086,9086
18710,5926,6536,6536,5887,5887
18711,7963,5373,6884,8087,4756
18712,4829,4963,5281,2890,5281
18713,5121,2902,6399,5545,5545
18714,6161,4737,6154,5347,3379
18715,6701,6324,6715,6374,8601
18716,5188,8693,5020,5020,5020
18717,6010,5948,5703,5703,5703
18718,4994,6163,5090,5090,5090
18719,5572,6011,6250,6452,6452
18720,5904,5904,5090,5090,5090
18721,8435,185,7790,827,827
18722,6128,4864,6128,6128,6128
18723,5817,6191,6066,6282,6066
18724,5111,5366,5208,5208,5208
18725,5028,5211,5464,5464,5464
18726,4908,8731,5392,6840,5392
18727,5848,5806,6280,6280,6280
18728,5652,5728,4745,8198,5331
18729,6460,4867,4867,4867,4867
18730,6860,6382,6382,6382,6382
18731,3828,7928,6984,4407,4407
18732,7950,4729,5061,7670,7670
18733,681,3351,5223,5223,5223
18734,5639,5108,7523,7523,7523
18735,6390,4870,5535,4801,5293
18736,4279,8377,7078,6553,7078
18737,5046,5812,2481,2481,2481
18738,4606,9234,7329,9234,9234
18739,6923,5345,4984,4984,6666
18740,6387,6049,6322,4642,4642
18741,6686,6825,5119,6825,5119
18742,4706,4730,5896,7155,7155
18743,6366,2214,50,6417,6417
18744,6513,6498,6390,2970,1547
18745,5533,6750,6750,6750,6750
18746,5214,5471,9025,7072,6043
18747,5737,6750,5738,5738,5738
18748,4012,6148,6239,8129,6239
18749,5501,6960,6965,6965,4923
18750,4985,6813,7484,7484,6080
18751,6372,7890,7245,4193,6710
18752,4989,3409,6586,5940,4984
18753,7984,6546,8912,8912,8912
18754,8353,7356,8170,8170,8170
18755,5474,8028,8909,8909,8909
18756,6455,5003,4856,6662,6662
18757,4925,6902,5384,5464,5464
18758,7832,6530,4943,6512,4680
18759,4129,2669,4895,4832,4895
18760,5507,5461,6615,7186,6831
18761,2863,5367,5367,5367,5367
18762,4928,6281,4627,5771,5771
18763,7986,6993,4852,2872,5956
18764,4541,2919,5186,5186,5186
18765,5343,9066,4840,4840,4840
18766,4932,6494,3724,6836,6836
18767,2928,6099,6490,4547,4547
18768,3099,6673,4710,4776,4776
18769,5110,6826,7538,5055,7538
18770,8063,5333,8594,6683,6683
18771,4584,8052,6988,8130,8130
18772,6888,6257,5073,4510,6823
18773,7002,5846,5008,5458,4438
18774,7107,6030,5859,7186,7186
18775,6768,8356,4829,6530,6530
18776,5138,5745,5685,5745,5745
18777,6567,6567,6274,6070,6070
18778,8993,8559,4708,4708,4708
18779,4126,6324,6723,5374,5374
18780,8494,8649,3841,3841,3841
18781,4829,5866,3495,3495,3495
18782,5762,4595,6519,5682,6519
18783,5100,4753,4791,4791,4791
18784,5470,7324,3697,3485,3485
18785,4126,6130,7582,6148,6148
18786,3627,5667,5895,5895,5416
18787,5302,6572,4699,5068,3351
18788,6556,2657,5900,4945,4945
18789,6703,4994,4906,6478,6478
18790,3166,3507,3507,3507,3507
18791,6852,8459,1172,3912,3912
18792,2530,7851,7311,3382,7311
18793,4692,6615,6700,2067,2067
18794,5614,4009,6682,5638,5638
18795,6598,6276,6276,5809,5809
18796,5050,3997,5004,4978,4978
18797,5069,5156,5365,6002,6002
18798,7832,9025,4858,3974,3974
18799,6134,5000,5000,5911,5889
18800,5337,5351,5337,4982,4982
18801,5244,6277,5000,5135,6660
18802,5865,4811,9099,5568,5568
18803,5797,3840,924,924,5695
18804,5387,5419,6568,6568,6568
18805,5484,5589,6825,5788,6144
18806,6762,4906,2982,2982,2982
18807,5537,5537,5899,5899,5899
18808,5503,5399,6556,5183,5183
18809,5201,5205,6100,4821,4821
18810,8056,5186,6110,4198,4198
18811,5752,6613,6395,6395,6557
18812,3185,4912,5273,5273,5273
18813,6222,6058,6058,6058,6058
18814,7510,4789,5302,5611,3859
18815,9020,5857,5001,5001,5034
18816,6398,5945,6245,3859,4943
18817,7958,3802,8250,8385,8385
18818,4741,4821,2464,7909,7909
18819,4712,5702,5643,5643,7382
18820,4997,6919,6268,6268,6268
18821,5777,6915,2551,5989,5989
18822,5009,5907,5804,5923,8564
18823,5989,5372,5146,5593,7613
18824,6709,3068,4603,6271,6271
18825,6104,4967,6830,6102,5145
18826,2323,2674,3355,3355,3355
18827,8861,8451,736,5020,5020
18828,4990,4584,3832,4058,4058
18829,5920,5831,6114,6114,6114
18830,6880,5288,5922,6272,6272
18831,5351,5351,5953,5761,6764
18832,4837,6038,7939,8613,8613
18833,6427,5396,5101,7844,7844
18834,6990,7738,8738,8738,8738
18835,5679,5803,5803,5910,5910
18836,5010,487,5568,6256,5792
18837,6808,6546,6049,6217,6217
18838,6591,6908,5766,5766,5766
18839,8407,8565,3603,9108,9108
18840,6845,7843,9220,9220,9220
18841,5891,3573,6299,6299,6299
18842,4778,4343,6513,8386,8386
18843,3993,3164,586,586,586
18844,3319,662,3783,2531,2531
18845,4885,7025,8686,8648,8648
18846,7254,5239,6849,4954,4954
18847,8680,7642,5403,6412,6412
18848,5560,8213,5366,5398,6613
18849,5697,6589,5689,6245,6245
18850,6089,6089,6451,5719,5719
18851,5212,6308,5805,5805,5805
18852,5187,6878,5943,5943,5943
18853,6491,6038,8435,8435,8435
18854,3935,8854,5237,5237,5237
18855,9066,6491,6491,6491,6491
18856,7413,8202,6454,4677,4677
18857,2737,4357,5702,4357,4357
18858,4909,4909,5788,6549,6549
18859,2940,3090,5459,6887,5459
18860,7772,6352,5777,5777,5777
18861,8622,4687,2552,7640,7640
18862,6460,5641,5708,5708,5708
18863,5532,8967,4828,7383,7383
18864,5432,4965,5462,6918,6918
18865,4822,4879,5200,5200,5200
18866,5476,5476,5072,6902,6902
18867,3984,6208,4649,5398,3086
18868,5613,6234,6099,7267,7267
18869,5142,4725,5142,5142,5142
18870,5207,6760,6231,6231,6231
18871,6358,5843,6797,6797,6797
18872,6360,6866,8242,8242,8242
18873,5114,6671,5395,6487,6487
18874,8583,8085,7763,8587,7763
18875,7966,5306,5306,5306,6581
18876,7763,6520,6459,6459,6459
18877,4892,4713,6396,9062,6396
18878,5145,3505,7121,5932,7121
18879,6407,7114,4891,4891,4891
18880,5642,5456,6798,6012,6798
18881,5642,4079,518,518,518
18882,6704,6460,6572,6399,6399
18883,5250,5366,4658,5366,5366
18884,4658,6792,6590,5200,5876
18885,5057,5057,6764,6764,6764
18886,7631,5407,464,5410,5410
18887,8281,6035,8495,5584,5584
18888,7495,6031,6031,6031,6031
18889,6309,5529,4940,6230,4940
18890,6673,4260,5404,5560,4584
18891,2622,7223,6188,5939,5939
18892,7509,6934,6934,6934,6934
18893,5460,8453,5992,5992,5992
18894,5501,5692,8331,8331,8331
18895,5663,5165,5162,6917,6917
18896,5650,5663,5246,5246,5246
18897,5671,6548,3693,3693,3693
18898,5613,5252,5032,5032,5032
18899,6339,4988,3260,4452,6649
18900,4803,6398,4813,4813,4813
18901,6568,5086,7115,7115,5451
18902,3784,2067,8707,5039,5039
18903,4801,6300,2648,7813,7813
18904,4976,5704,4654,4654,4654
18905,5999,6992,5353,5353,5353
18906,4976,5750,7886,8625,8625
18907,6599,6884,5317,4233,4233
18908,6349,6159,5297,5297,5297
18909,6359,5392,4903,4903,4903
18910,3344,2570,6378,5580,6378
18911,2434,7127,6140,6140,6140
18912,7497,9157,7809,6189,7507
18913,6140,4691,5317,5317,5317
18914,5880,5035,5035,5035,5035
18915,6020,5821,6325,6879,6879
18916,6209,4135,2546,5353,5353
18917,3974,5754,8772,3958,3958
18918,4700,8907,4983,4983,4983
18919,4562,5327,5327,5327,5327
18920,5374,2825,2554,2616,5058
18921,5457,5388,5569,5569,5569
18922,9167,8884,6677,6414,8337
18923,7851,7440,6278,5428,5428
18924,6224,7307,6844,5423,5225
18925,6997,7998,8666,8207,8207
18926,7962,7118,7552,7552,7552
18927,9209,8003,6451,6878,6878
18928,5967,6499,6545,5560,5560
18929,5635,6745,7982,7982,6888
18930,5201,6132,6710,6402,6402
18931,6040,5457,5062,5298,4862
18932,6111,6434,5669,5669,5669
18933,6419,6008,5095,7991,7991
18934,6471,6266,6992,6992,6992
18935,4927,4691,6735,5351,5351
18936,5208,5920,5301,5729,5729
18937,6513,2325,7980,6060,6060
18938,8882,4801,3234,3234,3234
18939,9145,7411,8486,8486,8486
18940,6573,5299,5314,5314,5314
18941,4982,5330,6058,5910,5910
18942,4895,6361,6085,6085,6085
18943,6065,4335,1771,5682,5682
18944,8985,5683,4393,8981,4393
18945,4505,5683,5855,5855,5855
18946,6921,6289,1512,1512,1512
18947,6921,6921,5595,5595,5595
18948,2977,6550,8161,8515,2783
18949,5798,4803,6649,4694,6030
18950,5560,5896,5315,6074,5946
18951,5744,4722,5033,5033,5033
18952,5219,8883,5551,5551,5551
18953,5135,5167,5546,5546,5546
18954,5304,6085,6025,6025,6025
18955,6622,8053,6020,7953,7953
18956,8596,9120,5607,5607,8076
18957,2997,5500,3034,3034,5726
18958,5151,5242,8047,6649,6649
18959,6707,4955,9031,6645,6645
18960,6716,6126,6217,8967,8967
18961,5306,3276,8193,5758,5758
18962,7171,6074,4870,6417,6417
18963,7241,7636,3288,1607,1607
18964,4854,6025,6081,6081,6299
18965,6805,4921,4921,6350,6350
18966,6223,4886,5161,5161,6764
18967,5950,4812,5950,5885,5885
18968,4712,2381,8074,8074,8074
18969,5950,5950,5950,3900,5950
18970,7769,8414,4284,4284,7992
18971,6174,6364,6678,6501,6501
18972,6665,6131,5199,5990,5199
18973,2774,6681,5869,4920,2994
18974,3642,2668,2838,3292,3292
18975,4861,6864,2730,2730,2730
18976,5927,6295,6295,6295,6295
18977,4610,6655,6798,6405,6405
18978,4850,6582,6582,5927,5248
18979,5725,7514,7226,7226,7226
18980,5725,8678,8333,8333,8333
18981,748,3935,858,858,858
18982,6042,5835,6042,6042,6042
18983,5084,6042,6042,6042,6042
18984,5957,5957,5665,5957,5957
18985,5953,6580,6481,6481,6481
18986,5761,5059,6241,5930,5930
18987,5546,5650,5087,5087,5087
18988,2949,2599,5515,4627,4627
18989,3008,6885,4744,4744,4744
18990,5079,2873,5787,5787,5787
18991,6435,4624,4624,4624,4624
18992,4624,6211,5210,5210,5210
18993,6187,6199,6901,1464,1464
18994,6078,4860,9148,3420,8518
18995,6242,6224,7440,6224,6825
18996,8615,2927,4838,4838,4838
18997,8752,5487,9229,2814,2814
18998,5367,8251,5258,6431,6431
18999,4603,5361,8359,8359,8359
19000,5069,9008,6629,8881,6629
19001,3991,4742,3127,3127,3127
19002,3264,6478,5490,6478,5490
19003,6194,3292,6467,9116,9116
19004,6704,6675,9119,9119,9119
19005,6112,7972,4820,8249,5241
19006,6349,1886,5594,8782,8423
19007,5366,6587,5277,5277,5277
19008,6829,6829,5297,6599,5297
19009,5040,6319,8532,6809,7837
19010,5528,5282,5748,5015,9046
19011,4790,5948,5080,6498,5788
19012,5997,6111,4915,4915,4915
19013,5821,5103,5404,5404,5404
19014,1993,6750,5174,8719,8674
19015,7690,3026,5891,8163,8163
19016,7626,8160,3588,8905,8905
19017,6451,6310,4745,4471,4471
19018,7034,8043,7091,7091,7091
19019,8701,4914,4815,5519,6442
19020,6837,8127,5171,5081,5081
19021,4934,4934,6615,6615,6615
19022,5461,5966,6210,5799,5799
19023,6217,6308,6752,6308,6308
19024,5057,4921,4982,4982,6304
19025,5318,5199,5450,5450,6735
19026,4736,5065,6223,6223,6223
19027,5119,8316,8468,3958,3958
19028,2847,2931,3068,6750,3068
19029,4025,6661,8778,6706,6706
19030,7670,8580,7682,191,191
19031,6977,7265,7478,7478,7478
19032,7530,4050,3172,632,4101
19033,2657,8992,6426,5865,5865
19034,5841,4945,6177,6280,5494
19035,3407,5522,4788,4788,5503
19036,5977,6480,6634,6634,6634
19037,4912,4912,4350,5245,5245
19038,5174,4510,6625,6438,6438
19039,5378,5730,5678,4115,5678
19040,4745,7041,7041,9183,5099
19041,6127,5657,6144,5138,6798
19042,6477,4816,5165,5650,5650
19043,6849,4808,6766,6849,4621
19044,5890,5890,5808,4736,4736
19045,3848,8534,8431,8431,6419
19046,6839,5868,5720,5720,5720
19047,6918,4937,6446,8787,6460
19048,2628,5006,4311,6158,6158
19049,7967,8699,5719,3670,3670
19050,6842,6263,2840,2431,4707
19051,7716,6551,9004,9004,9004
19052,4455,3345,4094,8694,8694
19053,7444,7496,7444,7485,7444
19054,4483,3077,3753,7104,7104
19055,6102,2105,2868,2868,2868
19056,3252,3252,8046,3252,3252
19057,4259,5229,2542,2542,2542
19058,5242,5826,4978,4978,4978
19059,6845,7300,7186,6162,6162
19060,5861,8625,6234,6234,6234
19061,4978,5672,5219,5547,5547
19062,4748,2837,7493,7493,7493
19063,4635,5142,8947,6267,6267
19064,8177,7513,3472,9208,9208
19065,5111,2365,4632,4632,4632
19066,6623,7090,4820,4724,4724
19067,5732,7702,5840,5524,5524
19068,4610,4610,5647,5647,5647
19069,6490,5484,6277,6490,5911
19070,6174,6277,5351,5351,5516
19071,4927,5464,5351,5250,5250
19072,5567,7801,5955,5097,8542
19073,4974,7178,6536,6536,6536
19074,5750,5714,6054,6054,6054
19075,5242,6383,9086,5324,5314
19076,3637,4804,7375,5590,7965
19077,6516,5887,4710,4710,4710
19078,3704,3769,3343,3289,3289
19079,8694,5516,6226,6226,6226
19080,8125,4748,8245,8245,8245
19081,5132,3309,4993,4993,4993
19082,5636,8513,5957,8629,8629
19083,4544,4244,6617,6617,6617
19084,5652,4742,6409,6510,6510
19085,6272,5354,5917,5917,5917
19086,4839,5450,4886,5351,6766
19087,7607,8974,4284,4284,4284
19088,1647,6033,8479,8479,4995
19089,3364,5672,6900,6900,6900
19090,5902,5002,5461,5113,5113
19091,4650,4960,4706,4706,4706
19092,4842,4835,6800,5466,5466
19093,4686,5938,6446,9039,5241
19094,4910,9187,8763,5840,5840
19095,6399,2902,6600,6756,6756
19096,7669,9055,3784,5117,5117
19097,8549,5302,7668,8958,8958
19098,6012,9105,3922,5223,5223
19099,4692,6084,8799,5660,8799
19100,6089,4778,5275,5275,5275
19101,6905,4940,7248,7552,7552
19102,6844,8235,6487,6487,6487
19103,5151,8208,3908,2516,2516
19104,3015,3372,7802,4077,4077
19105,5811,3020,4692,4692,2067
19106,5291,5893,6661,6661,6661
19107,3823,5407,5407,4499,4040
19108,5740,5740,5763,5763,1883
19109,1883,5036,5740,6340,4570
19110,5434,6624,6093,6093,5238
19111,5592,6327,6624,6624,6624
19112,7337,5978,4825,4825,4825
19113,6113,1506,7721,916,7721
19114,6030,4094,4402,4402,4402
19115,9011,3205,5517,5517,5517
19116,5824,6058,6058,6681,6058
19117,7442,4014,5928,5403,5403
19118,5114,5193,6511,6511,6511
19119,5004,6024,5896,4682,4682
19120,8071,8038,4110,4110,4110
19121,8038,8391,8964,8964,8964
19122,8964,8840,8964,8964,8964
19123,3015,3226,8514,4170,4170
19124,7554,6804,4677,4666,5182
19125,6092,5941,6049,6049,3827
19126,3627,8514,7466,4478,4478
19127,8447,6674,6950,7260,6950
19128,6443,6466,4981,5505,5505
19129,5646,4952,6040,6040,6040
19130,5647,5532,5973,5973,5973
19131,5647,6614,6405,6405,6405
19132,5233,5175,6159,6727,3362
19133,6648,4721,3679,3679,3679
19134,5233,5032,8080,4142,4142
19135,7822,8674,694,8232,694
19136,9010,8951,9045,8735,9155
19137,6184,8728,2479,5695,5695
19138,6573,6453,6354,6573,6573
19139,5445,5910,5910,6680,6680
19140,5025,5078,3339,3339,4835
19141,5532,5532,6274,6274,6274
19142,5155,4859,6528,6274,6274
19143,5205,6370,6298,6298,6298
19144,5472,5125,6395,5645,5541
19145,5059,6891,6395,5256,6395
19146,5059,5910,5910,5910,5910
19147,5042,2919,3995,7207,7207
19148,6777,405,8692,8463,8463
19149,3612,6372,7626,7626,7626
19150,6906,4770,5279,4960,5279
19151,2909,5602,3022,3022,3022
19152,5614,5823,4629,4629,6200
19153,6276,6089,6089,6089,6089
19154,5401,6089,6868,6740,6868
19155,5384,6876,4712,4712,4712
19156,4663,5344,5416,5416,5416
19157,7645,5618,7085,6852,6852
19158,6871,3983,8564,6007,6007
19159,6120,5489,6680,6120,6120
19160,6607,6289,4846,4846,4846
19161,5628,5628,6680,6120,6680
19162,6579,5739,8090,6390,6390
19163,6027,5159,3068,1291,1291
19164,6397,5721,4882,5721,5721
19165,7023,6802,5092,5092,5092
19166,4440,7098,6137,6137,6137
19167,6893,5154,8617,5092,6414
19168,6408,5798,6349,6349,6349
19169,5104,5798,5798,4727,5798
19170,5673,5953,5424,5424,5424
19171,5613,8138,5433,4635,2816
19172,5676,5199,5538,5199,5199
19173,6620,5325,6208,5229,5229
19174,7716,9235,9215,9215,9215
19175,4972,7498,2444,2444,2444
19176,5313,5313,3461,3461,3461
19177,8372,8963,4299,8963,8963
19178,4163,2577,6746,5498,5498
19179,4867,7715,7107,6499,6499
19180,3438,8460,8933,5386,6845
19181,7570,8325,6673,6673,7967
19182,6944,4064,8555,8219,8219
19183,6524,6753,6524,5324,5324
19184,5539,6288,6524,5539,5539
19185,8227,8358,6541,6541,6541
19186,5472,5167,5317,5700,5013
19187,5219,6654,5975,6861,4088
19188,2904,6608,3103,8630,2951
19189,6869,6822,5647,6869,6869
19190,4092,7524,709,5646,6621
19191,5363,5105,5647,6405,6405
19192,4901,5365,9159,4838,4838
19193,4060,6050,5321,7123,5014
19194,5114,6006,5495,6224,5495
19195,4774,5868,7284,7284,7284
19196,4774,6416,6321,8514,6321
19197,5725,5725,8333,7858,7858
19198,6318,8347,5612,6862,6801
19199,5866,4775,7410,4738,4744
19200,6761,4919,6741,4796,6741
19201,8932,3372,7170,7170,7170
19202,5855,8872,3113,5592,5592
19203,6225,5678,8117,2981,2981
19204,6177,2906,6181,4805,5147
19205,5843,7912,5107,5107,5107
19206,4861,7344,5107,5107,5107
19207,3951,3078,5955,7691,7691
19208,6494,5007,5887,5887,5887
19209,6553,3668,5750,5772,5750
19210,4944,3961,3961,2949,5881
19211,2449,9227,4528,7777,7777
19212,6806,9210,8808,4818,2661
19213,5991,8981,1564,5440,5440
19214,6576,5810,5060,7715,7715
19215,6915,8936,6926,4732,6926
19216,4755,6795,6795,6795,6795
19217,4242,4846,6166,6472,6166
19218,5695,2564,4079,5455,5455
19219,8949,3804,9185,9185,9185
19220,8131,5859,2706,4762,4594
19221,7279,2929,3589,3589,3589
19222,5407,5407,5407,3823,5407
19223,6027,6484,8864,5109,5109
19224,6315,6166,3639,7425,5641
19225,6501,5199,5211,6099,6099
19226,8643,5812,3891,8643,8643
19227,7819,5821,5821,6510,6510
19228,8007,3217,8080,3482,2826
19229,3223,3515,7072,4551,4551
19230,6622,6747,4284,8130,8130
19231,5654,5940,5865,5865,5927
19232,5654,8560,5036,5036,5036
19233,7814,7814,2657,2657,2657
19234,6775,6577,5481,5481,5481
19235,6455,5585,5585,5585,5585
19236,5638,5396,6784,5180,6784
19237,5605,3659,7072,7072,5336
19238,6118,4337,6030,6030,6007
19239,4671,5546,6565,6565,6565
19240,8910,6979,6597,5369,5369
19241,8815,6677,7222,6998,6998
19242,5489,4765,6704,7482,6704
19243,6020,6245,6325,6187,6205
19244,5248,4341,6407,6407,6407
19245,5309,6448,4341,8875,4341
19246,5408,8079,5826,3676,3676
19247,4980,5648,7318,5438,5438
19248,6661,3177,5494,3659,3659
19249,4647,6111,2348,3824,3824
19250,4647,5880,5279,6748,6748
19251,2197,4955,5893,5340,5805
19252,6232,5715,5790,5790,5790
19253,6132,4958,6535,6535,5755
19254,5810,4958,4958,8495,8495
19255,5772,4263,5580,6930,6930
19256,5567,7787,5270,6588,5270
19257,5476,6001,8542,7946,7946
19258,4981,7622,5599,5599,5599
19259,6713,9093,4712,2323,7198
19260,7814,5320,5919,6782,6782
19261,5809,6381,6434,5531,5531
19262,5757,5400,3828,6244,6244
19263,4706,5309,4666,4666,4666
19264,1067,4246,4178,4178,4178
19265,5657,5210,5260,6451,6451
19266,4581,3557,473,3056,3056
19267,7004,4406,2469,1295,9136
19268,5854,5854,4080,7912,7912
19269,6228,7552,7072,7072,7072
19270,6750,6257,6750,4845,6750
19271,6513,6071,6810,6810,6810
19272,5410,6750,5695,6433,6433
19273,5023,4829,8347,6718,7690
19274,4999,5838,5767,5213,5767
19275,8826,4196,5312,7940,7940
19276,6490,6805,9023,8352,3645
19277,6635,5803,4767,4767,4767
19278,3730,9021,3825,3825,3825
19279,4730,6507,3509,3509,3509
19280,4749,6387,4706,4706,4706
19281,5828,7360,6165,4841,7360
19282,5019,4787,4282,6336,3928
19283,8923,4025,6830,4744,7434
19284,4779,5364,3467,5458,4407
19285,3090,3738,4712,4712,4712
19286,3841,3480,4742,4275,4275
19287,6352,6627,4937,4937,4937
19288,5836,6351,6351,6351,6351
19289,9180,4774,9017,9017,9017
19290,5868,5951,8003,1498,1498
19291,2548,8855,7434,7434,7434
19292,6658,7434,3474,6850,6850
19293,5674,5804,3379,2483,2483
19294,5179,8141,7466,2536,2536
19295,4893,7112,5693,5693,3922
19296,5992,5170,5938,5938,5938
19297,5205,6415,6679,6679,6679
19298,6559,6915,6132,4610,4610
19299,7299,8531,6232,6415,6415
19300,5865,7161,62,8774,8774
19301,5494,5311,5692,8360,4092
19302,7283,7186,8995,5678,3162
19303,7407,4965,2854,5783,5783
19304,5448,8842,8956,128,128
19305,7725,3108,7754,7836,7836
19306,2489,6613,4107,4099,5322
19307,5305,6129,5878,6776,6776
19308,5317,4954,4885,5749,6277
19309,6046,6371,5980,5404,5404
19310,5980,4621,5626,5626,5626
19311,6178,5663,5288,5288,5288
19312,6208,6326,6131,6131,6131
19313,6297,5066,6408,6408,6408
19314,3515,4212,2513,2791,2791
19315,5421,6454,6662,6662,6662
19316,6455,2622,4709,5316,5316
19317,9163,6463,5001,5001,5001
19318,3425,2552,4864,8813,5291
19319,7120,6684,7797,633,7797
19320,7008,8544,6984,6984,6984
19321,1380,6711,976,4016,4016
19322,5851,5900,4845,5612,5612
19323,3350,5816,7759,7759,7759
19324,5647,6187,2873,6316,2873
19325,5944,3264,2712,3692,6430
19326,6062,6423,6224,6869,7509
19327,5537,5456,5456,5877,5877
19328,4996,5008,6097,5728,5728
19329,6776,3890,6242,4752,4752
19330,4784,5455,5456,3409,3409
19331,5490,4859,5792,5792,5792
19332,5248,4629,4629,6616,6616
19333,5164,7484,9194,7552,9194
19334,5164,8345,5164,8216,7097
19335,3660,8019,5164,150,8857
19336,6376,7332,7332,7332,7332
19337,6914,4778,6461,6461,6461
19338,4170,6839,6657,5597,5597
19339,5228,6878,4706,6546,5550
19340,6648,6346,5128,6427,5128
19341,4937,8359,6632,1564,1564
19342,6036,6361,5619,5619,5619
19343,6138,6138,6138,6138,6138
19344,6138,6138,6138,6138,6138
19345,8013,6309,1320,1320,1320
19346,5501,6903,7920,5146,5146
19347,8907,5829,8766,8766,8766
19348,5726,7845,5551,6981,6353
19349,7960,3737,6103,6364,6364
19350,8245,5831,6383,6383,6383
19351,4798,2863,2555,2863,2863
19352,4254,4247,3399,3593,3593
19353,6231,6262,6109,7321,7479
19354,6258,8843,8424,8424,8424
19355,2888,3012,4472,4472,4472
19356,8954,3630,3929,5448,5448
19357,6007,5113,3770,3770,3770
19358,5201,5853,4900,5205,5205
19359,5303,6866,4793,6100,6100
19360,6784,6644,5109,4770,6018
19361,6009,6009,6009,5705,5705
19362,6770,6883,3065,3065,3065
19363,7234,7193,4444,1380,1380
19364,6173,6402,6710,6710,6710
19365,3413,5824,2541,1608,2592
19366,2533,6072,4030,3813,3813
19367,9137,5223,8038,2895,2895
19368,6124,6124,2997,6734,6734
19369,5223,7935,350,350,350
19370,6693,6446,6857,6857,5641
19371,6700,5858,6431,6431,6431
19372,5351,5600,6395,4982,4982
19373,5118,6395,5000,6764,5000
19374,5626,6350,6529,6529,6529
19375,4651,4651,5980,6587,5980
19376,5381,6631,5686,5686,5686
19377,5980,3452,6548,5211,6548
19378,5342,2326,2473,2473,2473
19379,7259,7464,8711,8711,8711
19380,3974,6713,7714,4003,4763
19381,7345,4390,8301,8688,8688
19382,8845,7371,5898,5898,5898
19383,3181,8518,2907,2907,2907
19384,5885,6621,4951,4951,4951
19385,3857,6753,5070,5070,5070
19386,5784,5402,6400,5303,5303
19387,5831,7011,8556,8556,8556
19388,5567,5831,4800,4800,4800
19389,7235,7178,7006,8730,8730
19390,3274,3517,6805,6792,6792
19391,4822,5354,6394,5063,5063
19392,6599,5766,5072,4832,4832
19393,6440,6633,5507,4636,4636
19394,4778,5074,8871,6389,6389
19395,6111,6878,4291,6965,6965
19396,5312,4922,5601,5601,5601
19397,5497,8331,4987,4987,4987
19398,5767,5811,6882,5230,5230
19399,6217,5597,4899,5597,5597
19400,5120,6306,6306,6737,6737
19401,5352,5352,7722,7722,6809
19402,7851,5837,3353,3353,3353
19403,6293,1366,4726,7495,7495
19404,6141,7939,6400,6400,6400
19405,6200,5856,7524,3823,3823
19406,5969,4952,2893,8254,6824
19407,5694,4951,6340,43,43
19408,6239,7994,4019,8440,1432
19409,93,1023,1974,7559,7559
19410,7141,6757,48,48,48
19411,6200,6265,5885,5885,5885
19412,4640,6436,3974,3974,4846
19413,3823,4620,5455,41,41
19414,4657,2787,4944,4944,4944
19415,5543,5534,6282,6282,6282
19416,5011,6845,5350,6824,7171
19417,4822,5066,5604,5604,7691
19418,5551,6662,4766,4766,4766
19419,8423,3524,3157,6622,6622
19420,6441,7766,4085,7457,7457
19421,7652,7652,5840,7652,5840
19422,2906,6571,4959,4959,4959
19423,6402,5627,3148,6076,5559
19424,6740,2460,2992,2884,6039
19425,8680,6866,5884,7976,7976
19426,7690,8933,8792,945,945
19427,5668,5728,6372,6372,6372
19428,4437,8939,8837,2912,2912
19429,5156,2516,6907,6907,6907
19430,5924,5606,8433,8433,8433
19431,5924,9045,6442,6442,6442
19432,8463,6703,7354,7354,4971
19433,5672,8118,2669,6677,6677
19434,5460,4596,6888,6888,6888
19435,5745,4944,2477,5745,5745
19436,3477,5387,6401,6401,6401
19437,5938,8514,8469,5651,5651
19438,6591,5541,5472,5472,5472
19439,9023,5417,6392,6392,6392
19440,3029,7854,8396,7638,6851
19441,5845,8119,5615,5615,5615
19442,5971,4597,9065,9065,9065
19443,5483,8047,2624,8411,8411
19444,5606,5189,5614,5614,5614
19445,4961,4770,6800,6644,5238
19446,6006,5149,5614,5614,5614
19447,4116,4971,6609,7023,7023
19448,6320,5039,6486,6486,6486
19449,6053,5444,7072,7072,7072
19450,3441,4034,3782,3782,3782
19451,7445,3432,5907,5907,5907
19452,2737,7434,5121,3203,3203
19453,5498,6441,8501,2324,8501
19454,5213,7930,4831,4910,8995
19455,6571,8473,7480,7480,5475
19456,5120,6912,4129,4129,4129
19457,5176,5709,7599,7599,6289
19458,5954,5123,5074,5074,5074
19459,5253,5999,8068,5710,5710
19460,5049,2617,6378,3007,3007
19461,3198,6501,2932,2932,2932
19462,3565,4482,2706,2973,2973
19463,3637,3813,5054,4397,8643
19464,5012,6178,6785,6480,6480
19465,8187,8998,8332,8332,8332
19466,7992,7644,7803,2816,2816
19467,5013,9164,8931,8542,8542
19468,6525,6525,6525,6525,6525
19469,5726,6763,9120,9120,9120
19470,6525,6525,6525,6525,6525
19471,3264,5362,6438,6433,6433
19472,5629,8911,6651,5629,5629
19473,5629,4819,6478,6478,6478
19474,5490,6269,8064,8064,6790
19475,6082,6146,5357,5357,5357
19476,4986,6540,5842,6663,6663
19477,9065,6862,5620,6557,6557
19478,4945,4897,4627,5153,5153
19479,5266,7529,5153,6701,6701
19480,5282,3455,6158,6016,6016
19481,8056,4944,2487,8208,5847
19482,2407,6209,5682,6052,6121
19483,6624,6091,6901,6901,6901
19484,5036,6811,6346,6346,6346
19485,5036,7974,4788,4788,4788
19486,5576,6716,4996,4996,4996
19487,3100,6289,2599,6387,6387
19488,5651,6856,6856,6856,6856
19489,7456,5016,8802,8802,8802
19490,8735,6802,7684,6287,6287
19491,5068,8312,7597,7597,7597
19492,6130,5728,5335,5635,5635
19493,6130,5635,3509,4379,4379
19494,2913,6645,6645,6645,3092
19495,6736,4173,2323,3726,3052
19496,8463,6736,5477,5477,5477
19497,6794,7783,4999,4999,6888
19498,3830,8043,8243,8243,8243
19499,5681,4868,6270,6270,6270
19500,7673,7673,7120,7018,7018
19501,5609,5645,5330,2845,5616
19502,5546,6241,6551,5049,5049
19503,5920,5167,4632,3461,4632
19504,5086,8494,6068,6068,6068
19505,2410,3129,6197,8476,8476
19506,7772,7603,7332,4874,4874
19507,6430,7107,8958,7107,7107
19508,5615,7509,6224,6224,6224
19509,5884,5774,4305,4793,8816
19510,6609,7036,7752,4678,4678
19511,2366,6321,4221,4507,3039
19512,8837,8310,2936,3455,3455
19513,6952,7038,5368,5368,5368
19514,6164,2340,4980,4980,4980
19515,8497,8281,5963,5963,5963
19516,6007,6007,6007,6062,6173
19517,6007,6007,6007,4046,4046
19518,6635,6547,2328,6499,5669
19519,5241,4628,7628,8617,8617
19520,7114,8050,4831,8337,8337
19521,5634,8787,7863,4535,4535
19522,4813,3225,5206,5206,5206
19523,2353,6467,4776,6033,6494
19524,3955,8672,6733,4206,4787
19525,7522,4945,6385,6385,6385
19526,6027,5532,5810,5777,6050
19527,6486,7164,5973,5973,5973
19528,5028,5250,5063,5044,5288
19529,3897,5650,5650,5161,5161
19530,6477,4701,6477,4982,4658
19531,5435,5518,6147,6089,6089
19532,5880,6624,1111,1111,6879
19533,5966,6233,6233,6233,6233
19534,6150,4688,5830,5359,5359
19535,5916,6854,5924,5924,5924
19536,3119,6638,6748,6687,5228
19537,4275,4275,5531,4883,4883
19538,6682,4370,4627,4627,5442
19539,6478,6242,6318,6318,6318
19540,5370,6686,5436,5851,5851
19541,4636,6762,5408,5808,2669
19542,5511,6832,5888,5888,5542
19543,5846,5158,7831,7460,8587
19544,2997,8661,3995,8128,8128
19545,6609,5978,5841,4794,6154
19546,5077,5877,3639,5146,5205
19547,5319,2453,2460,3742,5554
19548,8077,466,5148,9096,7342
19549,5040,8164,3600,2854,2854
19550,6963,2463,3660,3129,3129
19551,6299,5409,3128,5409,5409
19552,7910,6617,4974,8291,8291
19553,8584,4974,4974,8059,8059
19554,8947,8743,8396,7918,7918
19555,6616,4901,4901,4901,4901
19556,4584,5135,2101,2496,5242
19557,5945,6437,5537,5537,5537
19558,6840,5859,6865,6617,6617
19559,4716,5177,4762,4939,5859
19560,4839,5012,6463,6463,6463
19561,5177,5059,6613,4992,4992
19562,6925,6654,6226,8297,8297
19563,5551,4711,5177,6851,5177
19564,4950,6370,6811,6811,5343
19565,6414,4807,5807,5807,5641
19566,6487,5117,5641,5641,6301
19567,7155,9174,5345,5345,5345
19568,6171,8770,4812,2323,2323
19569,7996,7996,7732,7732,7732
19570,2648,5232,5278,5278,5278
19571,5587,5454,5782,5782,5782
19572,6640,5964,5397,5397,5397
19573,6635,3128,6007,5434,5434
19574,5337,6179,5337,6277,5337
19575,6635,3308,4637,4637,4637
19576,5879,464,6632,6702,3208
19577,5941,6750,5614,5614,5614
19578,6211,5622,6202,5805,5805
19579,6028,8309,5844,5455,5455
19580,5762,5406,4674,3363,4674
19581,9165,7229,3851,3851,2869
19582,6361,6138,6361,5994,6361
19583,5486,5211,5716,5716,5716
19584,6369,4816,4701,6790,6790
19585,5938,8833,6853,8833,8833
19586,5810,7383,6460,5583,5583
19587,5708,5708,6301,6301,6301
19588,5474,5778,6332,6332,6332
19589,8131,6080,6292,6292,6292
19590,6847,6652,6234,5626,5626
19591,3566,6090,1464,1464,1464
19592,8613,5727,7445,7445,7445
19593,6199,6199,6038,6038,7939
19594,2521,5693,5054,7616,7616
19595,5426,2661,6871,6871,6871
19596,6311,6937,4764,4764,4764
19597,6339,6794,2901,2901,9025
19598,6132,7642,5728,5728,5728
19599,7258,6430,6633,1144,1144
19600,5658,6371,6516,6516,6516
19601,6603,5686,7538,7538,7538
19602,2589,4403,7439,6130,6130
19603,5248,5914,5637,5298,5298
19604,5760,6609,5435,2345,6007
19605,5408,5220,5220,5220,5220
19606,6813,4673,7337,6403,6403
19607,3720,7762,2446,3843,3843
19608,7624,7554,817,5510,817
19609,6368,5866,6714,6714,6714
19610,5393,5575,6503,6503,6092
19611,6111,6239,3015,3015,3015
19612,5784,5336,6585,6585,6585
19613,7760,6068,5203,2382,5203
19614,5269,2762,4714,6790,4750
19615,7968,5972,8625,7603,7140
19616,5393,8933,6311,7985,7985
19617,7086,6929,3329,6812,6812
19618,6606,6285,7001,7001,7001
19619,4063,4999,5496,6713,3065
19620,2997,6209,2895,3049,2895
19621,8198,5140,2965,2965,2965
19622,2525,6671,2098,7125,7125
19623,6839,6406,9055,9055,7546
19624,2914,3647,6328,6328,6328
19625,6842,5910,6519,5910,5910
19626,6842,6418,6659,4594,3035
19627,4179,6156,4389,6519,4389
19628,2712,3908,3908,2798,3167
19629,3379,5781,6196,6998,6196
19630,4893,8469,6717,6164,6717
19631,7975,2875,5835,3431,3431
19632,5489,5840,6675,6675,6675
19633,6670,6589,2876,7048,4798
19634,4460,3192,2640,5039,6197
19635,5734,6504,8215,6723,6723
19636,5668,5576,6402,5026,5026
19637,7956,7576,8626,8626,8626
19638,5668,4802,5651,5026,5026
19639,4730,5758,6638,6078,6078
19640,5228,6652,7439,7439,4124
19641,8272,3045,5147,3752,4798
19642,9232,5401,8267,5916,5916
19643,6295,5866,3509,3495,4847
19644,6855,4944,6228,6228,6228
19645,5641,6892,5385,5385,5385
19646,5193,3013,5745,4825,6912
19647,5465,5715,8815,8815,8815
19648,6222,6222,6222,6222,6222
19649,9065,2757,7585,5153,5153
19650,6762,6820,2328,6458,2328
19651,4836,8421,8937,8937,8937
19652,3739,5702,8251,8251,8251
19653,7698,7686,6225,4764,4764
19654,4975,6347,7386,7386,7386
19655,4746,3771,6726,3853,6074
19656,6039,4791,5931,6708,5931
19657,4996,5137,6776,5593,4894
19658,1291,5107,2040,3966,3966
19659,6484,6390,5240,4940,4715
19660,5719,3047,3451,2439,3451
19661,5483,4636,7881,5827,5827
19662,4552,3103,7421,3511,8862
19663,1448,981,2884,2884,2884
19664,976,4184,6695,4872,4872
19665,4864,8799,6319,3720,3720
19666,5010,6055,2982,2982,2982
19667,5113,2901,6118,7911,4337
19668,5910,6566,5059,5517,5517
19669,6181,4870,6155,6155,6155
19670,6225,6645,8228,5950,5950
19671,3139,6645,6071,4723,6722
19672,5433,4750,4750,4750,5103
19673,3129,2938,7625,4729,4729
19674,5390,5897,5897,4639,4639
19675,7059,9020,8450,7124,7124
19676,4822,8060,2622,4832,5066
19677,6555,8668,7006,9086,9086
19678,5577,5244,4972,4972,4972
19679,5165,5663,5165,5663,5165
19680,5491,6361,5211,5211,5211
19681,8864,7274,6788,7995,7995
19682,4505,8200,3929,3929,3929
19683,7250,2266,8334,1590,1590
19684,6447,6381,5607,4981,4981
19685,6816,7086,5047,7819,7819
19686,4866,5119,5897,5897,5897
19687,7997,6637,6774,6774,6427
19688,4772,9174,3314,3314,3314
19689,9092,6537,5992,5992,5992
19690,5162,6349,5557,4929,3955
19691,6753,5761,5761,6288,6288
19692,5878,8450,5761,6046,5761
19693,5007,7957,7787,5988,5988
19694,6131,7845,7099,6383,6383
19695,6393,5859,6865,6617,6617
19696,5577,5729,6524,6140,6140
19697,6510,5805,9191,5053,5053
19698,4903,6543,4903,4903,2816
19699,5470,5470,6927,8154,6927
19700,6623,5807,2657,4867,6224
19701,7123,5038,5462,5462,5462
19702,6239,5866,6445,6445,4801
19703,6445,5075,4456,4456,4353
19704,7670,7216,8517,7302,7471
19705,7279,3659,2346,3094,4008
19706,3719,4722,5006,4722,4722
19707,8290,2474,4804,4722,4722
19708,6817,4676,6751,5703,5703
19709,7129,5570,6462,6462,6462
19710,8817,2734,4407,5442,5442
19711,5188,9066,6433,6839,5311
19712,5568,9091,1451,3566,3800
19713,8413,6711,5537,5268,5495
19714,5841,4677,6149,5193,6460
19715,6460,6460,6460,6460,6460
19716,8815,8787,6446,5385,5385
19717,6369,5752,5044,5044,5044
19718,6880,6880,6272,5516,6272
19719,6178,4651,5162,5162,5162
19720,6802,6007,7552,7552,7552
19721,6976,5348,4898,4898,4898
19722,5507,5056,5507,6713,6713
19723,8513,856,7161,6366,6242
19724,4871,2516,5822,6055,6055
19725,4584,5705,8989,5315,6539
19726,4845,6411,4795,5505,5081
19727,5555,5056,5292,5469,6752
19728,3974,6842,5151,5151,5151
19729,6984,8682,8632,7500,7500
19730,4936,5221,5221,5221,5221
19731,4936,7284,4772,4772,4772
19732,974,8725,7146,4456,7935
19733,4520,7324,6583,6583,6583
19734,4433,5300,6797,3379,3815
19735,6287,4642,5242,6149,6149
19736,5653,4129,4004,4799,4799
19737,5540,6421,6421,5888,6421
19738,6654,2733,5937,5937,5937
19739,5404,6248,5528,5236,5236
19740,3623,4912,5880,5880,4639
19741,4829,4772,7662,8348,8348
19742,5705,4313,7382,9183,8872
19743,6670,5365,5080,5080,5080
19744,6492,6083,6122,6122,6122
19745,6769,4683,8687,8687,8687
19746,6307,6860,4676,4676,4676
19747,5493,4863,6161,5792,6161
19748,5698,5872,6749,6749,6749
19749,5489,5220,5581,5581,5581
19750,6533,5683,4986,6012,6704
19751,6638,6197,6363,6714,6714
19752,7814,6295,5147,8987,8987
19753,6106,5526,4712,4995,3859
19754,3436,4846,2768,2768,5604
19755,5528,6510,6543,6543,3617
19756,2542,4258,4939,6917,6917
19757,5111,5144,5057,5057,5057
19758,6764,6880,5516,6877,6877
19759,6267,6530,5826,5705,5712
19760,7788,7770,7966,7454,7454
19761,8251,4923,6225,6225,6225
19762,6403,3243,3095,2797,2797
19763,6498,4583,7425,6710,7425
19764,6227,2994,7198,3179,3179
19765,6157,6731,6211,5279,5279
19766,5550,6111,5113,5537,5537
19767,5899,5257,4764,5531,5531
19768,4856,5135,5132,5259,5259
19769,6944,6662,4560,9124,4560
19770,2355,4856,6081,6081,6081
19771,5466,5309,4960,6373,6373
19772,5436,5827,6110,6761,6089
19773,5533,6896,6896,5966,5966
19774,5156,5958,4807,4807,4807
19775,5289,5275,5105,3771,6366
19776,4981,5126,7906,7906,7906
19777,4861,6112,6853,6853,6853
19778,4603,6271,6192,6844,6844
19779,5733,8249,5060,5060,5060
19780,5072,6365,6908,5766,6908
19781,5072,5547,6880,6880,6880
19782,4754,6793,6605,3716,3716
19783,4790,5763,6090,5653,5653
19784,6723,824,6630,5665,5665
19785,7424,7051,7050,7050,7050
19786,4898,5105,5014,7982,7982
19787,6681,4861,5967,5728,5728
19788,6366,6713,8564,6797,6797
19789,2797,6822,5456,6285,5456
19790,8754,8242,9104,9104,9104
19791,6171,6822,6563,6563,6563
19792,7027,3632,8013,8013,4938
19793,6482,5223,3350,3350,3350
19794,4893,5365,2541,2541,2541
19795,7759,5647,6112,3800,3800
19796,5488,4898,8787,5038,5038
19797,5462,5462,5488,6333,6333
19798,6566,7861,8515,8515,5683
19799,6566,5904,5845,5845,5845
19800,5370,6447,6681,6681,6681
19801,4805,5511,5094,6244,6244
19802,5951,9232,8993,7172,7239
19803,6166,5562,5534,6417,5534
19804,9011,4832,6880,6880,6880
19805,5609,5125,5882,5845,6565
19806,5074,4347,9143,4776,4776
19807,6292,7267,4976,8784,8573
19808,8188,7267,7809,7406,7406
19809,8018,7076,7671,6429,6429
19810,3351,7041,6348,6348,6348
19811,3516,5582,6671,2902,6671
19812,6558,4420,7953,7649,5182
19813,6280,6287,8700,7718,5712
19814,3419,5462,6105,5832,5832
19815,5192,8923,5494,5841,5841
19816,4741,5782,5782,6581,6581
19817,6106,976,9194,4799,4799
19818,5705,6583,6786,6074,5147
19819,6430,4937,6061,5197,6539
19820,6446,8719,6061,8064,8064
19821,5205,4937,5522,5522,5522
19822,5064,4852,4685,8815,8815
19823,6399,6939,8064,5470,5470
19824,7652,7974,7652,7652,7652
19825,6493,3237,4423,7269,8115
19826,6506,6506,8343,8343,8343
19827,6506,6506,3784,6492,6492
19828,6260,6047,8458,5051,5342
19829,8964,3050,3243,3243,3243
19830,7015,6579,5188,5188,5188
19831,6786,6333,2902,5403,5403
19832,5986,3407,7164,6075,6075
19833,6514,7982,7463,7463,7463
19834,3819,4986,4304,3946,6154
19835,5056,6386,6513,5376,5376
19836,7378,8876,6268,7714,3814
19837,1420,9050,1029,5699,8692
19838,4846,6679,5732,5973,5973
19839,3976,5414,3547,8473,3547
19840,3503,3546,3989,3989,3989
19841,5353,5353,5610,5610,5610
19842,9120,7480,5253,3318,3318
19843,5619,6849,5125,5125,5125
19844,4735,5484,6580,6529,4943
19845,5339,6481,6891,6891,6891
19846,6203,3368,4694,6209,6209
19847,3997,5053,2816,846,846
19848,2731,4461,3298,3298,3298
19849,5543,5349,6043,5064,5064
19850,6302,5910,6912,6912,6912
19851,2452,5528,5453,2452,2452
19852,8088,6001,7558,8542,8542
19853,8004,4258,7744,6099,6099
19854,5417,5750,6944,7644,7644
19855,6463,5778,5972,5972,5972
19856,8051,7535,8599,9118,9118
19857,5217,6948,8949,4633,8511
19858,5957,7581,7776,6375,6375
19859,6324,6042,6042,6042,6042
19860,6496,3994,2333,6520,6520
19861,5486,4701,6369,6369,6369
19862,5057,5626,5057,4982,4982
19863,4659,5994,5752,6565,6565
19864,7886,7745,8895,8895,8895
19865,5549,5636,7195,8365,8365
19866,3318,2423,6345,8997,8877
19867,4646,4646,4646,4646,4646
19868,4646,4646,4646,4646,4646
19869,4646,4646,5750,4956,4956
19870,6682,5340,9028,9028,5456
19871,8937,2611,2966,4787,4787
19872,5589,4247,3556,4246,3556
19873,4639,4436,1877,8196,8196
19874,6883,4584,7248,6552,6552
19875,4576,6776,3495,4077,2888
19876,4692,5904,4833,4833,8393
19877,6089,5025,4835,5279,5279
19878,5964,8601,5948,5263,6896
19879,4393,5699,6768,5115,5115
19880,8954,6993,7812,7812,7812
19881,4739,4666,5346,7303,5346
19882,5795,7321,7079,7321,7321
19883,8625,8625,8353,6760,6760
19884,6383,8481,9131,9131,9131
19885,5140,5568,2161,3203,6710
19886,5583,5976,4999,6572,6572
19887,7565,2957,2424,3113,3113
19888,4667,5471,6006,5471,6006
19889,6672,5121,4085,6260,4085
19890,8286,5864,7577,4763,4763
19891,6201,6729,6617,5132,6617
19892,5533,6240,6883,6883,6883
19893,2445,4106,4954,8565,4954
19894,5290,6786,6539,5234,5234
19895,7153,2192,6642,4965,4965
19896,6827,8959,5564,5564,6416
19897,540,1209,7991,7991,7991
19898,8693,8495,888,7343,7343
19899,6817,4648,5755,5755,5755
19900,5589,4702,4702,4702,4702
19901,5646,4769,5646,5146,5146
19902,7592,8041,3555,8235,8235
19903,5940,6372,6055,4922,6055
19904,7083,5932,5932,7516,7516
19905,8941,6528,4775,5745,5745
19906,6600,4689,6918,6918,6918
19907,8528,2372,8750,6744,6744
19908,5524,6460,6370,6370,6370
19909,7606,7976,6063,6063,6063
19910,7233,7655,3918,3918,3918
19911,6633,5416,5642,6633,6633
19912,6570,4907,5577,5577,5577
19913,6378,4547,2568,2568,2568
19914,4974,5676,7816,8556,8556
19915,5339,5994,6796,6361,6361
19916,6549,6453,5616,5882,5882
19917,6796,5609,6796,4824,4287
19918,6009,5124,6230,6825,6204
19919,6270,6443,7382,4642,4642
19920,5480,6318,6240,4627,4627
19921,8423,6678,6371,5539,5539
19922,4956,7591,7325,8438,3892
19923,5165,4888,5990,5990,5990
19924,7413,4860,4161,5956,5956
19925,8023,5868,738,7935,7935
19926,6439,8363,4648,7040,5623
19927,6361,5662,5239,5650,5239
19928,6634,6764,6764,5057,5057
19929,6762,6138,6908,5882,5882
19930,4948,4718,6543,6981,6543
19931,5103,5234,5650,4427,4427
19932,7976,5635,6866,7134,4409
19933,6304,4736,4736,4736,4736
19934,4606,4903,4066,4066,4066
19935,3091,5674,2345,6494,6494
19936,6435,6435,6435,6435,6435
19937,6435,6363,4624,4624,4624
19938,5084,5346,6676,5796,5796
19939,6604,6604,5597,8164,8164
19940,4745,6659,6251,6251,5670
19941,6211,5346,4827,4827,6637
19942,6724,6038,6038,6038,6038
19943,6724,5623,4686,4686,4686
19944,5559,5906,6807,6807,8127
19945,1573,5058,3725,4336,4336
19946,8423,6900,594,8446,8446
19947,7177,6109,6944,4560,9124
19948,5736,4780,4787,5566,8922
19949,6755,5930,4851,4851,4851
19950,6241,6752,4789,4789,4789
19951,4961,5100,8671,8671,8671
19952,5879,5769,4841,8331,8331
19953,6472,6342,6409,6409,6409
19954,6685,5138,6528,4793,4793
19955,3542,5737,6094,6801,6801
19956,6728,6381,5298,5397,5397
19957,2310,5221,3015,8357,8357
19958,6380,5534,4989,4989,4989
19959,6217,5006,8717,6659,6659
19960,5240,2,6128,4981,6858
19961,5240,6974,7241,7030,7030
19962,5240,6643,7614,8589,6535
19963,7233,6495,7233,7116,7116
19964,7395,6575,6936,6936,6936
19965,2331,4559,3957,3957,3957
19966,5949,6823,2105,5235,5235
19967,8433,8433,5160,5160,5160
19968,5340,6896,5248,5402,5402
19969,5357,6402,6579,4982,4982
19970,4620,5100,6372,6372,5298
19971,5183,5637,7812,7812,7812
19972,8492,5237,5237,5237,5237
19973,4627,5237,5237,5237,5237
19974,6338,5436,6534,6534,6534
19975,6750,4835,5078,5078,5078
19976,5966,5893,5128,5893,5309
19977,5638,5299,5362,4835,4835
19978,8096,9064,5617,5617,5617
19979,934,1307,6554,3297,3297
19980,6386,7778,6502,8606,8606
19981,5505,5493,5228,5168,5168
19982,2548,7305,2490,2473,7915
19983,5608,7985,4196,2906,2906
19984,4650,6530,4881,2348,2348
19985,5924,6546,6023,6546,6023
19986,6813,4825,5010,5010,5010
19987,5527,5527,5527,5527,5527
19988,5671,8680,6222,8680,1564
19989,6394,4863,5374,6222,6222
19990,6240,5600,4906,5181,5181
19991,6040,6144,8404,5064,5064
19992,6144,3026,7996,7686,4694
19993,6813,6291,5868,5868,5868
19994,5151,3547,5345,5345,5345
19995,6559,4940,6648,6795,6795
19996,5309,3840,3607,5434,3806
19997,6691,5041,3909,7044,7742
19998,5434,6624,4677,4677,4677
19999,6558,5576,9159,4971,4971
20000,7125,7442,7142,7142,7142
20001,6820,8015,6150,4724,6150
20002,6081,5953,5953,5953,5953
20003,5199,6570,4808,6134,6134
20004,2816,5772,5875,5875,5875
20005,5184,7572,5254,3574,2750
20006,4193,2630,9136,9136,9136
20007,4406,8886,5855,5855,5855
20008,7606,6495,4682,5963,6523
20009,2997,6495,8447,8447,8447
20010,5963,8326,8886,8886,8886
20011,8772,2541,7723,3487,3487
20012,2483,3262,5019,4791,4791
20013,2331,3223,2949,2949,2949
20014,5537,4864,6269,6269,6269
20015,6609,6774,6405,6405,5088
20016,5490,6275,6775,6661,6661
20017,6620,5013,7124,7794,7794
20018,6940,6494,4330,6328,6328
20019,8941,7755,6654,7252,7252
20020,3437,4388,3161,3265,3265
20021,8949,1642,8336,8131,8131
20022,6332,7093,5097,7787,7787
20023,6294,5481,6920,6920,6920
20024,6061,9090,5138,5138,5138
20025,7482,5639,3409,6688,6688
20026,6128,5827,4870,4870,2611
20027,4841,4812,3634,4567,4567
20028,6744,4952,6088,6088,6088
20029,5352,5120,5308,6636,6636
20030,6389,5553,5074,5074,5074
20031,5352,6827,5319,5308,5308
20032,7044,6783,5181,5181,5181
20033,6749,7056,6749,6749,6749
20034,6538,5188,4700,4692,4692
20035,3032,6858,7861,7861,7861
20036,5900,6664,4829,8251,8039
20037,2476,2495,5974,8203,3425
20038,4655,5587,4655,4655,4655
20039,4655,9207,8369,4655,4655
20040,4655,8975,6738,4655,4655
20041,6530,5362,4984,2977,2977
20042,6556,6476,1459,8283,8283
20043,6530,6151,5866,6769,6769
20044,2536,6196,5642,5642,5642
20045,5963,5963,8269,7258,7258
20046,8132,6675,8661,8132,7354
20047,5805,5365,6615,5271,6813
20048,4193,5235,5970,5970,5970
20049,6308,4984,5927,6633,5927
20050,3830,2863,3178,6177,4489
20051,6186,6157,7161,7161,7161
20052,6318,4892,5302,4960,4960
20053,5117,5095,6847,6847,6847
20054,3416,3416,5452,7057,7057
20055,6483,8608,8327,8464,8464
20056,8818,6495,7098,6012,4603
20057,6606,4838,7173,7173,7173
20058,2912,8876,8825,2530,3355
20059,6149,6804,5496,4829,4829
20060,6638,6828,6322,6322,6322
20061,6372,7871,4154,7673,5037
20062,5184,5668,4471,3885,4471
20063,5788,5255,6922,5612,5612
20064,5184,4299,8341,9106,5204
20065,7740,5989,5989,5989,5989
20066,6224,6313,5652,5652,5754
20067,6922,5439,5853,5853,5853
20068,5061,5412,6306,7764,7764
20069,4827,7840,5932,5932,5932
20070,5243,8518,6450,6197,5943
20071,5747,6391,6071,6071,6071
20072,6431,5203,9182,5916,5916
20073,4928,5400,4743,4705,4705
20074,5491,6350,6593,6593,6593
20075,4968,4691,4092,4982,4982
20076,6529,5765,6805,6805,4571
20077,4837,7630,7394,8144,8144
20078,8144,4892,5508,6636,6636
20079,6712,5423,6270,5100,5100
20080,4827,5900,5829,5829,5829
20081,5709,2584,4304,4304,4304
20082,5507,6594,4967,4946,4946
20083,4642,6465,8989,8989,8989
20084,2489,3882,5454,5813,5813
20085,5796,5439,5080,2452,2452
20086,8074,9000,6483,6483,6483
20087,5075,6868,5879,5661,5661
20088,4883,6289,6868,5849,5849
20089,6031,6409,6409,6409,6409
20090,7824,9052,5836,5836,5836
20091,4905,4905,4618,4618,8597
20092,6812,6078,6872,6872,6872
20093,5198,6868,5564,5747,5747
20094,2908,8601,8601,8601,6374
20095,5111,6660,5546,5546,6048
20096,5846,8862,4720,4902,4902
20097,6067,6371,6599,6599,6599
20098,8360,8923,7269,7269,7269
20099,6411,6313,8360,6167,8360
20100,8515,6257,5171,5171,5171
20101,5277,6524,5211,5211,5211
20102,5392,6829,7779,4761,4761
20103,5392,4954,6464,5965,5965
20104,4330,5390,4884,5199,5199
20105,6494,5937,2930,6378,6378
20106,3369,5206,5301,6408,6408
20107,5275,6009,6322,8747,8747
20108,5767,5866,6078,6078,6078
20109,5137,5785,4984,5459,5459
20110,2516,3800,8749,8749,8749
20111,6354,3208,9206,9206,9206
20112,5289,163,6748,3280,3280
20113,5661,3208,4079,4079,4079
20114,4629,5856,5790,5790,5790
20115,6979,2668,6027,4423,4423
20116,5722,6208,3647,3647,3647
20117,2365,5206,5111,5111,6156
20118,6241,5484,5975,6212,6212
20119,6401,5587,6214,5341,6368
20120,8875,4801,6251,6251,6251
20121,8916,5869,5393,5393,5393
20122,7694,6131,6944,3667,3667
20123,6364,7405,6875,6875,6875
20124,6364,7983,5066,8926,5066
20125,3138,2600,6760,6454,6454
20126,9130,9057,6081,6081,6081
20127,6201,4948,6599,5218,6599
20128,6081,6081,8415,6592,5033
20129,3866,4387,4397,2951,2951
20130,8555,7811,8715,4611,8715
20131,4867,6352,6183,4732,4732
20132,5363,6430,8757,6196,6412
20133,6614,4805,4610,5593,5593
20134,8646,4172,4611,4611,4611
20135,3398,3412,4008,6328,8290
20136,5935,9009,8933,9165,9165
20137,4907,5111,5250,6349,6349
20138,6408,5162,4797,5162,4797
20139,5104,3007,4625,4625,4625
20140,5533,6152,6687,6687,6687
20141,6026,5303,6077,4747,4747
20142,6273,8875,5846,5846,5846
20143,5121,5769,5209,5209,5209
20144,6000,7613,7388,4897,4897
20145,6090,6254,4713,4713,4713
20146,6420,7577,6665,6665,6665
20147,6473,4939,8467,5859,4908
20148,6536,8484,6378,4885,4885
20149,5614,6637,4771,7318,7318
20150,5839,5985,5420,5942,5420
20151,6445,6700,3784,3784,3784
20152,4950,6352,3639,3639,3639
20153,6430,7283,6646,3848,6646
20154,6460,4952,5131,6319,6319
20155,8403,7097,7097,5550,5550
20156,5170,3031,5856,5856,5856
20157,6742,7529,7529,5856,8323
20158,8132,4765,4844,8541,4844
20159,7930,3150,3792,3792,3792
20160,6256,6756,6820,6820,6820
20161,5154,3739,6741,6741,6741
20162,5114,3116,5154,5154,5154
20163,6720,5933,3713,5948,6206
20164,5746,5490,6143,5435,6143
20165,6291,586,7523,5010,5010
20166,6070,6366,6922,6820,6820
20167,5769,6661,2648,3314,3314
20168,4842,6616,4629,4629,4629
20169,5608,5037,3045,5528,5528
20170,6859,6859,6859,6859,6859
20171,5665,6583,5334,3181,3181
20172,6859,6859,6859,6859,6859
20173,5203,6267,9165,6041,6041
20174,3041,4135,5750,5017,5017
20175,4141,4805,9173,8357,8357
20176,5451,6626,8462,8462,8462
20177,6113,8244,5713,1910,1910
20178,5737,5025,6750,5213,6896
20179,7020,7628,7090,7090,7090
20180,2997,5498,5489,5991,5991
20181,5561,5581,5715,5715,5715
20182,6538,6511,5376,6830,6830
20183,5480,5739,6666,5817,6614
20184,4763,5555,4840,4794,4840
20185,5614,5927,4770,4770,4770
20186,7990,0,5838,5838,5838
20187,5079,2958,6906,6906,6906
20188,5077,6171,4440,4440,4440
20189,6633,5489,4994,5416,5416
20190,7509,8763,5642,5642,5642
20191,4931,6732,4931,4931,4931
20192,9143,6007,9092,4714,4714
20193,6808,5821,5413,5821,5821
20194,7127,4474,8290,5339,5229
20195,7806,8830,4445,4445,4445
20196,4633,8217,7473,7473,7473
20197,2624,5650,6590,6764,5250
20198,4888,4675,5711,5579,5579
20199,6212,8303,6212,6212,6212
20200,5484,3974,5151,9105,9105
20201,8013,7171,7171,3486,3486
20202,5652,6386,6217,6217,6217
20203,5158,5684,4885,2365,2365
20204,6272,6272,5317,5317,5317
20205,6349,4547,6843,6297,4884
20206,5741,4650,6906,5397,6749
20207,5284,6217,8892,2601,8892
20208,3409,6346,6427,6427,6427
20209,4732,5075,5075,5075,5075
20210,8132,8480,5884,5732,6633
20211,7723,7258,7723,6633,6633
20212,8628,6717,8469,5642,8069
20213,5068,6736,8178,4841,4802
20214,5855,4352,8514,4606,5959
20215,5222,226,5222,5222,5222
20216,5222,8327,2647,234,234
20217,5222,5237,891,891,6999
20218,6860,6750,5738,5893,5893
20219,4835,4957,5230,6546,5230
20220,6718,6718,4763,5228,5228
20221,7994,4681,6709,5865,6709
20222,3065,3392,4861,2657,2657
20223,5869,3566,7198,5777,7198
20224,4978,5859,6654,7099,7099
20225,4311,4700,3120,9058,9058
20226,5682,5674,5996,5294,5294
20227,6448,5309,6752,5248,5248
20228,5365,6210,6624,6624,6624
20229,4637,6152,6152,5572,5572
20230,4909,1883,8855,8855,8855
20231,5617,6574,9195,3036,7288
20232,6713,6742,5227,5227,6449
20233,5292,7626,7434,4698,7434
20234,5696,3780,3829,3663,3513
20235,5323,5403,5081,5081,5081
20236,5121,8683,5751,5751,5751
20237,5642,5642,9179,7723,7723
20238,6864,4689,6853,6853,6853
20239,6154,5669,4715,4715,4715
20240,2145,7363,5851,6595,6595
20241,4999,1952,1952,4648,4596
20242,6244,6646,7548,7548,7548
20243,2906,8431,2548,6804,6758
20244,5307,4764,4913,6825,2695
20245,4146,3973,8577,4233,3647
20246,7616,5259,4631,5112,6001
20247,4787,5169,2651,5432,3529
20248,5282,5412,6068,5308,5957
20249,8924,5427,5523,7492,5523
20250,9000,7536,7536,8551,8551
20251,8771,2863,4271,4271,4271
20252,6175,353,909,909,909
20253,62,7474,4379,4379,4379
20254,9084,8307,6197,6723,6723
20255,4900,6406,6406,2332,2332
20256,7624,6919,6733,7543,6733
20257,5078,6363,6434,6434,6434
20258,5537,4955,6584,6584,6584
20259,6896,6210,6363,6210,6210
20260,5067,5126,7219,4986,4986
20261,5853,5853,6582,5755,5755
20262,6093,4620,6240,6616,6616
20263,5425,7577,4140,4140,4140
20264,2914,8745,5304,8625,5003
20265,4455,7791,8941,7414,7414
20266,6643,4847,5395,5395,5395
20267,5011,7081,2333,5365,5365
20268,6537,4973,6020,5388,5388
20269,8541,2372,6254,6254,6254
20270,5817,6112,6075,5923,5923
20271,6401,6517,5137,5143,6702
20272,5369,5369,5369,5369,5369
20273,5369,5369,6357,5369,5369
20274,7813,8605,7465,5822,5822
20275,6154,4999,6280,6280,6280
20276,6794,4332,6186,5371,5371
20277,4748,6987,4803,2450,2450
20278,6245,2312,910,3452,3452
20279,5920,5317,4691,6273,4691
20280,5196,5539,6785,5977,6785
20281,6499,4832,4948,4948,4948
20282,5076,6764,6174,5000,5000
20283,5546,5250,4792,6174,6174
20284,5302,1385,6320,6320,6320
20285,4937,8816,7258,5077,7509
20286,2179,8453,7645,2414,7645
20287,6211,5095,6831,6799,6799
20288,8551,4928,6462,7949,7949
20289,5160,5411,5411,6009,5320
20290,7509,8985,4416,5617,3790
20291,5418,7047,7112,7112,7112
20292,3065,5038,7155,6320,6320
20293,6243,6160,1282,1282,1282
20294,6303,6648,6648,6409,6409
20295,5669,8000,8000,8000,8000
20296,4877,3859,7330,6469,2419
20297,1638,2997,5257,5693,3922
20298,4707,6361,3007,6361,6849
20299,6911,6588,7325,7325,6516
20300,6631,5686,5104,4777,5716
20301,6371,6223,6588,5808,5808
20302,4659,4824,4921,4659,4659
20303,5464,5557,5491,3857,5491
20304,4816,6805,5111,5111,5111
20305,6403,4841,6256,6256,6256
20306,5571,5067,3179,3179,3179
20307,4640,4312,5640,6191,6191
20308,4726,5303,7642,4694,4694
20309,6693,4842,4996,4996,4996
20310,5039,6456,6817,6246,6817
20311,5211,4797,4797,4797,5999
20312,4736,4816,4816,4816,4816
20313,6464,4888,3091,6019,6019
20314,6501,5990,6694,6694,6694
20315,4716,5609,6840,6840,6840
20316,5103,7701,5031,6087,6087
20317,4754,6223,6371,3623,3623
20318,6917,6917,6917,4880,6223
20319,6764,5999,5546,5239,5239
20320,5301,7960,5857,5857,8695
20321,2684,8195,1575,5602,8053
20322,4580,3871,6536,8782,8782
20323,8127,5863,4743,4743,4743
20324,7220,7117,7357,7357,7357
20325,4705,6700,6907,6907,6907
20326,5598,5088,6400,6269,5637
20327,4968,5880,5434,5434,5434
20328,6008,6217,4887,5785,5785
20329,2669,3946,3946,6089,5598
20330,5944,6241,4694,6773,6773
20331,5040,5454,3602,3602,3602
20332,7401,4378,3456,6171,4793
20333,7715,4937,5524,5524,5524
20334,6413,8487,9211,9211,9211
20335,7371,5603,8752,7129,8752
20336,5266,678,916,916,6091
20337,6173,6233,4677,4677,4677
20338,4701,4824,4990,5491,5491
20339,6785,5547,4659,6790,6790
20340,5770,4782,5249,4824,4824
20341,6371,5999,4808,5999,5999
20342,4088,5729,6081,6081,6081
20343,8949,6118,5547,5547,7375
20344,3306,3954,3545,7741,2377
20345,3412,6334,6963,4707,5858
20346,4824,5297,5129,4865,5316
20347,7790,6402,6160,6833,6833
20348,5900,6035,5361,5361,5361
20349,3894,6586,6044,6044,6044
20350,4742,4742,6107,6107,6107
20351,8306,5892,7326,7326,8306
20352,4742,4864,4742,4742,4742
20353,2862,3893,3857,3857,3857
20354,6890,6671,8337,8689,8689
20355,6890,6890,6890,2862,2862
20356,5273,6469,6188,6188,6188
20357,4863,5766,6525,6525,6525
20358,5798,4886,5765,8225,4822
20359,5950,4661,4661,4661,4661
20360,6373,8932,5552,5552,5552
20361,2854,7012,8884,8369,8369
20362,6693,4610,6213,6213,6213
20363,5932,5799,6366,6269,6366
20364,5465,162,6693,5581,5581
20365,8167,8772,4853,8111,8655
20366,4997,8462,4997,6321,6321
20367,9022,7514,7366,8503,8503
20368,6645,5436,4977,5668,4977
20369,6637,6502,5838,6980,4842
20370,6305,5767,6368,6368,6006
20371,5227,8527,6168,6168,6168
20372,5534,8013,4810,8989,8989
20373,4893,7466,6414,6414,6414
20374,428,6621,4958,1056,1056
20375,6175,6150,6710,4724,4724
20376,4760,5588,8380,8380,8380
20377,8167,8568,4613,7368,4613
20378,6651,6527,4627,5886,6666
20379,4655,4655,5308,5957,5957
20380,2863,4634,5360,5360,5213
20381,5672,9055,6677,6677,6677
20382,6103,5264,7863,7863,7863
20383,5289,8150,5741,6813,6813
20384,5833,7278,2579,2579,2579
20385,4944,6225,4944,4944,7080
20386,4576,4196,7923,8546,8546
20387,4323,3495,4966,4821,4821
20388,4872,3177,6130,5784,5784
20389,2420,8120,2895,5098,5098
20390,8488,4741,6886,4807,4807
20391,6535,6270,7949,6169,5292
20392,4895,5267,6553,3907,6064
20393,5897,5486,4671,5897,5897
20394,2816,2732,4066,6905,6156
20395,5959,6644,6276,6633,6633
20396,6547,6868,6547,6547,6547
20397,5841,5851,6460,6154,5774
20398,7947,7994,1130,6337,6337
20399,2902,5377,781,781,781
20400,6853,6191,6152,5819,5819
20401,6766,6880,5486,5486,5486
20402,4917,4879,4658,4658,4658
20403,5658,5246,6911,6140,6911
20404,8418,4645,5089,8551,8551
20405,8700,4653,4814,5447,5447
20406,6016,7359,3385,2789,2789
20407,5402,6640,5187,4946,4946
20408,5266,5137,4629,3477,3389
20409,2370,6561,3787,3787,3787
20410,6716,6206,3026,3026,5826
20411,5935,4269,2502,4812,2745
20412,3912,5254,6152,5569,5569
20413,8755,4947,7528,4947,4947
20414,6576,1756,5522,6575,6575
20415,5555,5691,8864,7445,7445
20416,5985,5119,5494,5119,5119
20417,5733,7062,6090,4937,8132
20418,4739,5338,7861,5620,5683
20419,6543,3156,5930,5541,5541
20420,4721,5233,6366,3037,3037
20421,4721,6311,9065,9065,4870
20422,5205,5181,4900,4900,4900
20423,6780,5593,2779,6166,5349
20424,5205,6061,6274,6274,6274
20425,6513,5505,5068,4795,4795
20426,6802,3413,4665,4665,4665
20427,7013,6873,9030,3631,3631
20428,6528,5731,5628,6882,6882
20429,8226,4899,5809,8875,8875
20430,6558,2499,3835,5799,5799
20431,6039,5005,5176,5176,5176
20432,5173,5342,4942,4942,4942
20433,4773,6625,2658,3998,3998
20434,6965,5268,5025,5025,5025
20435,6862,6203,5828,4905,4905
20436,3902,4198,6870,9189,2461
20437,4420,8312,8380,8380,6791
20438,7912,7768,7501,4749,4772
20439,5124,4936,6023,4946,4946
20440,4981,5232,6907,6761,6761
20441,4760,7523,4746,4958,4958
20442,5340,6053,5376,8360,6783
20443,6626,4359,6427,6427,6427
20444,2965,7424,5176,5176,5176
20445,6216,2958,2958,7709,2958
20446,5271,6697,6934,6934,6934
20447,5844,6437,3342,5888,5015
20448,4449,4446,6149,6024,6024
20449,5228,6243,5365,6507,6507
20450,6594,6762,6846,6150,6150
20451,5748,4778,6108,6708,6108
20452,4834,6650,8228,8228,7599
20453,7312,5646,6352,4519,4519
20454,7631,6404,3975,3975,8754
20455,4337,8941,4985,4985,4985
20456,3344,5945,5484,6510,5808
20457,4341,4753,6421,6344,6421
20458,9086,8004,7907,7907,7907
20459,5447,8641,6843,5750,5750
20460,8948,6463,6729,6729,6729
20461,4271,5273,5706,5273,5706
20462,5267,6519,6519,3333,5161
20463,5764,6540,4693,5764,5764
20464,8413,5356,2483,7641,7641
20465,6899,4981,6011,6433,6011
20466,3477,2888,4143,4891,4891
20467,6638,5948,4420,4420,4420
20468,5113,9092,5948,5808,5531
20469,4664,2489,5287,6028,6028
20470,5585,5083,4952,5173,5173
20471,5585,4892,5554,2460,2460
20472,8606,6356,6104,5587,5587
20473,6204,6883,3678,3678,6721
20474,9183,5056,3660,7940,7940
20475,5337,6070,7560,6409,6386
20476,5517,4330,6851,4993,7493
20477,6510,3234,1952,5234,1952
20478,5818,7206,8699,5481,5481
20479,6946,6929,6946,6946,6946
20480,7596,3645,2554,3826,6946
20481,4956,5492,7570,7570,7381
20482,5994,5619,5671,5671,5671
20483,6138,6613,6613,6424,6424
20484,3868,5744,5560,4782,4782
20485,5347,2810,8023,6899,8023
20486,9008,6376,9184,9055,9008
20487,6934,5113,5741,4960,3339
20488,5618,5618,7481,8680,7481
20489,8287,7681,8038,8038,8038
20490,5618,7481,6117,6117,6117
20491,6599,5536,5424,6218,6218
20492,5136,8206,4880,4880,4880
20493,5443,9092,6058,6058,6058
20494,6063,4557,6905,6203,6203
20495,4619,5608,6266,4584,6309
20496,4536,2965,7382,7382,6967
20497,5253,6015,4830,4830,4830
20498,5408,4690,6316,846,6316
20499,5635,5483,6256,6256,6256
20500,6741,6461,6828,8875,8875
20501,3629,6437,5170,5170,5309
20502,6239,4488,4194,4194,4194
20503,5148,7047,5148,4663,5148
20504,6623,6037,5919,7678,7678
20505,5732,4546,5651,5651,5925
20506,5996,5203,6313,3502,6320
20507,6191,4193,5232,3120,3120
20508,4700,6013,4597,4597,4597
20509,6040,6058,6557,2328,4608
20510,2833,6356,6356,6356,6356
20511,5679,8821,9120,9120,9120
20512,6597,3351,5868,5868,5868
20513,6858,1385,5465,6897,5465
20514,933,8615,5134,5134,5134
20515,2489,5566,2733,5773,5773
20516,5804,5011,3271,2712,3538
20517,6753,357,6753,6753,6753
20518,5191,6652,5352,6088,5352
20519,7209,8989,4987,4987,4987
20520,4861,5149,4187,3752,3752
20521,6395,6361,6548,6395,6395
20522,5429,8166,4282,3703,5935
20523,6773,6908,5267,5267,5267
20524,5984,4945,4700,8787,4700
20525,5465,5715,5561,5581,5581
20526,8569,2055,6730,9201,9201
20527,4191,6513,2516,6291,6291
20528,6523,4170,6367,5290,5290
20529,6873,8932,6873,6899,6899
20530,6562,5775,6531,6331,6331
20531,6474,6474,7083,6474,6474
20532,8175,8429,9127,9127,9127
20533,6381,5128,6111,6111,6111
20534,6639,5746,6901,6901,6901
20535,5466,6210,6355,4835,4835
20536,4822,5330,3565,3565,3565
20537,5204,9120,2897,2683,2683
20538,2752,2491,3472,3472,3472
20539,7904,6683,5203,5203,6145
20540,7734,7847,6791,7617,7617
20541,5896,5231,6886,2913,2913
20542,6593,4921,4740,6343,4740
20543,3783,6735,6081,6081,6081
20544,6587,5337,6694,6694,6694
20545,4999,7861,6820,6107,6107
20546,6629,3237,5630,5630,5630
20547,4734,5698,6031,6031,6031
20548,8546,5900,6687,6687,6687
20549,6485,6919,6052,8672,8672
20550,4653,2454,6197,5957,4653
20551,6769,7427,8082,8082,8082
20552,8409,4407,4660,4660,4660
20553,5951,8774,8167,8167,8167
20554,6537,6400,4702,4702,4702
20555,8495,4677,1023,2031,2031
20556,4999,6556,5481,5088,5481
20557,6272,5516,5953,5953,5063
20558,6046,6277,6599,6599,6599
20559,4884,5404,5000,4671,4671
20560,7548,5721,5643,4610,4610
20561,6075,5201,4821,4821,4821
20562,5009,5868,5868,5868,5868
20563,4901,3222,5333,5333,5333
20564,5214,5462,5372,5372,5372
20565,5088,4692,6460,5213,5490
20566,1015,1015,8627,8627,8627
20567,4689,7090,8114,8114,8114
20568,8613,6205,7939,7939,7939
20569,8180,7129,7458,7130,7130
20570,8671,6139,6697,6039,6039
20571,4970,5282,5455,5455,7893
20572,2990,3894,3894,5797,5797
20573,5333,2698,2664,4208,4208
20574,2698,6115,2698,2698,2698
20575,2585,2961,5665,5422,5422
20576,4696,4178,2862,9141,2862
20577,5287,6520,4124,2434,4124
20578,6279,2434,8643,9106,8138
20579,5772,5875,5999,8325,8325
20580,8973,6463,5714,5714,5714
20581,5424,5087,6829,4884,4884
20582,6020,5729,5381,5381,5381
20583,6410,4885,4873,6494,6494
20584,6690,5108,5030,4914,5030
20585,6589,9038,8409,5225,5189
20586,6083,7371,8182,8182,6083
20587,2474,5889,6033,6033,6033
20588,5003,5336,5314,5314,5314
20589,7325,5826,4634,4634,6148
20590,6637,5838,6216,6216,6216
20591,3339,5242,2332,3867,3867
20592,4840,6472,5958,5958,5958
20593,5544,5943,7088,7088,7088
20594,8651,5998,8927,4632,4088
20595,3890,5958,2641,2641,2641
20596,8719,4877,6902,4813,6902
20597,4813,6541,5604,6106,6106
20598,3060,3583,4877,4877,4877
20599,8374,5789,8248,6757,6757
20600,7051,8917,5452,5514,5514
20601,5786,8608,7018,8711,8711
20602,6482,657,4704,4704,4704
20603,5642,4737,6998,8996,8996
20604,6824,3384,9120,5651,5651
20605,6521,6521,7558,7285,6001
20606,5447,4141,5722,5722,5722
20607,4621,4621,6753,5600,5600
20608,6754,6239,7823,5452,6492
20609,4713,7617,6076,5509,5509
20610,8655,8244,6010,6239,6239
20611,2831,8398,8424,7064,8398
20612,6192,6576,5143,5143,5143
20613,8321,5289,6707,6707,6707
20614,8800,7711,8247,8247,8247
20615,5971,5819,5864,5864,8770
20616,7470,7442,4720,6061,6061
20617,4541,5092,7711,7711,3484
20618,9139,6500,8348,8992,6909
20619,6104,5145,4973,6177,5108
20620,4154,6214,4940,5721,5721
20621,5900,5115,6397,5488,6397
20622,5048,5481,5481,5481,5481
20623,7908,3288,5367,8067,7515
20624,4371,2332,3192,4165,3301
20625,5268,6117,3505,3505,3505
20626,5047,4843,6054,6480,6054
20627,6494,6678,4885,2568,4885
20628,5874,6641,3153,6159,6159
20629,4735,4792,6880,6766,6766
20630,6252,6863,6863,6499,6863
20631,5857,8206,5315,5315,5315
20632,6267,2581,6858,6858,6858
20633,5145,817,3160,6698,6698
20634,945,5935,4184,6106,8942
20635,6908,7282,6052,8388,8388
20636,3868,3164,5444,3944,3840
20637,6103,5270,5686,5686,5686
20638,5216,5314,5910,5330,5330
20639,5216,5445,5669,5669,5669
20640,4739,5320,8747,9151,5712
20641,5607,6027,7996,4724,4724
20642,4999,6095,6191,6819,6819
20643,5462,5643,4895,5181,3374
20644,5825,5586,6885,2348,2332
20645,6474,5106,6687,6687,8442
20646,5969,4653,6344,6344,6344
20647,5708,5872,6472,5205,6857
20648,5488,5205,4983,5407,5465
20649,6780,5973,5407,5456,5407
20650,7439,6303,6303,6079,6079
20651,5483,5593,6576,6576,6576
20652,5048,5223,6347,5139,6347
20653,8355,1948,4757,5628,7812
20654,8495,6018,5802,1084,1084
20655,5793,191,6170,6170,6170
20656,4967,5692,6141,6754,6754
20657,4991,4793,4626,4626,5081
20658,5231,6280,9151,9151,9151
20659,6769,5127,8752,8752,7840
20660,6434,5679,5362,4835,4835
20661,6624,5078,5078,3784,1738
20662,4953,6435,6435,5813,5813
20663,5095,6290,6169,5575,5575
20664,7219,7220,6375,6375,7492
20665,5910,5698,6922,6641,6641
20666,6764,6299,5486,5486,5486
20667,6096,5249,5491,5491,5491
20668,5875,6665,6494,6494,6494
20669,2431,3057,6201,6201,6201
20670,4225,3712,2713,2713,4376
20671,6371,5199,6501,5516,6501
20672,6551,6494,3153,5546,5546
20673,4992,5135,5135,6641,5135
20674,7177,461,461,461,461
20675,6215,7987,7236,5097,9161
20676,8158,3860,4780,5429,5979
20677,4978,6030,5182,6547,6547
20678,5672,6441,6556,5730,5730
20679,3116,5734,3154,3154,4653
20680,5781,5781,5781,5781,5781
20681,5584,5134,4837,4726,4726
20682,5781,5781,6175,6175,6175
20683,8907,4962,3243,4999,8864
20684,5078,3902,6800,6800,6800
20685,9207,9211,5412,7492,6483
20686,5773,6081,3850,3850,3850
20687,2966,8947,6267,6267,6267
20688,4896,5736,6673,6673,6673
20689,5636,5226,6383,6383,6383
20690,6515,4632,6162,8553,6162
20691,6383,5226,5937,5937,4925
20692,9102,8659,7676,7676,7251
20693,7968,4843,6190,6190,6190
20694,7806,5405,7059,6429,6429
20695,6392,6394,5354,6394,5354
20696,5373,6392,6555,6471,6555
20697,6480,4651,5977,4651,4651
20698,5822,4305,5933,5933,5481
20699,8003,7131,8896,3164,3739
20700,5291,7298,6377,7298,7298
20701,8090,5109,6666,6666,6666
20702,4693,2710,6904,2710,2710
20703,6266,3103,3716,3716,3716
20704,5638,4961,6782,6006,6006
20705,4510,3062,3747,4545,4545
20706,5367,5664,7999,6163,6163
20707,4893,8787,8317,8317,8317
20708,1308,1223,3660,7975,7975
20709,4456,4143,4723,7144,7144
20710,6738,9026,9022,9022,9022
20711,6738,6738,8975,7776,7776
20712,6738,6837,8758,8758,8758
20713,5329,6978,6555,7381,7381
20714,8091,6025,7907,7907,7907
20715,7325,8245,8060,4436,8060
20716,8206,939,3955,6273,6273
20717,6897,4802,4802,4802,4802
20718,5462,6756,5462,6745,6745
20719,7601,7673,9174,7424,7424
20720,5768,8418,8042,8042,8042
20721,9196,8988,5952,5952,5952
20722,3784,6492,5698,5442,5442
20723,6700,4669,6714,6718,6718
20724,4669,4705,1980,4692,4692
20725,4804,4260,4364,5333,5333
20726,7694,2418,4611,4611,4611
20727,8578,8647,7967,8195,8195
20728,6269,5036,5805,6615,6615
20729,5181,5760,6559,5698,5698
20730,5372,7866,5489,5914,5914
20731,5609,6578,4782,6490,4824
20732,6429,4813,4888,4888,4888
20733,5072,6793,6902,6902,6902
20734,8606,9045,8043,9019,8043
20735,5724,6535,6447,6808,6331
20736,8327,5106,5610,5610,5610
20737,7326,2476,5896,5736,2476
20738,6312,2625,3471,5140,5140
20739,8810,8534,8143,5037,5037
20740,5273,6144,5479,4271,5766
20741,6519,6328,5878,3627,3627
20742,5072,6908,4722,4722,4722
20743,6548,6343,5443,5443,5443
20744,5443,4750,4917,4917,4917
20745,6395,6395,5911,5662,5662
20746,6186,7554,3123,5510,5510
20747,5697,4851,6742,2611,6573
20748,5371,6791,566,566,566
20749,6571,3026,2536,5593,2536
20750,5416,5967,9024,7056,7056
20751,4999,8090,4999,5021,5021
20752,6246,5863,5863,5863,5863
20753,6645,4618,4176,6697,6697
20754,4629,6431,6765,6765,6765
20755,6590,6371,6917,6766,6766
20756,4639,5922,6877,6877,6877
20757,4854,6343,5676,5676,5676
20758,5801,5403,6070,4871,4871
20759,5456,6446,6352,6192,6192
20760,6517,5002,6409,6409,6409
20761,781,1464,5584,5708,5708
20762,1216,5661,5332,6498,6498
20763,1185,137,208,208,208
20764,4690,6448,7229,7229,7883
20765,5800,2548,6894,6894,6894
20766,5820,5591,5261,5261,5261
20767,8315,5932,4288,4288,8508
20768,3101,8302,7021,6532,2674
20769,8802,5120,6630,6630,7932
20770,6789,4786,3719,5336,7860
20771,4939,5226,6608,6608,4560
20772,6069,5358,8350,8797,8797
20773,2630,8960,3516,8628,6196
20774,7322,7322,424,7991,7991
20775,8128,7812,8960,5500,8960
20776,8860,8549,62,6163,5274
20777,5683,3983,6873,8889,8889
20778,5555,4861,5194,5194,5194
20779,4352,4003,5356,5520,5520
20780,3197,2485,4048,3065,3065
20781,5153,2044,5951,5951,5951
20782,5814,8912,7912,6643,8856
20783,8002,7503,5332,5332,5332
20784,6899,4798,4798,4798,4798
20785,5659,4856,4728,4948,4948
20786,5315,5975,5632,6843,2466
20787,5770,5749,5889,5315,6908
20788,4080,6294,7670,5986,5986
20789,5969,2604,2551,2551,2551
20790,8987,6523,8880,8880,8880
20791,9046,5892,6787,5951,5951
20792,7703,4859,6576,6782,6782
20793,8090,7715,5696,5510,6177
20794,8003,6094,8740,8740,8236
20795,6561,4807,5184,5928,5928
20796,3948,3240,7521,7975,7975
20797,6761,6250,7454,7454,7454
20798,5045,6710,6705,6705,6705
20799,5402,5598,6825,6825,6825
20800,7483,9155,6980,6239,6980
20801,5302,8477,3535,3535,4862
20802,4801,5457,5254,5254,5254
20803,7974,5885,5343,5343,5343
20804,6528,5795,4999,4999,4840
20805,5377,5377,5342,5342,5342
20806,6354,6354,1389,2516,2516
20807,6698,5611,5979,6328,5979
20808,8862,5353,8468,8468,8468
20809,3672,7970,8677,4760,6060
20810,6117,5884,6576,5501,6576
20811,3313,4372,2589,4557,4557
20812,5134,5134,7836,5134,1111
20813,6150,162,8413,6819,6446
20814,3555,7633,5134,8128,5134
20815,5832,7924,6869,6869,6869
20816,8287,8987,7602,7602,7602
20817,6652,3505,6153,6153,6153
20818,5210,5849,5050,2452,2452
20819,8927,4814,5307,5307,5307
20820,4858,5712,5959,5959,6206
20821,6563,4850,6397,6397,6556
20822,4971,6006,5023,5188,5137
20823,8368,6006,6298,8860,8860
20824,9033,9033,9033,9033,9033
20825,5120,7468,6306,5954,5954
20826,4891,7952,7259,4774,7259
20827,6188,3534,4054,6048,6048
20828,8131,4397,7693,7595,7595
20829,4908,4748,5566,3724,4956
20830,5859,5003,5003,5003,5003
20831,5218,6136,6136,6518,6518
20832,5429,5686,3883,5270,5270
20833,5644,2398,3264,3264,3264
20834,5095,6368,7241,6651,7892
20835,5841,6737,5933,5933,5933
20836,5986,2412,4514,4514,4514
20837,4793,3407,6075,8749,8749
20838,5554,4894,4894,4894,6298
20839,6021,3977,2971,2971,4768
20840,6141,8083,4685,4685,4685
20841,6892,5155,2067,1606,2067
20842,5088,5088,5088,5088,5088
20843,2856,6264,4994,5760,5760
20844,5088,5088,5088,5088,5088
20845,5440,4793,4106,5741,6776
20846,5052,6794,6755,9057,9057
20847,5440,4846,5414,5414,5414
20848,7732,1849,8561,9180,7752
20849,7493,5951,2957,2957,4763
20850,6653,5615,3461,6479,6479
20851,8876,8590,8590,8993,8993
20852,7371,6506,7427,7427,6290
20853,5412,6488,8406,7505,7505
20854,7914,5607,6820,7974,7974
20855,5498,5498,7415,7463,7463
20856,6112,4645,6786,6547,6547
20857,5499,6761,5805,6111,6111
20858,7484,6741,6965,6965,6965
20859,6562,3435,7582,6919,4169
20860,5580,4889,8668,7694,8668
20861,5055,8578,5429,7487,7487
20862,8599,5405,6929,6929,6929
20863,6189,6656,6521,6521,6521
20864,6292,5567,6054,6054,6054
20865,5474,7356,5512,5512,5512
20866,6516,6304,4907,4907,4907
20867,8695,7624,8695,7195,7195
20868,5464,5663,5464,4792,5464
20869,7493,9020,6620,6747,4284
20870,4284,5007,6622,6826,6826
20871,4649,2710,7315,8059,8059
20872,5668,6240,4996,6356,6356
20873,5499,6643,5137,5745,5745
20874,5388,4657,3114,6871,4012
20875,5663,5626,4816,5663,5663
20876,5980,6587,5920,5920,5920
20877,5087,6877,5547,3856,3856
20878,6762,3409,7161,7161,7161
20879,6197,8215,6465,2527,2527
20880,8215,6195,5775,8228,8228
20881,5706,6845,5604,6019,6019
20882,5382,5706,5386,3040,4944
20883,3217,5018,5939,357,357
20884,6108,4644,5587,6752,6752
20885,3420,3365,6557,4775,6557
20886,8912,7307,6390,8161,7700
20887,4646,5701,4560,4560,4956
20888,8592,5358,5594,5594,5594
20889,7059,8962,6536,6420,6420
20890,7920,6126,5420,6638,6638
20891,6784,6624,5638,5638,2895
20892,5709,2412,4801,6705,4801
20893,5188,6405,6795,6795,6795
20894,2323,6070,5612,4988,5100
20895,6404,4793,4665,5513,5513
20896,632,6059,7816,7688,7688
20897,5729,461,9076,9076,9076
20898,4884,5980,4691,4691,4691
20899,2584,5307,3798,3798,3798
20900,6296,6862,6102,6377,6377
20901,5234,1952,1952,6538,6538
20902,5370,4882,3979,4855,4855
20903,2412,6176,6460,6460,6655
20904,6440,7551,8002,6168,6168
20905,6892,6199,5681,6205,6205
20906,6205,6199,5342,6910,6910
20907,6768,2389,8869,8869,8869
20908,6159,4884,6829,6829,6884
20909,5000,6343,4982,3494,3494
20910,5351,5351,5351,6046,6046
20911,8423,5988,7242,4284,4284
20912,8460,8297,8853,5405,5405
20913,7716,5609,7611,5354,5354
20914,6906,4934,5805,6276,6276
20915,6210,6210,6624,6210,6210
20916,6210,6210,3902,6210,6210
20917,4596,5205,5721,4626,4626
20918,5938,6912,5416,5416,5416
20919,5708,6021,5923,7114,5923
20920,7986,8386,3570,3638,4004
20921,7020,6499,7803,5220,6545
20922,5147,4712,5644,5644,5644
20923,5201,6426,8860,8860,5993
20924,5993,5993,6352,5289,5462
20925,6171,4657,5411,5411,5411
20926,6200,5834,5809,924,924
20927,6060,1461,6060,7601,7601
20928,7778,6615,4984,5606,5606
20929,6823,8752,6431,6784,6431
20930,6169,8728,7530,7530,7530
20931,5661,5223,6597,6597,6597
20932,6481,6272,6829,6829,6829
20933,5920,4703,5065,5065,5065
20934,5304,6398,5177,4822,4822
20935,6914,3092,4699,8002,8002
20936,7571,7146,3441,6730,8889
20937,247,3664,7713,7713,7713
20938,4706,6615,5149,6542,6542
20939,6718,6598,4359,5078,5078
20940,4784,6965,5401,5466,5533
20941,5787,3479,5787,5787,5787
20942,6906,4766,2890,7783,7783
20943,5993,8846,5631,5631,5631
20944,2439,5245,3041,2716,2716
20945,3329,5642,5642,5642,5642
20946,3774,2673,5694,5694,5694
20947,8459,4768,3083,3083,3083
20948,6577,6485,4783,4783,4783
20949,6552,5703,6151,6885,6151
20950,2603,3481,2603,2603,2603
20951,7657,9169,4860,3848,9226
20952,7032,3689,191,191,191
20953,6895,5880,7472,7472,7472
20954,8743,2826,5997,7790,7790
20955,5787,6828,4570,4570,2327
20956,6689,4972,9185,5253,5253
20957,5512,5626,6393,5017,5017
20958,5313,5711,6524,6524,6524
20959,5412,5933,6391,6391,6391
20960,4655,6357,6357,9184,9184
20961,5587,8327,5352,5308,5352
20962,5892,4742,5328,8813,8813
20963,5271,6661,5606,6661,6661
20964,7413,5168,6186,6186,6186
20965,6905,5469,4620,5808,5441
20966,3902,6817,5703,5964,4504
20967,2665,8819,6141,7844,5436
20968,8514,8514,8974,7051,8514
20969,2648,5254,3025,5254,5254
20970,5067,5184,4007,6560,6560
20971,5794,6686,2460,6741,6741
20972,5900,5023,464,7530,5698
20973,8526,916,3082,7772,7772
20974,8307,6752,6752,6752,6752
20975,6340,6265,5455,4040,5762
20976,5048,4697,4697,4697,4697
20977,7419,6354,5639,6352,6621
20978,3579,7399,6836,6836,6836
20979,5325,5580,5130,8648,8648
20980,5141,5252,5560,4427,4427
20981,3704,7814,8047,8047,8047
20982,2798,6920,3412,3412,3412
20983,8583,7382,5453,5453,4791
20984,6450,6450,5904,5946,5419
20985,5787,5090,5962,4881,4881
20986,4901,5435,5435,5435,5435
20987,6365,5745,4764,4629,4629
20988,4755,5435,5434,5357,5357
20989,4832,6303,5250,5250,5250
20990,4948,6851,6045,6045,6045
20991,4948,6136,5132,6136,6136
20992,657,5985,3564,6850,7214
20993,3878,3436,4161,6709,6709
20994,4664,2484,2410,2410,2410
20995,7832,5310,6786,7097,7097
20996,8907,6163,5444,4851,8393
20997,3859,7552,9226,5147,5147
20998,6408,2556,2556,4691,4691
20999,6481,5063,6349,6349,6349
21000,6349,4982,6304,6408,6304
21001,7062,4732,8754,8754,8754
21002,7775,9078,3227,7974,7974
21003,7589,7534,6956,7579,7579
21004,7894,6629,4862,4862,4862
21005,7425,4596,4719,5462,5462
21006,6457,6284,6745,4983,4983
21007,6626,6450,4979,4979,4979
21008,5385,5343,6446,6857,6857
21009,8003,5561,1209,291,1209
21010,6045,5304,6851,6045,6045
21011,5560,6759,6743,6743,6743
21012,5177,4512,6773,6773,6773
21013,4735,4651,5686,5686,5686
21014,5404,4735,4735,4735,4735
21015,5162,6849,5162,5162,5200
21016,6270,4730,6322,4730,4730
21017,5915,6442,5949,5949,5949
21018,6720,2499,5312,5312,5312
21019,6158,5535,2711,4394,3808
21020,4129,5246,5881,7150,6444
21021,6221,4753,5544,5544,5544
21022,3542,6044,2890,4510,4510
21023,6542,7360,5497,5497,7056
21024,5606,6143,5230,5332,5839
21025,5882,7905,2542,3570,3570
21026,7582,4196,5182,6845,6845
21027,6455,5314,5314,5017,6393
21028,7277,7972,6112,7062,8816
21029,6372,9003,3173,8605,8605
21030,7897,7856,8664,8664,8174
21031,6214,6629,5869,5869,5869
21032,6038,5137,6432,6432,6432
21033,6701,2890,6823,6823,6823
21034,5971,6072,8770,8770,8770
21035,6181,3368,8303,3782,3782
21036,4849,3910,6044,6442,6442
21037,6063,4653,4653,3451,4653
21038,4889,4940,4692,6437,6437
21039,6129,4915,6251,5657,5657
21040,5705,5660,4999,8356,8356
21041,1708,4454,6116,837,837
21042,6696,9156,7248,4866,4866
21043,6206,6692,4883,5410,4831
21044,5688,5100,4811,5376,5376
21045,5298,5852,8911,6358,6358
21046,6843,6929,5373,8332,8332
21047,2624,6208,4903,6156,6156
21048,6818,4709,5001,5001,5001
21049,5205,4838,6192,6192,6192
21050,4603,4309,6192,6192,6192
21051,6672,6409,6021,6439,6439
21052,1160,6083,1160,6834,6834
21053,6442,8780,5702,5702,5702
21054,6511,5002,6373,4669,4960
21055,6923,5529,6373,7439,7439
21056,8202,5166,9226,5015,5015
21057,5817,5962,6538,4770,4770
21058,5424,5200,5999,6288,6288
21059,5408,3494,4895,4895,5546
21060,4808,5044,4727,6512,6512
21061,6116,8433,4815,5274,4743
21062,3935,5189,1218,5109,5109
21063,6718,4717,5364,5160,5941
21064,7454,7440,5754,5754,5754
21065,5241,5622,5441,6557,6557
21066,3382,3382,8041,8813,8813
21067,5360,8410,303,303,1383
21068,5583,4882,6330,6330,6330
21069,3431,2014,8323,8323,8688
21070,4971,5902,6132,6132,6132
21071,5720,8159,5720,6486,6486
21072,6132,7153,8934,6373,6373
21073,6195,3879,8202,6373,6373
21074,5788,6959,3516,7338,7338
21075,6519,9148,5436,5282,5282
21076,4871,4871,5363,5363,5363
21077,6399,4861,6888,6285,6285
21078,7572,6397,6341,5146,5146
21079,8472,5371,6619,5794,5794
21080,8424,8775,6889,8436,8436
21081,8468,8854,4629,5740,6644
21082,4592,6878,6778,6778,6778
21083,6597,5445,6352,6352,6352
21084,6389,4678,5061,5061,5061
21085,6318,6858,6573,7911,7911
21086,5827,5011,5184,5787,5787
21087,5389,5737,6573,6013,6013
21088,4798,5563,3123,1575,5563
21089,6504,7935,5828,566,566
21090,5829,5682,7832,8933,8933
21091,5534,8755,6200,5298,5298
21092,6040,6478,5746,4755,4755
21093,5694,4933,2340,6443,6443
21094,2352,4134,6827,4317,2831
21095,7378,8311,6418,8311,6538
21096,9221,821,1607,7923,7884
21097,4784,4784,5214,4520,4520
21098,8907,5234,5054,5444,5444
21099,3618,6063,7607,2789,6515
21100,5935,6069,6069,5032,4988
21101,8131,1886,6526,4978,4978
21102,5404,5609,3494,2317,2317
21103,945,5740,2833,6404,5740
21104,6058,6762,5803,5803,5803
21105,6365,4737,5357,5899,5899
21106,7750,6745,6452,3726,3726
21107,6736,7982,5159,5159,5159
21108,4667,3241,2575,2575,3300
21109,2831,1067,8021,4955,4955
21110,8070,8532,8341,8341,8341
21111,4778,6539,4187,6650,8688
21112,5153,5883,5883,3821,3821
21113,7409,9228,6055,5040,5040
21114,2703,5021,4318,4318,4318
21115,2900,4679,6241,6241,6241
21116,8978,6521,5262,7577,7577
21117,8651,5762,4022,8325,8325
21118,6834,6382,4692,4692,3828
21119,5278,3621,5813,5813,5813
21120,5192,4464,6834,6834,6834
21121,5823,5929,7472,5929,5929
21122,4754,5200,5063,5063,5063
21123,6879,6879,7652,6879,7652
21124,5514,8705,5412,5412,5412
21125,4627,8408,7369,6483,4928
21126,5933,6827,5282,5481,5481
21127,6502,5712,8992,3160,5119
21128,5973,8955,5532,5532,5532
21129,8606,7863,4799,4799,4799
21130,5513,6040,5513,6128,6128
21131,7087,8264,9167,9167,9167
21132,4793,5571,5571,6857,6857
21133,8960,8447,3410,6831,7661
21134,5769,4802,6498,6498,6498
21135,4715,5841,5919,5919,5919
21136,5803,5666,4747,4747,4747
21137,7217,5355,495,7758,7618
21138,5332,6609,5400,5402,5402
21139,8274,6001,7803,6069,7803
21140,5227,6804,2940,4804,7819
21141,5968,8245,3619,9014,9014
21142,8989,7613,3811,5266,5266
21143,2465,7153,6195,6195,6195
21144,5572,60,5771,4887,4887
21145,2856,5958,5905,5958,5958
21146,6638,7209,6261,6261,6261
21147,5896,5928,5461,5622,5622
21148,5597,6714,5550,5664,5664
21149,6750,6564,5002,5002,5531
21150,5230,5128,5638,5638,5638
21151,5662,5464,4782,6863,4782
21152,6223,6593,5547,5547,5547
21153,4659,5766,5766,6394,6394
21154,6276,5785,6068,6068,6068
21155,5771,3828,4862,4545,5098
21156,5638,6281,5105,5078,5105
21157,9020,7886,6729,5820,6729
21158,8274,7416,6471,6471,6471
21159,8525,3099,4709,4709,4709
21160,5924,6307,5331,5331,5331
21161,5987,5030,4341,4341,4341
21162,8759,9216,6991,7082,6991
21163,5645,6007,6030,5930,6030
21164,5264,7662,6979,5306,5306
21165,6287,5384,5300,5300,5300
21166,6032,5308,6483,5412,6483
21167,8011,6520,8518,8794,8794
21168,8253,5932,4711,7470,7368
21169,6210,5230,5940,4770,4770
21170,6210,5466,6901,6317,6317
21171,6210,6542,6091,6091,6091
21172,6680,6299,6120,6120,6120
21173,6680,6680,6129,5874,6159
21174,6761,5826,6421,5679,5679
21175,6160,5434,5435,5435,5435
21176,5357,2787,4759,4759,4759
21177,5357,5150,6635,4940,4940
21178,6519,6825,6763,2381,2381
21179,6659,3225,4789,4789,4789
21180,8922,6334,9111,4295,4295
21181,6917,5316,5162,5650,5650
21182,4767,5546,6365,6553,6553
21183,6760,7086,8862,8862,5288
21184,5550,6871,4883,4883,4883
21185,6184,5356,6808,6088,6088
21186,6184,6184,6887,6184,6184
21187,6113,6433,5393,5870,5393
21188,6720,5410,5695,6438,6438
21189,2700,6433,4664,5683,4664
21190,4666,6629,6184,6184,6184
21191,6598,4978,4940,6846,6846
21192,6211,889,4845,4845,5045
21193,6217,5039,6661,6661,6661
21194,9212,5340,6070,6327,6327
21195,5340,1962,5455,5455,5455
21196,6892,6892,5715,6319,1593
21197,6511,4852,4958,4958,4958
21198,6892,8114,8114,6579,6579
21199,6004,5048,5856,6315,6315
21200,7129,869,5402,5402,5402
21201,8048,6623,4958,4958,4958
21202,7410,5521,5899,6528,6528
21203,7561,5548,7633,6611,6611
21204,6704,8833,3630,3630,8317
21205,7960,6475,5135,4856,4856
21206,6588,5072,4716,4716,4716
21207,6087,5270,6054,8784,8784
21208,4991,7338,7975,7975,7975
21209,7996,4004,6072,5426,5426
21210,1678,1065,1181,1181,1181
21211,5836,6275,9052,6275,6275
21212,5836,4785,5605,7906,6598
21213,9053,8382,6514,6514,6514
21214,5668,5576,5576,5576,5576
21215,6070,5576,5576,5576,5576
21216,5576,5576,5576,5576,5576
21217,5614,5221,4936,5221,5221
21218,5143,5045,6427,6774,6774
21219,5361,5533,4931,4955,4955
21220,4837,5819,8363,8543,8543
21221,6242,4715,8597,8597,8597
21222,4401,6377,7298,5493,7298
21223,5507,6454,5182,5312,5312
21224,9227,6725,5458,8377,7765
21225,5080,6644,5210,5040,5210
21226,6703,3823,5885,4629,4629
21227,6055,4785,6417,5534,5534
21228,9167,4894,4802,4971,4971
21229,4802,6342,5879,6342,5879
21230,6342,6342,6409,5146,5146
21231,4687,6301,7631,7631,5817
21232,6382,6368,5362,5606,5606
21233,4692,5606,6615,6615,6615
21234,5531,6116,5893,5893,5893
21235,2328,6302,5483,6366,6244
21236,6244,6173,6244,6244,6244
21237,6427,5463,5607,5607,5607
21238,4109,5467,7488,3319,4615
21239,4258,9102,7418,7418,7418
21240,5421,4856,4856,4856,4856
21241,2827,2454,6197,6197,6197
21242,6848,7674,6042,6042,8518
21243,8699,5829,6848,6723,6723
21244,6897,5505,6127,6274,6127
21245,6282,6127,8161,7371,7371
21246,6438,6214,6522,4712,5341
21247,6060,4563,6484,6484,6484
21248,5768,6627,5768,5768,5768
21249,5067,6629,6088,6808,6808
21250,5884,8287,7681,5184,5184
21251,6232,5446,7803,7803,5827
21252,4923,7571,6387,6783,6923
21253,4833,5449,3786,2968,8415
21254,4131,6365,6359,3517,3892
21255,2989,5764,2736,3488,3488
21256,6600,4898,5348,5348,5348
21257,6600,6869,5568,6072,6072
21258,3402,118,2269,1313,1284
21259,5577,2827,7078,2423,5046
21260,2763,6902,5207,5207,5207
21261,5392,6760,6902,5324,6902
21262,1982,2192,5369,5848,5848
21263,7866,4677,3784,6834,6834
21264,2478,3441,5168,9050,9050
21265,8349,8182,4291,4291,4291
21266,7990,8216,7753,7753,7753
21267,7184,8585,7360,6290,6290
21268,5207,7190,7276,5596,7276
21269,4212,2309,8535,6429,8535
21270,8647,8007,4978,7886,7886
21271,6310,6462,1910,5328,5328
21272,2863,5056,5709,5550,5550
21273,4626,7386,7499,4724,8854
21274,6701,1226,3409,5574,6437
21275,4677,4677,5836,5836,6612
21276,8340,4783,5192,8488,8488
21277,9191,5271,6229,2499,2499
21278,5964,6762,6834,6867,6834
21279,6084,3199,6498,6498,6498
21280,6161,6128,5792,5138,5138
21281,6800,4775,6598,6855,7080
21282,6010,3477,4305,4955,5023
21283,4627,6214,4987,5341,5341
21284,6451,3236,5458,5458,5836
21285,5145,5452,7778,7871,7871
21286,6110,5227,4829,4829,4829
21287,6921,6630,6959,6959,6959
21288,4730,7619,6296,4644,4644
21289,5797,6594,7536,4291,6546
21290,4986,6511,6868,6868,6868
21291,5279,6774,6400,6400,6400
21292,5505,4798,8526,4032,4032
21293,6661,4983,5781,5781,949
21294,6150,7619,7606,7670,4080
21295,4639,4736,6223,6223,6223
21296,5663,6699,5650,5650,5716
21297,5808,5538,5167,5433,5433
21298,8933,4805,5892,8283,8283
21299,5052,4431,3156,5541,5541
21300,6794,5527,5744,5744,5744
21301,1423,5606,8622,8622,4964
21302,4660,7966,4963,8688,8688
21303,5235,7229,2940,2940,2940
21304,6173,5755,6246,5039,5039
21305,3405,4706,5702,1708,1708
21306,3817,4275,4011,5677,5677
21307,6442,6363,4705,4705,6823
21308,5948,5362,4734,8356,4734
21309,6122,5367,5258,4729,5258
21310,5356,2648,5495,5495,5495
21311,6440,6449,6830,7100,7100
21312,8514,5145,9008,5023,5575
21313,6766,5288,6046,5366,5366
21314,6785,5211,4703,4703,4703
21315,5102,5752,5057,6223,5111
21316,3627,5981,3627,6904,6241
21317,3279,2724,3257,3257,4022
21318,6613,6578,5443,5443,5443
21319,6733,5788,5734,5734,5734
21320,7301,2764,7112,7112,8218
21321,5896,7484,7484,6708,6708
21322,8272,4315,5359,7060,7060
21323,7409,2339,2921,7143,7143
21324,8113,1796,6484,5431,6390
21325,7574,4841,9145,9155,7014
21326,4936,5692,4936,7984,7984
21327,6368,5606,6546,6257,6257
21328,4887,7326,6513,6513,5075
21329,6661,4964,9228,9228,9228
21330,7670,3181,880,880,880
21331,5497,5610,7877,7877,7877
21332,5497,7054,6924,6924,6924
21333,5515,4743,5915,5915,5915
21334,5135,4853,6978,6978,6978
21335,7963,7279,5979,5979,5979
21336,2496,7690,3255,5797,5797
21337,5477,6360,5723,5740,5740
21338,4890,8202,8166,8166,8166
21339,6228,8810,5554,5554,5067
21340,8989,4729,8827,8827,6116
21341,8963,4653,8215,8215,8215
21342,5614,5787,6867,5677,6867
21343,6192,6376,5950,5950,5950
21344,4004,924,3167,2854,2854
21345,6282,3092,4838,4838,4838
21346,4717,3635,6778,5948,6778
21347,6921,5997,3339,3339,3339
21348,5665,5653,6610,4826,4826
21349,6908,4917,6908,6908,6908
21350,4832,4832,4832,8013,8013
21351,4948,2669,4948,6880,6880
21352,4901,5238,6243,6542,6243
21353,6511,6511,6404,6404,6404
21354,5978,4704,5746,5746,5746
21355,6522,8196,2465,2465,2465
21356,6188,3866,3343,3029,3343
21357,4741,8949,7883,7883,7883
21358,6808,3141,3237,7710,7710
21359,8034,5952,8809,7959,7959
21360,8532,8121,4682,462,7422
21361,5852,5571,6358,6358,6358
21362,8860,3968,8846,8846,8846
21363,8228,8243,2487,8228,5718
21364,5682,8695,7803,6248,5430
21365,5979,3451,2973,2973,2973
21366,8442,7626,4507,2483,2483
21367,5603,8752,6644,6644,6644
21368,4970,4686,4897,6644,6644
21369,4729,6847,9165,9165,9165
21370,5324,5135,5135,5135,5135
21371,6829,6349,6829,4777,4777
21372,6241,4010,6241,6241,6241
21373,6236,5105,4807,6576,6576
21374,5866,5360,5877,5877,5877
21375,6184,3713,5098,5098,5098
21376,6829,4884,6599,6599,6599
21377,5761,5383,6481,4926,4926
21378,5874,3333,6349,5874,5874
21379,6507,5540,5540,6504,5540
21380,4808,4939,7140,7140,7140
21381,5476,6226,2489,2489,2489
21382,5335,4507,4881,6358,6358
21383,5740,5439,5683,5683,5683
21384,6404,4973,3979,4882,4882
21385,5772,5394,5999,7834,5999
21386,5590,8379,9117,8239,7964
21387,3443,2431,2962,2962,3205
21388,8864,8141,8223,7995,8154
21389,8864,4623,4713,6534,6401
21390,6416,4713,5133,8488,8488
21391,6316,6320,6320,6510,6510
21392,6580,4886,4099,2710,4099
21393,5808,2973,2973,2973,2973
21394,8682,8470,9202,8371,8371
21395,5864,8234,8726,8726,8726
21396,5153,5587,9033,9033,9033
21397,4054,3391,4532,4532,4532
21398,5012,3333,6678,6316,6316
21399,4885,5890,2556,6159,6159
21400,4879,4803,4886,7206,7206
21401,6805,6805,6805,6805,6805
21402,6361,6805,6138,3801,3801
21403,8627,9219,6038,6038,6038
21404,7070,8864,6600,6600,6600
21405,8114,7020,6606,5495,6606
21406,5265,5899,5332,5438,5332
21407,5986,5924,6006,4705,4705
21408,6411,7388,5934,5934,5934
21409,7240,7181,976,3013,3013
21410,8104,5816,6698,5671,5220
21411,6287,3165,8327,7234,7234
21412,8955,5751,4793,2551,4793
21413,6426,6545,5884,5991,5884
21414,2541,6864,2844,6632,6756
21415,4832,6087,4709,4709,4709
21416,6444,5467,7730,7918,7918
21417,6481,4889,6118,5824,5824
21418,7586,8106,5478,3257,3257
21419,9188,3412,4787,4787,4787
21420,3356,5053,4833,4833,4833
21421,6457,4591,3566,3566,3566
21422,5526,5471,4999,7072,7072
21423,6530,9149,9055,5586,8143
21424,5886,5263,6687,6594,6594
21425,6263,6667,6702,6702,6702
21426,6060,5508,5717,2460,2460
21427,5554,5787,6959,5787,5787
21428,4608,2715,6291,6855,8583
21429,5558,5543,4845,8911,8911
21430,6488,2890,4733,5695,5695
21431,5712,6061,5410,5410,5410
21432,5692,7391,7626,7269,7269
21433,4908,3946,5933,5313,5313
21434,8479,2401,3804,3482,3482
21435,8850,4727,5460,3830,6520
21436,5986,6774,6810,5866,5866
21437,5127,5515,7837,902,6874
21438,470,2078,1386,6775,5866
21439,3809,9116,9116,9116,9116
21440,5147,5534,6899,8360,8360
21441,4759,5376,6741,5091,6741
21442,6233,2300,6276,6023,6023
21443,6233,4960,5982,6005,6005
21444,6233,5062,5982,6005,6005
21445,5171,736,4743,4743,7318
21446,8989,7871,5934,5934,5934
21447,8882,7556,5934,5934,5934
21448,5125,5803,5911,5256,5103
21449,6635,6437,4637,6160,6160
21450,6349,5472,6410,6410,5464
21451,4005,3418,3685,3685,3685
21452,4478,2604,4541,4541,4541
21453,4302,3277,7125,2901,2901
21454,2578,5341,5105,8688,8688
21455,9209,6203,8588,7772,3480
21456,2667,6703,5978,9107,5154
21457,6640,5661,4934,4934,4934
21458,8283,6127,6825,4618,4883
21459,4760,771,6053,5041,6053
21460,4102,4170,4488,3818,4170
21461,7186,2548,7766,2352,2352
21462,8000,7773,8454,8454,8454
21463,2799,7078,6410,6410,6410
21464,2733,6555,2853,8557,8557
21465,5778,7671,6429,7507,7507
21466,6790,4808,6816,6816,6816
21467,6785,5044,6805,6805,6805
21468,5945,5446,5088,4643,5537
21469,5250,4703,5920,5953,5920
21470,5028,6880,5031,5031,4651
21471,5716,6587,5144,5144,5144
21472,6702,5985,5523,6542,6542
21473,6503,5436,5030,9219,6257
21474,5863,4650,4650,4960,4650
21475,4996,6427,6417,6427,6427
21476,5410,5113,4704,4704,4704
21477,6691,4671,6820,6820,6820
21478,7368,6331,4309,4309,4309
21479,4261,6421,3582,6157,6157
21480,5111,3269,5392,4675,4675
21481,5828,9172,7474,2611,4861
21482,6049,8163,6488,8243,8243
21483,6433,4660,5919,5919,5919
21484,5767,5785,3409,6885,3409
21485,5628,6597,5108,5108,5108
21486,4906,5756,5026,5026,5026
21487,5779,6040,5694,5196,8254
21488,7976,3954,5346,5346,5346
21489,6406,5043,6273,5299,5299
21490,5136,6106,4694,5353,5353
21491,2608,4988,6713,6713,6713
21492,5535,4129,5712,5996,3582
21493,5414,5414,5414,5414,5414
21494,4731,6574,6063,3466,3466
21495,5414,5077,5414,5414,5414
21496,6124,6780,7164,7437,8238
21497,4110,8683,3466,3466,3466
21498,6012,6685,5201,5146,6397
21499,3639,5146,6284,6627,6627
21500,6381,5078,5420,7536,7536
21501,8463,5900,8754,8754,8754
21502,4773,5290,5768,3179,5768
21503,5387,0,8735,2965,6774
21504,5176,8243,9155,8735,8735
21505,6616,6497,2956,6497,6497
21506,2845,2845,6359,6359,6359
21507,5671,6359,6805,4728,5719
21508,8860,6008,4853,4853,4853
21509,5822,7667,6817,6817,6817
21510,4664,7622,5282,3314,3314
21511,5875,8947,6080,8460,6080
21512,6759,5847,5408,5945,846
21513,8358,8978,5714,5429,8068
21514,4848,6537,8892,2476,5529
21515,6168,5612,5543,6282,8360
21516,6220,3409,4355,7746,7746
21517,1642,5870,6479,8853,3588
21518,3547,6452,5730,5730,5730
21519,3911,3208,3829,3829,3829
21520,6681,9105,4648,3374,3374
21521,6598,3351,5247,8408,5652
21522,6284,3726,4900,5205,5205
21523,7263,5094,6318,6318,6318
21524,8356,6965,6746,4900,4900
21525,8622,6207,5998,6207,8700
21526,6217,4639,5865,5865,5865
21527,6435,6435,5118,6435,6435
21528,6434,6363,6434,6434,6434
21529,5744,5744,5220,6794,6794
21530,5744,5744,6794,7572,4722
21531,5744,6524,5220,6891,6891
21532,4618,1783,4837,4837,7601
21533,7299,8235,8359,6423,6423
21534,5193,8458,6403,5777,6403
21535,2990,4695,6932,5635,6627
21536,6155,4828,6708,6387,6387
21537,9065,5483,6649,6649,8047
21538,8755,7799,6491,5623,5623
21539,9066,6038,6491,6491,6491
21540,4819,5725,7284,7529,4668
21541,6766,5063,5104,5104,5104
21542,5325,6631,6902,8297,8297
21543,5072,4675,5277,3623,5277
21544,6223,6219,5901,5901,5901
21545,5028,5920,6350,6350,6350
21546,4467,5324,5162,5162,4467
21547,8955,7740,7425,7425,7425
21548,4769,5569,5340,6146,6146
21549,8347,7114,6397,7114,7114
21550,3824,5079,4422,5079,5079
21551,4254,5362,5880,5823,5823
21552,5039,4436,5648,2605,2605
21553,1994,1993,4420,4420,4420
21554,6493,3664,8342,8403,8403
21555,4304,5794,5006,4269,4269
21556,6131,5975,4006,6603,6603
21557,3267,6555,7755,3006,3003
21558,6131,4649,5600,6114,6114
21559,6405,4901,6635,6635,6635
21560,6795,6124,5792,5628,5628
21561,6143,6397,6056,6056,6056
21562,5122,5823,6046,6829,4651
21563,5346,7860,3695,6129,6129
21564,5269,5750,4716,6660,4716
21565,7798,6767,7814,7814,7814
21566,6755,4981,6888,6888,6888
21567,5562,6560,5283,5501,5283
21568,8341,5372,7211,5847,7211
21569,6295,6295,5679,5389,5389
21570,6749,5620,5227,5227,5227
21571,6241,6223,5516,5516,5516
21572,4822,4441,3656,6946,6946
21573,5000,5351,6694,6694,6694
21574,6114,5953,6140,6140,6140
21575,5449,5016,8736,8695,6588
21576,5261,4540,7834,7834,7834
21577,5883,3333,4753,8393,8393
21578,7431,7461,6895,6895,6895
21579,6813,5797,5904,5904,5904
21580,5098,5886,5494,5494,5494
21581,6626,5809,4831,4831,4831
21582,6074,5847,4723,5841,5841
21583,6624,5805,6624,6276,6276
21584,4899,5918,744,5966,5740
21585,5461,4906,5733,5733,5733
21586,6503,6642,7230,7230,7230
21587,6198,6513,5713,5396,6702
21588,5521,9202,8348,8348,8348
21589,4638,5078,5266,6644,6644
21590,4697,7626,4962,4962,4962
21591,5292,6318,6318,6868,6318
21592,6482,6319,4704,9125,9125
21593,6537,4227,4936,6445,4936
21594,5228,7682,8113,6411,6411
21595,4759,4759,5760,5760,5760
21596,5265,9158,5970,5182,6657
21597,4759,5357,5357,6066,6066
21598,6801,4960,4960,4960,4960
21599,5550,4928,5603,5603,5603
21600,6801,6381,5499,6147,6147
21601,6916,4042,6617,6617,6617
21602,2191,6845,7568,7568,5998
21603,9039,7512,9149,8614,9149
21604,5038,7914,7914,7914,7914
21605,4440,7123,8489,9162,9162
21606,7090,5561,5455,8083,5360
21607,7974,4933,4657,6655,6655
21608,5503,4618,6354,6354,6354
21609,6274,6204,4677,4677,4677
21610,6718,6860,6750,6448,6448
21611,5093,3431,1668,3944,3944
21612,7004,3774,3774,3774,3774
21613,4836,4770,6317,6542,6542
21614,5039,5927,5927,5360,5927
21615,5685,4618,4984,5785,5785
21616,6562,6373,3839,7214,7214
21617,6367,3409,8235,5721,5721
21618,4085,2737,5974,7271,5974
21619,5930,6845,9057,9057,9057
21620,4341,5242,8393,5484,5484
21621,5902,6280,4834,6795,4704
21622,7774,7183,5778,7843,7843
21623,4885,8484,5676,6929,6929
21624,6689,6861,8297,8297,8297
21625,4471,9156,6209,3587,3587
21626,2896,6886,4728,5252,5252
21627,5613,5317,2556,6829,6829
21628,6597,4897,1085,8892,8892
21629,5661,3811,2580,2580,2580
21630,5695,8344,8892,6261,6261
21631,6026,4592,5670,6105,6105
21632,4712,6687,5805,5805,5805
21633,5040,6630,6909,6909,6909
21634,4003,6466,6686,5520,6686
21635,6184,2524,5254,5254,5254
21636,5095,6184,6017,6017,6017
21637,724,60,7734,7734,7734
21638,5987,6295,5982,5846,5846
21639,6205,1841,5561,8722,5561
21640,6238,4627,2691,2691,2691
21641,5728,4379,2778,2778,2778
21642,8704,3053,4666,3467,3467
21643,6798,5080,5878,6179,6179
21644,6783,5611,5872,8487,8487
21645,6341,6397,3648,3648,3648
21646,3660,5735,7860,7860,7860
21647,6664,6907,6830,6830,6830
21648,6850,3742,7394,8348,8348
21649,6864,7048,5843,5843,5843
21650,916,4734,949,8687,8687
21651,4210,8231,6745,4154,4154
21652,8614,8534,5147,7700,7814
21653,6910,6910,8223,6674,6674
21654,4868,6668,8180,8180,8180
21655,6939,6460,7383,5641,4828
21656,5465,5708,5641,5641,5708
21657,6446,6446,6446,5708,5708
21658,888,5986,7070,7481,7070
21659,4622,5986,9104,9104,7070
21660,6285,5986,4745,4745,4745
21661,5366,6820,3991,3991,5483
21662,5889,6081,6877,5874,5874
21663,5316,6689,6843,5104,5104
21664,6185,6463,4908,5613,5613
21665,6590,6696,6617,6617,6617
21666,6185,7203,6054,6054,6054
21667,5657,5792,6563,5739,5739
21668,5481,6311,4841,4841,4841
21669,198,5661,6040,6939,6939
21670,7505,9017,8115,8115,8115
21671,6442,4911,5145,5843,5145
21672,5222,8021,8663,8663,8663
21673,6649,8056,7779,6252,6252
21674,4982,6635,5125,6613,6613
21675,5609,5059,5443,5443,5443
21676,2896,4990,3999,4563,4563
21677,4287,6565,4659,4659,4659
21678,8056,2816,2542,4135,2542
21679,6690,3433,9182,6031,6031
21680,6774,5469,5469,5469,5469
21681,6116,4616,6810,2863,6715
21682,3435,2908,6848,4997,4997
21683,5374,5374,3035,5374,5374
21684,5374,5374,3945,5374,5374
21685,4825,2541,4919,3799,4919
21686,4864,6354,6303,6303,6161
21687,4994,7866,4834,4834,4834
21688,3720,4597,7615,7615,7615
21689,6899,2970,6711,9025,6711
21690,3170,6154,4734,4945,4945
21691,5821,6273,5047,5047,5047
21692,2890,7254,4830,5787,5929
21693,5469,6531,5180,5346,5346
21694,6677,5333,5929,5773,5880
21695,5547,8646,5701,7691,7691
21696,2343,5156,1883,8515,8515
21697,6597,586,5124,8172,8172
21698,8823,6225,7155,7155,7155
21699,4910,7640,5179,7318,7318
21700,6264,5119,6824,7300,7300
21701,8360,6416,5748,5715,8382
21702,5523,5942,6531,4779,4779
21703,6691,5084,5282,5282,5944
21704,5068,8762,5959,5959,5959
21705,6104,7742,4996,4882,4882
21706,6538,6173,6062,6333,6333
21707,7814,4748,3974,2358,2358
21708,8431,7814,5460,6333,5460
21709,5319,5020,6057,8461,8461
21710,5550,6965,6676,5214,8429
21711,4914,9109,8461,9080,8461
21712,4962,5484,6302,8422,6129
21713,5792,6905,5484,5484,5484
21714,5433,6212,5116,6365,6365
21715,5009,5707,5534,8716,8321
21716,6549,5737,9183,5867,5867
21717,4805,5105,5009,5009,5009
21718,5021,6905,3771,6767,6767
21719,5021,5498,5792,8404,5646
21720,6706,4831,6607,5651,5651
21721,8266,9197,4786,8877,8877
21722,5031,4968,5538,5538,5217
21723,6223,5317,5013,4401,7059
21724,4706,2640,5964,8303,8303
21725,4994,6404,6352,5639,5639
21726,5341,4656,5879,6607,5905
21727,5819,8815,7363,5408,5408
21728,7640,8993,1772,737,1908
21729,6458,9058,9222,9222,9222
21730,4618,9024,5094,5919,5919
21731,4819,4916,5075,6006,3979
21732,6873,6448,6291,6291,6291
21733,6250,2411,6959,8234,8234
21734,6380,3045,6356,5845,5756
21735,5124,5039,6597,6597,5805
21736,6413,5789,8295,6413,6413
21737,6413,2453,6413,6413,6413
21738,8773,8491,8831,7426,7426
21739,5483,8936,7689,7689,7689
21740,6914,6560,2553,3069,3069
21741,5728,5554,6014,5742,5742
21742,5337,5337,3783,3783,3783
21743,4813,6398,5997,5997,5997
21744,6316,6647,4804,4804,4804
21745,6716,4775,6152,6472,6264
21746,6858,5026,6472,6472,6472
21747,5781,5905,4747,4747,4747
21748,9179,6571,7324,8981,7324
21749,6063,8447,4731,4731,4731
21750,7344,6165,6062,8936,6062
21751,5020,7893,6661,9140,8714
21752,6418,6828,5400,5282,5282
21753,5291,6084,7415,7415,7415
21754,5617,6574,6574,6574,6574
21755,5428,4743,6313,6244,6244
21756,8933,5186,2506,6448,6448
21757,5402,7949,7949,7949,7949
21758,6042,6612,4896,8108,5734
21759,8369,6841,4655,6357,6357
21760,7264,5537,6240,4984,4984
21761,5531,5039,6400,6400,6400
21762,5753,5036,4842,4842,4842
21763,7978,8839,5740,8839,5431
21764,6579,5817,6310,839,839
21765,6537,9132,6517,9168,9168
21766,5818,5772,5132,5132,5132
21767,7843,9108,8336,8336,8336
21768,5590,5857,9005,4993,4993
21769,2928,3856,5613,5392,5392
21770,8484,8573,5046,5046,5046
21771,8168,5772,8895,8895,8407
21772,5737,6478,6731,4656,4656
21773,6141,5303,7991,8860,8860
21774,5720,4771,6774,6774,6774
21775,3190,5912,6018,7088,7088
21776,7523,7523,5553,5553,5553
21777,4655,6068,6068,6738,6738
21778,2063,2189,1671,1671,1949
21779,5442,6010,4669,4669,4669
21780,1949,4966,41,5402,4092
21781,1160,6651,6382,6382,6382
21782,5525,5367,5189,5367,5189
21783,6757,678,4500,4500,4500
21784,9207,8705,8705,8705,6651
21785,6666,6651,4749,5862,5862
21786,4681,7451,5260,6504,8814
21787,8718,6382,7530,8045,5813
21788,5292,6923,6416,5319,5319
21789,3579,7479,6964,7653,6964
21790,5885,3823,6327,6327,6327
21791,5803,6752,4915,5948,5948
21792,6800,5298,6609,3824,4629
21793,4037,5905,4350,2842,2842
21794,5358,6490,5566,5566,5566
21795,5687,8747,5826,5526,5526
21796,6569,7265,7387,7387,7387
21797,5540,5210,8215,5374,4814
21798,5961,5786,7991,7991,7991
21799,5208,5920,5317,5317,6464
21800,5808,5313,6660,6660,6660
21801,5600,5662,5476,5476,5476
21802,6899,9008,6724,1423,1423
21803,6544,5774,6645,6645,9155
21804,5507,6889,6657,3328,5860
21805,7297,965,348,260,260
21806,5873,8264,7869,8701,8701
21807,2264,202,366,79,79
21808,5617,5418,6399,6399,6399
21809,5842,7606,3322,8683,3355
21810,5418,8231,8069,8069,8069
21811,5871,6755,6566,4643,4643
21812,5871,5481,5543,6790,6790
21813,4704,4850,5138,5138,5138
21814,6764,5650,4467,5162,5162
21815,5288,6880,5208,5208,5208
21816,6408,6816,5250,5250,5250
21817,6607,5825,5825,5670,5670
21818,6733,6108,6733,6520,6520
21819,9024,6404,5543,5090,4700
21820,6544,6351,7982,5777,5777
21821,6918,6745,5462,5462,5462
21822,6419,5830,5705,5705,6824
21823,5146,4850,5853,7789,7789
21824,4769,8221,8221,8826,8826
21825,7085,5099,5220,5220,5220
21826,4505,6576,4252,4252,4252
21827,6337,4855,3859,2809,2809
21828,8404,8037,4906,4906,4906
21829,6646,6646,1461,5819,1111
21830,7633,5385,8815,5385,6693
21831,8198,9035,7311,5265,5438
21832,6499,5800,8272,7826,8272
21833,6179,6681,5330,5305,4405
21834,9105,5845,5012,6796,6796
21835,4662,5464,8206,6046,6046
21836,5443,5256,5059,6908,6908
21837,4659,4099,5443,5141,5141
21838,8515,6155,5247,5247,5247
21839,5799,6431,8622,6882,5420
21840,6203,4784,6027,6027,6027
21841,5466,5466,6700,4706,6700
21842,6251,5677,2348,6251,6251
21843,6251,6210,6901,6867,6901
21844,5683,6873,3631,6866,3678
21845,6386,6386,6127,5589,5589
21846,6462,2357,4827,5379,4827
21847,3501,4901,5755,6225,6225
21848,4053,6507,5856,1949,1949
21849,6531,6531,6692,6692,6692
21850,8553,7714,4197,5946,5946
21851,8873,8873,7553,2955,4563
21852,8418,7609,4774,7929,4774
21853,6659,5834,6470,6470,6470
21854,6697,5518,678,6772,6772
21855,6200,5456,6000,5695,7681
21856,5017,3895,5591,4606,4606
21857,4900,5101,4630,7455,7455
21858,5218,4233,6436,6048,3579
21859,5176,6239,6582,6582,6582
21860,7734,5480,464,213,464
21861,3558,3664,6474,6474,6726
21862,5186,6446,4752,6242,4752
21863,2055,4875,7299,7153,7153
21864,4191,3638,5544,5769,5769
21865,6421,5719,6825,6825,6825
21866,6084,4946,5365,5365,5365
21867,8553,6630,5648,5648,5648
21868,1089,6389,5258,6270,5258
21869,235,4869,3382,6415,6415
21870,4271,6721,4271,4271,4271
21871,4766,3128,3295,3295,5338
21872,6403,6100,6575,4587,4587
21873,2668,4930,5444,6279,2796
21874,6364,5726,6525,5726,6525
21875,2736,3704,6543,3302,3302
21876,5641,6681,6832,6832,6832
21877,7274,8444,8129,9209,8129
21878,6733,3586,4403,4966,4966
21879,6568,8164,5932,5932,5932
21880,8448,7033,2311,2311,8595
21881,6207,4715,6808,6808,6808
21882,6389,5941,5985,5985,5985
21883,4934,6867,6151,6276,6276
21884,5622,5555,6606,7360,1125
21885,4793,5605,5481,6147,6147
21886,7879,3179,5986,3642,5986
21887,6300,6626,4883,4883,4883
21888,6300,6091,5992,6356,6356
21889,5325,8565,5530,5530,8938
21890,8573,2706,4068,4068,4068
21891,8694,4776,5772,5772,4646
21892,8809,7057,8794,7226,7226
21893,7670,7670,8819,1793,1793
21894,523,2152,9017,9017,9017
21895,6060,5639,5639,5639,5639
21896,5964,6701,5964,5964,5964
21897,6966,7446,4688,4688,4688
21898,5884,6545,4440,3554,3554
21899,6284,8680,7085,2101,2101
21900,5884,5884,5884,5884,5884
21901,6609,5113,5865,5865,5865
21902,1458,268,4865,1297,3290
21903,6276,6111,6373,5587,5587
21904,6492,5258,4676,4676,4676
21905,6492,5924,5924,5924,5924
21906,6386,8045,3455,3455,6690
21907,6140,6729,5001,5001,4654
21908,5353,6248,7079,7079,7079
21909,7779,5567,9074,5690,5690
21910,5667,5863,5893,5893,5893
21911,7471,5312,1125,7474,8433
21912,4772,5146,6342,4946,4946
21913,5577,5577,6226,6226,6226
21914,7163,2461,5454,3130,8964
21915,7760,6946,6471,6471,6471
21916,5424,6115,5546,4839,4839
21917,4777,6081,6587,6343,6343
21918,6174,6025,8731,5211,5211
21919,8413,6090,6182,6182,6182
21920,5647,6274,4950,4950,4950
21921,4685,5385,5641,5395,6320
21922,6600,4861,5522,5522,5522
21923,5319,7080,2611,4841,6720
21924,4861,4861,4861,5522,5522
21925,8750,4685,4950,4596,6274
21926,3554,5571,8860,8860,8860
21927,3859,6110,6858,6858,6858
21928,4956,6087,6851,5686,5686
21929,7957,9141,6288,7644,7644
21930,5366,6480,5000,4968,4968
21931,5389,7337,6798,5853,5853
21932,5389,5787,5737,5350,5350
21933,3871,3798,2589,3808,5851
21934,5853,5853,7572,5853,5853
21935,5298,5311,6922,6922,6922
21936,6100,4234,6278,6278,6278
21937,4849,4092,6765,5987,6765
21938,8750,6918,6918,6918,6918
21939,5607,8569,5064,8826,5205
21940,4860,7328,5004,6183,6973
21941,7264,5100,6055,5866,5420
21942,3728,7762,6937,6937,6937
21943,6299,6395,5028,5798,6218
21944,4926,5158,6179,6179,6179
21945,7600,3275,8828,8828,8828
21946,2779,5785,2098,5521,5521
21947,4025,6100,2424,2424,2424
21948,7994,6070,4726,4726,4726
21949,6486,6869,8221,8221,8221
21950,6486,8221,6486,8826,8221
21951,6533,5810,4788,4788,4788
21952,5270,6067,8643,3099,3099
21953,5968,7816,3417,4679,3417
21954,4956,8196,4804,6581,6581
21955,4693,3333,3345,3345,3345
21956,3311,6473,5535,4813,4813
21957,2547,8797,3825,3825,3825
21958,6827,5402,4928,4928,4928
21959,8203,6145,7512,6257,6257
21960,5025,3431,5638,4692,3409
21961,7485,3799,3474,3025,3025
21962,6473,4764,5659,5659,5659
21963,4152,4170,3886,4542,4980
21964,6485,4997,8466,4997,4997
21965,4582,8250,8215,8215,7451
21966,6630,5334,5829,7752,7752
21967,5579,9171,8540,9074,9074
21968,4727,6019,6453,7842,2588
21969,5798,6843,5207,4927,4927
21970,6880,6222,6222,6222,6222
21971,5994,5994,5994,5994,5994
21972,6635,6118,2845,4982,5910
21973,6196,7631,6669,4645,4645
21974,6399,5524,7271,4910,8221
21975,5197,4937,3280,3280,3280
21976,5261,4671,3333,6408,6408
21977,6678,5055,6551,3724,6551
21978,6114,6131,6634,6925,6925
21979,3197,5140,6098,5505,6390
21980,6566,6887,1746,7122,7122
21981,6558,5628,5852,5872,5872
21982,6547,7904,6606,7509,7509
21983,6596,8747,5462,5963,8069
21984,7155,6873,5962,5095,5095
21985,4934,6210,6624,6233,6233
21986,4934,5279,6624,6624,6624
21987,5466,4934,4934,6801,6431
21988,6876,5736,5697,4115,2982
21989,6421,6344,5426,5888,5888
21990,6876,5832,4790,4790,4790
21991,5183,6301,5974,4840,4840
21992,7799,4965,5623,5819,5623
21993,8495,6810,5360,5360,5360
21994,5528,4949,4949,4949,4949
21995,5401,6044,2392,6318,6318
21996,5540,6630,8429,6723,6630
21997,9006,6947,4612,3910,4943
21998,8695,8426,3623,3623,3623
21999,8012,7611,6972,6392,6392
22000,6703,6674,5459,7812,7812
22001,5143,7344,6779,6822,6822
22002,3993,6905,6621,5372,5372
22003,6169,5023,5902,6701,6701
22004,6032,6083,6682,6682,6682
22005,7984,5487,6586,6586,6586
22006,5611,6390,763,4999,4999
22007,8074,6595,5166,5166,5558
22008,7908,8832,1070,9045,1070
22009,6031,6071,6031,6031,6031
22010,4965,5698,6396,6396,6396
22011,3784,4692,5698,5698,6031
22012,5213,5894,5894,5894,5894
22013,6317,6771,6093,5238,5238
22014,5785,5839,4809,5188,5188
22015,5371,3035,4327,3035,4327
22016,4109,3786,2423,4466,4466
22017,9185,6683,4681,8446,8351
22018,5211,4939,4908,5859,5859
22019,4679,4547,6114,6114,6114
22020,5674,5354,5859,6406,6406
22021,6161,4785,5593,5593,5593
22022,4846,4846,6301,6446,6446
22023,6571,5357,4940,4940,4940
22024,5441,5269,5546,4839,4839
22025,6820,4709,3374,4671,4880
22026,6436,6030,5631,5631,5631
22027,5469,6519,5006,4566,4566
22028,4993,4730,8266,8759,8759
22029,5665,4730,6041,3041,3041
22030,6849,7282,5250,5250,5250
22031,6501,7577,4856,4856,4856
22032,5430,5990,8641,6992,5859
22033,6518,5827,2611,2611,2611
22034,6028,5309,5533,6147,6147
22035,6639,5457,3770,3770,6693
22036,6642,5828,4842,4842,6498
22037,8348,8351,5528,9208,8744
22038,1318,3033,6093,694,856
22039,6752,5407,3711,6967,6967
22040,6874,5127,632,7585,632
22041,7738,6078,6382,6382,6382
22042,4790,6549,4696,8746,8746
22043,5878,8000,4178,4178,4178
22044,6631,6494,6818,6818,6818
22045,6665,4225,2556,3861,3861
22046,4261,8028,8028,4466,4466
22047,7497,8625,461,461,461
22048,370,7072,2044,3278,3551
22049,8757,6137,2967,2967,3840
22050,4254,5959,3922,6539,6539
22051,5518,5914,5914,5562,5562
22052,7618,2730,5327,4799,4799
22053,5642,8069,4757,6663,4757
22054,4073,2931,4447,3774,3774
22055,5905,4964,5146,5146,5146
22056,5839,6368,5614,5614,5614
22057,8541,8757,1422,7136,7136
22058,4731,6075,6075,6075,6075
22059,5833,6633,2553,2553,2553
22060,5874,5318,6304,4701,6304
22061,5063,5288,5318,5044,5044
22062,5926,5981,5981,5981,5981
22063,5490,3208,6434,6434,6434
22064,5954,7161,5326,5326,6457
22065,6906,5490,5248,5248,6609
22066,6179,6573,4405,4405,4405
22067,5647,5434,5698,5698,5698
22068,6303,6157,5745,1708,1708
22069,7454,6101,4997,4708,4708
22070,6017,5225,6389,6389,6389
22071,6071,6382,7999,5127,5127
22072,3041,2973,3682,3502,3502
22073,7275,5934,9040,7082,7768
22074,5502,4510,4422,5083,4422
22075,6638,6282,6934,6749,6749
22076,4752,3419,6846,6846,6846
22077,4193,6828,4691,5929,5929
22078,5115,7631,2944,6786,6786
22079,5561,9206,2890,5614,5614
22080,6566,4821,8015,6576,8015
22081,5726,5376,8635,8635,7690
22082,5171,3079,5319,5319,6502
22083,5844,7892,7018,7018,7018
22084,5483,5052,5184,6430,6430
22085,6037,8359,3441,7233,7233
22086,7649,8569,4910,2536,2536
22087,3955,2675,3666,8106,3666
22088,3472,8465,5217,8353,8353
22089,5946,5135,5307,5307,5307
22090,8350,3729,6944,9205,9205
22091,5031,5031,5609,4649,4649
22092,8695,4142,6838,5417,6345
22093,5449,7242,9083,6851,6851
22094,6665,2886,4943,4943,2862
22095,6212,5610,5116,5116,4886
22096,6811,6811,6811,6811,6811
22097,5581,6346,6771,6771,6771
22098,4768,4860,5050,6161,5050
22099,4793,7509,2551,6533,6533
22100,6430,7548,2536,5181,2536
22101,5938,6397,4765,4765,4765
22102,6775,5198,4887,5940,4984
22103,5638,6363,5703,5703,5703
22104,7614,6403,808,5437,5437
22105,4389,5282,4715,4798,3878
22106,6406,5507,1415,5493,1415
22107,7978,7220,6375,7492,7492
22108,6796,3173,6499,5344,5344
22109,3700,5573,7698,6348,945
22110,2582,5493,5108,5108,5108
22111,3399,5261,6585,5990,5990
22112,5390,6494,5019,5019,5019
22113,4463,3341,6361,6849,7206
22114,5831,5955,7187,5301,5301
22115,5492,3984,5926,5926,5926
22116,6048,3603,4856,4856,4856
22117,9132,8655,8314,8314,8314
22118,9183,5393,2818,5393,5393
22119,3695,5719,4814,4767,4767
22120,4737,6040,5435,4558,6432
22121,6007,6240,6825,6557,2845
22122,6922,7474,5883,5883,5883
22123,7461,7682,5023,5379,7622
22124,7424,5258,5957,6492,6492
22125,7891,5835,4655,9207,9207
22126,4923,4291,4923,4291,4291
22127,6907,7041,6874,5677,5677
22128,6638,5713,6862,6640,6640
22129,6773,6519,4917,6519,6519
22130,4659,6058,6361,6796,6361
22131,5116,6565,6525,6525,6525
22132,6594,3374,4804,4804,4804
22133,5531,6276,5531,6230,5113
22134,5436,6276,6230,6230,6230
22135,5828,4969,5799,5799,4883
22136,5668,5787,6240,6240,6240
22137,7301,5508,8808,8808,8808
22138,5134,5584,2854,2854,5584
22139,6439,1213,4699,4699,4699
22140,4724,6271,8750,6819,6422
22141,5117,5117,6734,6734,6734
22142,5514,9126,8356,7227,7227
22143,6446,6274,6627,5524,5524
22144,6755,5824,2328,2328,2328
22145,5248,5784,5669,3374,3374
22146,4790,4503,9120,5925,5925
22147,5569,6822,5463,5463,5463
22148,4850,5871,4825,4825,4825
22149,4850,7996,6820,4850,4850
22150,4092,6381,6044,6801,6044
22151,5880,8985,6879,5299,5299
22152,6056,2158,5518,905,905
22153,6666,6666,6666,6666,6666
22154,6010,7871,5822,9062,9062
22155,6391,6666,8687,5813,5813
22156,4025,3042,4154,3474,3474
22157,8981,3697,5092,5092,5092
22158,5146,2340,4821,9090,9090
22159,2743,4918,3185,3185,3185
22160,2675,2493,3972,3178,3178
22161,5432,3002,6115,6115,6115
22162,4644,4771,5002,5146,5146
22163,4919,6387,5169,6055,5169
22164,4674,4674,6692,7041,7041
22165,5840,5060,5524,5873,5873
22166,5163,6284,8754,5181,3706
22167,5378,2372,5378,5378,5378
22168,5225,3113,6547,5507,6768
22169,4984,6508,6191,5018,6538
22170,4794,7161,4721,4682,4682
22171,4734,3433,3766,4454,4454
22172,8672,4677,6483,5740,5740
22173,5042,3264,6859,6530,6530
22174,4895,6887,6790,6790,6790
22175,6181,3845,4694,4694,4694
22176,6514,4825,6274,6274,6274
22177,5384,6677,5339,4427,5339
22178,5719,6813,5389,6557,6557
22179,6424,4850,4694,5562,5562
22180,4857,6475,3391,4857,4857
22181,5541,5252,5616,5500,5500
22182,7233,5220,5730,5730,5730
22183,6645,6942,5495,8561,8561
22184,6280,6562,4963,3146,3146
22185,6287,6224,8119,8119,8119
22186,6855,7571,5534,5612,6862
22187,5568,2845,6704,6177,6704
22188,5147,6597,6313,6313,6313
22189,4954,4727,5315,4735,4735
22190,6218,6218,5065,6395,6395
22191,4954,4954,5536,6277,6277
22192,6425,8414,5429,5112,5112
22193,6215,8918,6933,6836,8353
22194,5027,7356,6429,7076,7794
22195,6233,5238,6005,6005,6005
22196,5338,5335,3840,3840,3840
22197,5762,5434,5506,5303,5506
22198,4776,6470,6680,5657,5657
22199,5084,5653,5260,5260,5260
22200,5447,6630,4557,4557,4557
22201,2913,6368,3642,3642,3713
22202,3433,3433,6031,2657,2657
22203,5344,6993,6206,5367,5367
22204,6519,5659,7107,6424,4764
22205,4992,3298,6613,6613,3873
22206,7431,5910,2900,5910,5910
22207,6618,5455,4958,4958,4958
22208,5214,5094,5406,5406,5406
22209,173,5914,2893,6340,5914
22210,5674,6016,8553,2366,7967
22211,5433,5990,7195,7195,7195
22212,4866,4381,4606,5535,5535
22213,6804,7688,6516,6516,6516
22214,8922,1668,6729,5012,5012
22215,5261,6840,4654,5820,5820
22216,5275,5995,5298,3824,5298
22217,6160,5434,5238,6093,5746
22218,5518,5518,889,5518,5518
22219,8461,7362,5789,5789,5789
22220,1907,3828,1122,1122,1122
22221,6305,6305,5898,1790,1790
22222,4648,5094,5488,6889,6577
22223,4985,4521,3123,8122,5523
22224,3835,4812,4697,4697,4697
22225,5744,3156,5560,6524,6524
22226,4792,5671,6007,6007,6007
22227,5592,2690,5981,2345,2345
22228,5950,6710,8200,4672,4672
22229,6418,6154,7005,6711,6711
22230,5497,5008,7056,7056,7056
22231,8365,3438,4756,4756,4756
22232,4753,6981,6241,6241,6241
22233,6118,4608,4680,4680,4680
22234,6123,8461,8057,6032,6032
22235,8333,9099,7226,8333,8333
22236,5008,5189,5747,5747,5747
22237,5539,5196,6536,4680,4680
22238,5476,6131,5206,6087,6087
22239,5787,4270,3479,6339,2388
22240,5425,4455,6030,6030,2664
22241,8085,7229,6238,6069,6069
22242,5674,5560,2517,2517,2517
22243,4234,5060,4160,6452,6452
22244,5615,6295,3123,9090,9090
22245,6351,5978,4935,4935,4935
22246,3555,7725,5561,5561,5561
22247,7799,7799,4965,7799,4965
22248,3555,6400,8520,7995,7995
22249,6278,7851,7087,7087,7087
22250,3409,5868,4866,7768,7768
22251,6844,5293,4596,6283,6283
22252,5126,5036,5883,9024,5883
22253,6012,6184,6544,5178,5178
22254,4014,4475,6742,6484,6484
22255,5830,4985,6217,6217,6217
22256,4697,6186,6017,6017,6017
22257,5284,6874,8045,8045,8045
22258,5889,5450,5104,5076,5076
22259,5390,4279,5405,5405,5405
22260,3768,8426,7685,3225,3225
22261,8461,3576,4500,5149,5149
22262,3314,5237,5436,8988,8988
22263,3739,5793,5152,5152,5152
22264,3263,5905,7484,7484,7484
22265,5790,5018,4520,2455,4520
22266,5717,6878,8515,4829,8515
22267,8469,4893,4916,7758,5923
22268,5598,6761,4929,3955,3955
22269,8469,4674,6697,6697,6697
22270,5088,5537,4994,5088,6147
22271,5678,6191,6487,6487,6487
22272,6786,8013,6102,6102,6102
22273,6235,3185,4189,3825,3825
22274,4477,4350,6265,6273,6273
22275,3414,5245,3431,3787,3787
22276,6828,6020,6203,3128,3128
22277,6325,6325,6325,6325,6325
22278,7652,6901,4984,4770,4770
22279,6111,6448,6111,6750,6750
22280,6594,5839,4922,6923,6923
22281,6182,7282,6594,4678,4678
22282,6762,2328,2328,6353,6353
22283,6762,5255,5910,3156,3156
22284,4790,6276,4750,4750,4750
22285,6850,8369,4134,4134,4134
22286,3039,3237,6686,5494,6686
22287,5344,8706,5864,7213,9017
22288,8351,6541,9057,8118,8118
22289,5619,6613,6361,6424,6138
22290,4993,3131,3225,3225,3225
22291,6831,7222,6196,7354,7258
22292,6831,7678,4687,7258,7258
22293,8154,6476,6783,5985,5105
22294,3466,6893,6571,6571,6571
22295,5938,6675,5938,5938,6717
22296,5647,6362,5715,5715,5715
22297,6008,5550,6535,6535,5045
22298,6907,5927,6407,5811,6407
22299,4936,2537,5221,5221,5221
22300,4761,6334,2827,2502,2502
22301,6619,3860,6547,6758,6758
22302,5004,5523,3039,2382,2382
22303,3348,8636,2418,8866,8866
22304,8593,8983,7563,7594,7594
22305,4147,7223,6851,6851,6851
22306,3025,8880,3474,3441,3441
22307,8608,5585,4437,7311,3590
22308,5255,6499,2328,6545,2328
22309,3268,2707,9053,6111,6111
22310,4821,6204,6224,4712,4712
22311,5154,8760,8159,5986,5986
22312,4690,6263,5788,357,357
22313,2809,5926,5317,3461,3461
22314,2801,5679,5297,6835,6835
22315,6042,5957,7581,6042,6042
22316,5525,5949,6251,8251,8251
22317,5813,62,5525,6666,5886
22318,8459,8832,6626,7115,7115
22319,9145,6763,4864,5291,5291
22320,6702,8371,7033,7275,7275
22321,6111,6511,4764,4764,4764
22322,6823,5637,5010,4499,2659
22323,5406,5844,3068,3068,3068
22324,4897,1259,6073,6674,5370
22325,5933,5396,5802,6615,6615
22326,6396,4862,6214,6368,6368
22327,5887,6099,6930,6930,6930
22328,5831,6944,7235,7235,7235
22329,7787,8730,6420,4646,4646
22330,6717,7186,6232,3068,6914
22331,2703,5693,6500,6500,6500
22332,6077,2934,5694,5694,4296
22333,6624,4019,6896,5263,5263
22334,5738,8601,6374,6374,6374
22335,6885,6817,8601,8601,8601
22336,4977,2320,7005,7005,7005
22337,5501,4757,4757,4757,4757
22338,5056,8000,4768,4768,4768
22339,3007,5103,6613,6613,6613
22340,5965,5770,6816,6816,6816
22341,5314,6549,4405,6549,6353
22342,5356,7717,7532,7532,7532
22343,4706,2348,6261,5737,5737
22344,6066,4737,7485,5562,2345
22345,5476,5476,6292,5613,6292
22346,8962,8478,6521,6521,6521
22347,7583,7801,7285,7285,7285
22348,7282,4716,6548,5354,6849
22349,6140,5066,1668,1668,1668
22350,5700,5700,6812,5674,5674
22351,6783,5825,9145,5852,5872
22352,5481,5795,6603,5560,5560
22353,2726,5334,8907,8907,6913
22354,7968,5474,5224,5112,5112
22355,7267,5861,5979,5979,5979
22356,8625,4976,5261,5261,5261
22357,4618,4906,6289,6289,6145
22358,4014,5496,4985,4985,4985
22359,4946,4940,4940,5825,5825
22360,3257,9215,4223,3931,4223
22361,8927,6743,5390,5390,5390
22362,8866,7187,6617,6660,6660
22363,8715,8909,7971,4124,4124
22364,4049,4948,3850,5132,5132
22365,7399,3686,7452,2791,2791
22366,6807,6141,4660,4491,4491
22367,7788,6375,6542,5900,6542
22368,5157,5767,2105,7529,7529
22369,3311,3268,4557,7578,2773
22370,2483,2727,2677,4227,4227
22371,2554,2842,2840,5432,3825
22372,6399,6367,6061,6061,6061
22373,4505,6052,3782,2460,2460
22374,6385,7562,2902,2902,2902
22375,8613,7465,1425,7521,7521
22376,7226,8386,4887,7804,7804
22377,6295,4622,5094,4846,4846
22378,5109,7652,7613,7613,7613
22379,5254,5094,4933,6367,6367
22380,7912,9158,5896,6804,7153
22381,6448,5346,6442,6442,6442
22382,4905,6342,6143,6143,6143
22383,5543,6730,8244,8244,8244
22384,4742,6060,4760,3164,3164
22385,6060,6060,6060,6060,6060
22386,6060,6921,9226,3372,3372
22387,7784,6135,6810,8452,8452
22388,1796,9064,8896,4702,4702
22389,5134,7633,5552,7074,894
22390,9208,8647,6630,4169,4169
22391,4337,6494,6067,4879,4879
22392,6296,6268,4030,4030,4030
22393,6472,6472,8515,5026,5026
22394,6472,5357,5465,5708,5708
22395,6566,3520,6430,7598,7598
22396,7700,8892,8356,4025,4025
22397,5462,6098,8855,7015,7015
22398,9065,6448,6043,697,9107
22399,5456,3068,5180,5180,5603
22400,5746,5902,5461,5011,5011
22401,6233,4650,3824,3824,3824
22402,6353,5354,5059,5059,5059
22403,3364,3982,4342,3524,3524
22404,3556,5711,4948,4948,3247
22405,4910,3332,9120,5209,5209
22406,8317,4673,6688,5781,5781
22407,8818,5571,4747,6607,6607
22408,3782,5864,5446,6869,6869
22409,7935,5754,6672,6672,6672
22410,4732,4732,3150,4610,3150
22411,5722,5433,6408,4680,4680
22412,4884,4884,6519,4884,4884
22413,5922,5516,5158,6877,6877
22414,5248,5238,6699,6699,6699
22415,3170,4766,5860,6828,6828
22416,5611,2874,2526,7338,7338
22417,4949,6435,6832,6832,6832
22418,5783,5414,6184,5869,5803
22419,6187,5677,6768,5569,6427
22420,6132,6132,8995,8692,8692
22421,8424,4846,4567,4567,4567
22422,5291,7013,6260,7165,7165
22423,5243,9017,4996,5083,5083
22424,8831,7051,6924,6314,6314
22425,6401,7284,9112,9112,9112
22426,6817,7458,4928,4928,4928
22427,8831,7436,7426,8186,8186
22428,3416,6496,1002,5452,5452
22429,6361,6395,5910,5059,5059
22430,3740,3700,3520,7427,7427
22431,9091,3051,9137,4398,4712
22432,7366,8349,5957,5957,5957
22433,7016,5274,5274,5274,5274
22434,2599,2938,7891,7891,7891
22435,2798,4814,5019,6556,6556
22436,5205,4965,6575,5186,5186
22437,6236,4855,4855,4855,4855
22438,6395,6805,4659,4659,4659
22439,5464,6805,2742,6548,2742
22440,6303,6880,5600,5600,5600
22441,4693,6481,5216,4693,4693
22442,4693,4962,5729,4693,5729
22443,6490,6617,2914,3035,3035
22444,6023,6023,6023,6023,6023
22445,5756,5203,6204,4970,6801
22446,6130,6023,8699,4678,4678
22447,2518,6823,1085,1085,1085
22448,2620,2516,2822,3458,3458
22449,9008,6488,7585,8761,8761
22450,4793,6779,3648,3648,3648
22451,7572,5993,2551,5593,5593
22452,5853,6403,6352,5843,5843
22453,1967,6437,2934,2934,2934
22454,6005,5407,3817,3817,3817
22455,6340,4952,3787,3787,3787
22456,7682,4853,8349,6606,6606
22457,6784,6813,4275,6152,6152
22458,5844,5376,5227,4784,4784
22459,6784,5359,6126,6126,6126
22460,8635,4420,5797,4977,5797
22461,6784,6546,6546,6546,6878
22462,6096,3524,7638,3162,4455
22463,6274,5667,5607,2509,5620
22464,4924,7128,8493,7287,8493
22465,2908,5888,4420,6055,4420
22466,5788,4403,3154,3087,3087
22467,5709,2320,7005,6550,6550
22468,5076,5076,5324,4912,4912
22469,4571,5381,6350,5980,5980
22470,5208,5890,5673,5673,5673
22471,5266,6644,2863,8752,2863
22472,372,6153,7641,1223,1223
22473,5456,6176,5885,6005,6005
22474,5150,6007,6545,4988,4988
22475,5967,6098,6341,5310,5431
22476,5220,8760,5409,7572,7572
22477,5949,5160,8601,5160,5160
22478,5230,6637,5364,6442,6442
22479,6257,5160,6700,6700,6700
22480,7210,8981,2545,8581,8581
22481,4628,3874,5582,5582,6956
22482,8981,1133,5992,7437,5992
22483,5038,6927,5131,5131,5131
22484,8957,8964,8957,8964,8964
22485,8516,8206,3466,3466,3466
22486,9009,5857,9009,8813,8813
22487,8933,7832,4184,4741,4184
22488,2622,6759,3094,4873,4873
22489,8757,5520,7211,1464,1464
22490,7922,3912,2592,2592,2592
22491,7258,3410,4587,5092,4587
22492,6131,6501,5337,6587,6587
22493,7603,4260,8060,3637,3637
22494,6087,7600,5567,5567,5567
22495,6856,4910,4538,6289,6289
22496,6856,5731,5731,5731,4910
22497,7114,3491,4831,7197,7197
22498,7178,7390,8201,8697,8697
22499,5464,5773,6469,5270,6136
22500,5031,5594,5206,5887,5887
22501,5599,6889,5961,5781,5781
22502,3612,6713,3372,4745,4745
22503,5154,2325,8074,6926,6926
22504,7803,8047,4615,7607,2789
22505,6852,3566,6873,6873,6873
22506,8553,6063,5559,5559,5559
22507,9187,6423,5918,6093,6655
22508,5737,4656,4860,5010,6097
22509,2321,6657,6530,4748,4748
22510,4978,6922,8620,9105,9105
22511,6328,6179,4993,6052,8290
22512,5111,4968,5663,5663,5663
22513,9083,9083,6634,6634,6634
22514,5577,5239,5596,5577,5577
22515,6793,4948,5177,4822,4822
22516,8498,6837,8649,8649,9084
22517,7057,7209,7387,7387,7387
22518,7301,6837,6837,9084,9084
22519,7131,8932,8716,8716,8716
22520,8483,7393,6730,6730,6730
22521,6672,5712,6686,6686,6686
22522,9039,7878,7661,7263,7263
22523,6704,8489,8763,8763,8763
22524,7189,6542,5784,6449,6449
22525,6028,5835,5856,3711,3711
22526,4757,6571,7718,5489,5489
22527,5803,5314,5803,5803,5803
22528,4701,5144,6369,4651,5546
22529,4659,4658,4701,6350,4701
22530,5144,4701,6805,5111,5111
22531,5004,7383,5666,8172,8172
22532,8546,6717,5321,5321,5321
22533,4983,5647,7048,6614,5671
22534,4870,4798,4778,5928,5928
22535,5575,5497,8085,8966,7641
22536,4745,6502,6846,6846,6846
22537,5385,6530,7211,7211,7211
22538,4769,5569,5569,5569,5569
22539,5372,5995,5995,5995,5995
22540,6084,6380,5825,5825,5825
22541,6055,5797,5272,6387,4784
22542,1708,5275,6151,6896,6896
22543,5988,5300,4716,4716,4716
22544,9197,7149,6131,4104,4104
22545,7339,5749,5404,4022,5701
22546,4875,6976,8628,8628,8628
22547,6360,8114,6491,6038,6038
22548,4746,6768,4686,4686,4686
22549,2228,2146,2146,1400,1400
22550,1427,3113,3588,3612,3612
22551,5854,5881,8911,6097,8911
22552,1928,5877,6618,8495,8495
22553,8221,7397,8750,8750,8750
22554,4038,6669,5188,5227,5227
22555,5327,5814,5327,5586,5586
22556,5593,5622,7337,7337,7337
22557,3501,7173,5745,5457,6688
22558,4625,6326,2813,4054,2949
22559,5787,9021,6353,6789,6789
22560,4093,4608,8036,8036,8036
22561,5784,5147,6761,5257,6691
22562,8372,6652,4304,4891,4891
22563,5308,5942,8488,8546,8546
22564,6089,5542,5212,5212,5212
22565,4412,5694,5694,5694,5694
22566,4776,4982,6883,3623,3623
22567,6918,7260,4765,6736,6918
22568,5633,5633,5633,7189,7189
22569,5633,5633,5633,5633,5633
22570,5438,5312,6637,4743,4743
22571,6442,5621,4957,5949,5949
22572,5251,6428,7051,5630,6416
22573,3045,7965,5736,8791,8791
22574,6526,6588,6708,3307,3307
22575,6442,6828,6676,5309,5309
22576,6905,4783,4126,4126,4126
22577,4738,2327,4622,4420,4622
22578,5333,5210,5888,5260,4931
22579,6584,4650,6276,5499,5499
22580,5025,4989,5606,6374,8549
22581,6363,6407,6251,6251,6251
22582,6033,5687,3318,3318,3318
22583,8259,7961,2334,5676,5676
22584,7000,7266,2930,6054,6054
22585,6374,5621,8549,5606,5606
22586,7997,6442,5160,8244,6546
22587,6116,5679,4989,4989,4989
22588,5312,4748,6186,7171,7171
22589,5628,3643,7947,7947,7947
22590,5002,6762,4706,6949,5962
22591,3461,461,6729,5594,8063
22592,921,5255,8197,3350,3350
22593,7282,3891,5337,5144,5144
22594,6549,6742,5832,5832,5832
22595,6036,5283,6036,6424,6424
22596,5720,7833,7881,7881,7833
22597,4778,5375,9126,5375,5375
22598,4779,4779,4810,4810,4810
22599,4779,4305,6010,6010,5413
22600,6658,8247,5439,5439,5439
22601,7589,1585,3052,3052,3052
22602,9149,8876,5758,2629,2629
22603,6239,6498,3314,6705,6705
22604,2372,6130,4665,6130,6130
22605,6517,4905,8137,6508,6508
22606,4700,8426,5984,5984,5984
22607,3309,5139,3479,3293,3479
22608,5787,7150,6683,3403,4862
22609,2853,2699,6821,6665,6665
22610,4637,5979,4140,3769,3769
22611,6393,6026,6836,6836,6836
22612,4156,2936,4557,4557,4557
22613,6324,6676,6531,5120,5120
22614,6462,5258,7529,7529,7529
22615,7276,9042,882,9007,9007
22616,4932,8414,8423,9141,8423
22617,8018,7487,276,276,276
22618,7124,7124,7124,5034,5034
22619,5761,6219,6760,5716,5716
22620,6025,5337,6159,4884,4884
22621,4834,4970,6168,6907,6907
22622,5964,6440,5084,5084,5084
22623,6311,5784,2452,5263,5263
22624,7613,4741,5859,4791,4791
22625,4720,5326,6199,8223,8223
22626,5303,6746,4682,6103,4634
22627,5490,4986,6708,5048,5048
22628,6243,6023,6878,6878,6878
22629,5198,6110,6895,4281,5423
22630,6338,3181,2524,4588,7133
22631,6338,6047,7428,6534,5342
22632,5237,7500,7369,7369,7369
22633,4704,4906,7861,5232,5232
22634,6640,6322,6308,4820,4820
22635,6243,7947,4096,4096,4843
22636,8217,7418,7960,7418,7418
22637,7203,5253,2401,2401,2401
22638,7794,6805,6793,6793,6793
22639,6428,5352,6691,6691,6691
22640,5149,6701,6488,7674,7674
22641,7597,5851,8513,6390,5827
22642,9120,4349,3299,6482,6482
22643,4304,6255,6255,6255,6255
22644,2738,2630,8152,8152,8152
22645,4903,6740,9191,6212,6510
22646,3162,5239,6699,5491,5491
22647,8695,6118,5996,5390,5390
22648,5374,4259,3936,4259,4259
22649,7053,6851,6226,6312,6312
22650,4612,9117,5881,5881,5881
22651,8372,5898,5898,5152,5152
22652,5786,8801,8665,9182,9182
22653,6618,2229,1089,7920,5759
22654,5605,1545,8549,5606,6885
22655,5865,5036,4706,5877,4981
22656,4766,5787,2463,6582,6582
22657,5443,5994,6613,6613,6613
22658,4782,6880,5577,5577,5577
22659,6891,5116,6773,6773,6773
22660,4287,6805,6805,6792,5249
22661,6512,6512,5609,4824,5609
22662,3724,3984,6739,3768,3768
22663,4679,8426,4455,4455,4455
22664,4982,7330,4939,4939,4939
22665,6913,5609,6045,6045,6045
22666,4440,2372,5923,5617,5923
22667,8447,5440,5833,8453,6748
22668,7324,4731,6075,6075,6075
22669,4873,8423,5926,5926,3598
22670,2452,6148,3838,3235,3598
22671,853,1623,911,1623,1623
22672,5798,5798,5766,6818,6277
22673,5779,4889,5766,6790,6790
22674,4680,6102,5279,5279,5279
22675,6589,3051,6552,6126,8747
22676,2454,6520,8957,8957,8957
22677,6737,6691,6421,6435,6435
22678,2352,4505,4427,6440,6440
22679,7476,4657,6303,6762,5635
22680,8458,8213,6409,6619,6619
22681,7674,6243,5868,5334,5334
22682,8561,6820,4702,4702,4702
22683,6182,6776,6846,7155,7155
22684,5528,4791,4690,2768,4690
22685,7416,5788,4780,4780,4780
22686,6865,6203,5309,5108,5005
22687,6624,6984,4706,6640,6640
22688,6406,5263,6374,5653,6374
22689,5533,6828,4200,4200,4200
22690,3045,3591,5830,6149,5849
22691,4908,5690,5820,4761,4761
22692,3494,5250,4691,6134,6134
22693,4115,4847,6710,6710,6710
22694,4046,3649,4786,5551,6471
22695,4744,2289,5599,5599,5599
22696,5574,6630,5559,6193,6193
22697,6827,5352,6306,6306,6306
22698,9019,4997,7752,7752,7752
22699,6181,8360,3445,5827,3752
22700,8397,5135,4584,5760,6608
22701,8131,4254,6041,6041,6041
22702,4884,4703,4691,4808,4808
22703,6753,5351,4888,6925,4691
22704,5211,5277,6587,5765,5765
22705,5676,9076,5875,5875,5875
22706,6944,7049,5636,7611,7611
22707,5780,5162,3682,5780,5780
22708,5519,8461,7891,7891,7891
22709,4705,7353,4979,4688,4688
22710,8975,8801,5089,5089,5089
22711,5412,6650,6703,6703,6703
22712,5008,5879,7574,5614,5614
22713,6638,9035,5138,5138,5138
22714,5711,5144,4725,5579,5579
22715,6178,4972,6263,5450,5450
22716,7027,7570,7006,7006,7006
22717,5036,4757,6346,6346,5036
22718,6866,7509,4945,7085,7085
22719,5666,6319,6857,6857,6857
22720,4727,6156,4727,4843,4843
22721,4688,8712,9226,9226,9226
22722,8548,8139,5313,4717,4717
22723,6785,6591,4099,6849,5267
22724,5766,7701,8695,8695,8695
22725,6599,5917,4992,6580,6851
22726,5472,5063,7235,5161,5161
22727,5063,4701,5162,5162,5162
22728,6241,3333,3333,3333,3333
22729,5441,2328,4840,4193,6762
22730,7187,5244,4088,4088,4088
22731,7281,6851,5001,8978,8978
22732,5139,5448,8538,5139,5139
22733,6460,7308,7592,7592,7592
22734,4905,6447,8231,8231,8231
22735,5456,6798,6798,6798,6798
22736,6362,1756,4871,5439,5439
22737,3520,3696,5678,5678,5678
22738,6659,6826,6469,6469,6469
22739,7137,7137,5551,5177,5055
22740,5206,7577,6364,5859,6364
22741,8333,9048,7209,8738,7209
22742,2472,7524,4755,2896,4755
22743,5281,4994,6020,6020,5986
22744,5372,2541,2541,2541,2541
22745,6926,5943,5544,5544,5544
22746,6502,6387,6801,6552,6552
22747,6845,6863,2873,6316,6187
22748,5111,4982,6764,6764,6764
22749,5351,5953,5158,5351,5158
22750,8526,2902,6028,5170,5434
22751,6571,6571,9162,9162,9162
22752,4681,4794,4794,4794,4794
22753,5829,8813,4552,4552,4552
22754,8853,6913,4388,4027,5004
22755,7241,8223,8327,8327,6562
22756,6663,4757,4757,4757,4757
22757,6697,5611,5395,4193,4193
22758,5376,5376,6664,4712,4712
22759,3957,8578,4709,3804,3804
22760,6826,4786,3906,4512,2952
22761,6940,9103,9020,9020,9020
22762,6189,8893,5429,7886,7886
22763,6616,6526,6773,6773,6773
22764,6601,6620,5199,5199,5199
22765,8089,6490,6469,5764,5764
22766,8131,6592,5300,2690,6806
22767,6870,6539,5365,5365,5365
22768,5930,5059,5770,6222,6395
22769,6481,5752,4792,6880,4792
22770,6790,6565,6790,6790,6790
22771,4793,6562,5379,4946,5379
22772,8237,4609,2889,4509,2889
22773,4094,4135,6603,7596,7596
22774,7554,3612,4196,5526,4196
22775,6855,7241,6078,6078,3509
22776,1416,1810,1810,1884,1884
22777,6610,5260,5402,6451,6451
22778,4525,7865,2453,4574,7353
22779,5327,2357,6421,6421,6421
22780,4861,5462,8069,5633,6918
22781,4682,7098,4682,4682,4682
22782,3879,3466,5923,5121,6574
22783,7451,6977,7977,6994,6994
22784,9207,7346,6483,6483,6483
22785,5985,7471,8146,2359,2359
22786,8530,2901,3308,3630,3308
22787,8473,6799,3217,3217,3217
22788,2530,7016,8313,8264,8805
22789,4317,5134,9085,7613,5014
22790,5223,6073,8277,8277,4687
22791,3641,6461,8538,8538,8538
22792,7190,4786,8769,5142,8353
22793,2839,4780,6543,4606,4606
22794,6561,4364,6647,6647,6647
22795,5518,5842,5434,5180,5180
22796,4606,6340,7772,6121,6815
22797,5487,7529,4283,2703,9091
22798,4740,6288,4736,6877,6877
22799,5798,6480,6587,6587,5476
22800,5689,4803,7206,7206,7206
22801,5036,5900,5900,8463,5654
22802,5919,5126,7598,7598,7598
22803,4622,5593,4622,4622,4622
22804,4972,6727,2568,6494,6494
22805,4547,6620,6843,6494,6494
22806,6114,5684,5684,5684,5684
22807,5803,2641,5074,4949,4949
22808,6302,9092,7911,5803,5803
22809,4906,6274,6539,6539,3065
22810,5875,5085,5875,3667,3667
22811,8138,7779,4782,4782,4782
22812,6708,3045,3129,7526,7526
22813,6635,6499,5803,5059,5059
22814,5136,6395,6557,5103,5103
22815,5930,6762,6144,6144,4721
22816,4877,4995,7825,5812,7825
22817,5261,7086,5798,5207,5207
22818,7863,6835,5022,4625,4625
22819,5189,6483,8718,8058,8058
22820,5940,6542,5940,6615,5940
22821,5822,8369,4837,8371,8371
22822,6507,4967,3890,6291,6291
22823,6181,3983,7698,3018,8234
22824,8540,5882,5330,5616,5616
22825,6448,4971,8755,5098,5471
22826,5411,7474,5411,5554,5554
22827,5606,8433,4743,6442,6239
22828,4640,8766,6296,6445,6445
22829,7804,5180,5535,8156,8156
22830,6451,8583,5053,5053,5053
22831,4716,3883,4336,4336,4336
22832,8962,6603,2418,6634,6634
22833,5208,5207,6477,6477,6477
22834,7163,5812,5820,7329,7329
22835,6463,5778,5626,5820,5820
22836,4219,6743,6455,6455,6455
22837,5045,5160,5364,6327,5364
22838,6291,6624,5279,5279,5545
22839,5094,5124,6452,6452,6452
22840,6642,3431,6438,6450,6450
22841,5113,5537,4673,4673,4673
22842,79,3420,5792,6635,6635
22843,5461,5138,5138,5138,5138
22844,4901,4755,5496,6567,4940
22845,6567,4758,6402,6402,6402
22846,4954,6222,5363,5730,5730
22847,6663,6397,6397,6397,6397
22848,5434,4968,5044,6430,4912
22849,8583,7135,7625,7625,7625
22850,3509,2863,6690,7966,7966
22851,3237,7229,5030,4914,4914
22852,5960,8797,6617,4896,4896
22853,5999,4917,6570,6570,6570
22854,5889,5277,6587,6587,6587
22855,5434,4629,6624,6742,6742
22856,4092,4412,5035,4412,4412
22857,3822,4429,3905,3905,3905
22858,4637,4737,3295,3295,3295
22859,6879,1434,6879,4639,5174
22860,4644,6984,6355,4835,4835
22861,4926,4982,5874,5874,5874
22862,5761,5897,5897,5103,5103
22863,3153,6349,5527,4693,6826
22864,6798,3200,6693,5209,5209
22865,3678,6155,5305,6728,6728
22866,6191,6528,5685,5685,5685
22867,5841,6212,8862,5975,5353
22868,6530,8139,8090,4636,5462
22869,5982,6363,3629,5127,5738
22870,8251,6314,4007,5482,4007
22871,7966,6496,4862,5585,5585
22872,8704,5487,2479,2949,2949
22873,6394,4982,6872,6453,6453
22874,6395,6880,4671,4671,4671
22875,4632,5600,6325,6325,6325
22876,7570,7961,4273,8485,8485
22877,4886,5619,4750,4750,5917
22878,4822,6067,7834,7834,7834
22879,4648,5410,8889,5949,8368
22880,6824,6632,6612,6535,6535
22881,6419,7700,5534,5534,5534
22882,5887,6189,5270,7647,7647
22883,4740,4740,6587,4651,4651
22884,5392,4740,4754,6219,4754
22885,4914,4914,4914,4914,4914
22886,8461,9043,6416,7823,7823
22887,4914,4914,7051,4914,4914
22888,6660,4939,6553,6553,6553
22889,6114,5144,4797,5390,5390
22890,5486,6599,5536,6178,6081
22891,6016,6913,5140,5707,2581
22892,3997,3309,3808,3808,3808
22893,7174,7801,5132,5132,5132
22894,4246,6253,3395,2836,2431
22895,4273,2813,3412,6845,6845
22896,5132,5373,3274,5689,5689
22897,7480,4910,3384,7623,7623
22898,5651,8514,2324,6607,6607
22899,6856,6856,6856,6856,6856
22900,3314,4779,4779,4779,7840
22901,709,6017,8279,6261,6261
22902,7458,7458,7530,8464,7530
22903,6375,6357,6042,6841,6841
22904,7892,6483,4655,4655,4655
22905,6841,5933,6841,6841,6841
22906,5964,6251,6251,6435,3824
22907,5599,4650,4573,6151,6151
22908,6168,6406,6752,6111,6111
22909,6503,6718,5335,5335,5335
22910,5595,7051,5040,5040,5040
22911,151,7813,6827,6827,6827
22912,4677,2824,5705,5705,5705
22913,7554,4789,6786,6786,6786
22914,7571,2898,6390,5896,5896
22915,1018,3212,7251,3584,3584
22916,3834,3730,5382,3876,5384
22917,8033,3804,3482,7127,7127
22918,7371,4491,6982,3066,6982
22919,5412,8517,6807,6169,5656
22920,6257,5724,5724,3237,3237
22921,5581,6688,5455,5131,5131
22922,5966,4406,5628,5628,5628
22923,6705,5661,1593,5769,5769
22924,5932,3313,2361,2361,2361
22925,8832,5176,8199,8054,8054
22926,8372,5191,6926,5187,5187
22927,7445,7972,7445,7445,7445
22928,6112,4652,7066,7066,7066
22929,7257,2359,4488,5786,8199
22930,6363,5078,6431,6431,6431
22931,6905,8912,6276,6023,5531
22932,7950,1084,4817,7517,5776
22933,5399,6892,4687,1464,5385
22934,4986,6567,6741,6511,4643
22935,4958,6693,5810,6177,5715
22936,6912,6575,5204,5204,5204
22937,5828,5387,2361,5120,5120
22938,8848,3632,9120,2764,8152
22939,4603,6797,7615,7615,7615
22940,3351,6186,1642,9090,6839
22941,6797,5460,7474,2460,2460
22942,5261,6463,5990,5261,5820
22943,8852,7166,8893,8893,8893
22944,8259,7889,8550,5549,8289
22945,6608,7086,9070,6425,6383
22946,4896,5447,5780,6760,6760
22947,7918,7281,7963,7963,7963
22948,7819,3404,3176,4046,4046
22949,5891,4813,4722,4722,4722
22950,7367,7279,8828,7910,8828
22951,8529,7647,8169,6588,2594
22952,5130,9057,8105,8105,8105
22953,7647,5512,8138,6620,5549
22954,6447,3388,4972,4972,4972
22955,4954,4982,6054,5211,6587
22956,6134,4777,5029,5765,5765
22957,2742,4954,6490,6591,6591
22958,7282,6764,5076,4777,4777
22959,7285,3071,9130,7385,7664
22960,6619,1756,6545,5446,1756
22961,4788,6567,5205,5671,5671
22962,6232,7103,7789,5460,5460
22963,5751,5973,6627,5524,5524
22964,6820,5732,8458,8453,6330
22965,6641,8404,3037,6311,6311
22966,5028,5200,5057,5476,5476
22967,5076,6580,4824,4824,4824
22968,4822,6007,6316,4954,4822
22969,3302,2979,2651,4497,4497
22970,3938,3595,3571,3601,3601
22971,4004,5849,7551,6726,6726
22972,5144,7282,5922,6587,6587
22973,6694,8573,8573,8573,8573
22974,7498,7568,8788,8788,8788
22975,5837,5675,7877,4969,4969
22976,1070,5213,2868,2868,2868
22977,7042,7042,6257,6257,6257
22978,6920,4620,4650,4650,4650
22979,6381,4639,5248,5248,6901
22980,4643,6615,4669,5533,5944
22981,5879,6774,6728,4665,6728
22982,6798,6922,5434,5434,5434
22983,5737,5593,5036,6228,5036
22984,5770,6030,5177,5177,5177
22985,6015,5103,4750,4750,4750
22986,5103,6279,6279,6279,6279
22987,4904,5524,6035,6035,6035
22988,6775,5743,5023,5023,5023
22989,6817,5692,5894,5894,8860
22990,6498,6157,8468,8468,8468
22991,7523,8172,7523,7523,7523
22992,4946,6143,6023,6023,6023
22993,4797,8450,6785,6218,6218
22994,3153,259,6494,6536,6536
22995,5031,5111,4926,5337,5337
22996,4544,8647,8088,8088,8088
22997,2442,8478,1003,3272,4094
22998,8379,8743,7845,4944,6759
22999,4818,5209,4785,4818,4795
23000,4471,3276,7071,3212,3212
23001,2558,5736,6759,4857,4857
23002,7739,2771,7744,7744,7744
23003,6045,5305,6762,6565,6565
23004,6796,4659,5609,5994,5994
23005,6397,5741,5403,5741,4821
23006,5138,5137,4647,4647,5871
23007,6119,4905,3314,5606,5606
23008,8297,5716,6785,6785,6785
23009,5207,4754,4754,4718,4718
23010,3494,4560,5711,4754,5596
23011,5930,9057,5333,5333,5333
23012,6138,4750,6036,4750,6613
23013,6058,4658,6058,6058,6058
23014,6668,5045,566,5854,5854
23015,5519,3902,3828,3828,3828
23016,2908,5695,8601,6168,6168
23017,4739,4987,9077,9077,9077
23018,3771,5640,8546,7667,6012
23019,6479,3455,5145,5145,5145
23020,5324,5780,5087,5673,5673
23021,5111,5947,5337,5729,5404
23022,5028,5028,5028,5028,5028
23023,6866,5593,5928,6376,6376
23024,5823,6160,4647,5562,5562
23025,5457,5457,4747,5651,5651
23026,5888,5921,5279,5921,5921
23027,5283,4863,4834,4834,4834
23028,8941,4102,4673,3697,4673
23029,5162,5351,5297,5749,5749
23030,4879,6398,5890,5065,5315
23031,5351,6805,5351,5761,5761
23032,8738,8663,5754,6224,6224
23033,4845,3020,9182,5045,9182
23034,6834,4705,5916,5916,5916
23035,6811,6269,4757,4757,6811
23036,6062,5654,5654,5654,5654
23037,6811,6478,6661,5036,5699
23038,6066,4629,4011,4674,4674
23039,5755,5720,5501,5501,4656
23040,6390,6703,5203,5203,7363
23041,4701,6361,5211,6694,6085
23042,5351,5626,4889,4889,4889
23043,4651,6849,8225,8225,8225
23044,5412,6251,6306,6306,6809
23045,4953,4464,6083,8705,8705
23046,3455,6612,6612,8251,8251
23047,8712,6698,6418,6418,6418
23048,4619,4640,5064,5064,6008
23049,8203,5754,2994,7768,2325
23050,7147,6003,8867,5704,5704
23051,4196,4813,6106,6106,6106
23052,8256,4813,4988,5604,4988
23053,8134,5066,7339,2273,2273
23054,840,128,652,652,652
23055,3601,7229,2749,4075,4075
23056,8802,6870,7382,7382,7382
23057,7431,2963,8411,3885,8411
23058,5184,3397,4015,8540,4015
23059,4772,5832,4592,4211,6687
23060,4755,5755,6161,6161,6161
23061,4905,5181,6798,6798,6614
23062,4704,6559,6132,6415,6415
23063,6217,4812,5969,5456,5781
23064,6707,7318,5463,5463,5463
23065,4821,5385,8967,8823,8823
23066,4821,8816,6430,5138,5138
23067,5140,5254,7913,5254,5254
23068,3631,7172,7700,3848,3848
23069,8003,7474,6466,5505,3886
23070,6224,8606,8882,1200,1200
23071,1030,2708,1130,1130,1412
23072,5115,4950,5115,5115,4950
23073,6372,3739,3505,2913,2913
23074,6666,6057,7840,7840,7840
23075,5952,5949,6307,6307,6307
23076,7858,6413,8471,8471,8471
23077,5197,5197,4663,6238,6238
23078,5705,6862,5693,6229,5693
23079,6707,5233,6346,6346,6346
23080,5980,4912,5920,5980,5980
23081,5324,5246,8925,5087,5087
23082,6529,5911,4701,4701,4701
23083,8406,5296,7455,7455,7455
23084,5023,7051,8951,5296,5296
23085,7625,8724,9032,9032,9032
23086,7693,5132,5800,5800,5800
23087,3163,3395,3161,3161,3161
23088,6606,4849,6191,6191,6191
23089,6372,7670,5075,5075,5075
23090,3430,5356,5588,4143,4143
23091,8767,3114,8673,7997,6049
23092,7577,4761,8353,5054,2588
23093,5167,5761,5246,5207,5207
23094,5167,5317,5167,4888,4888
23095,2640,4648,6261,6597,6597
23096,4985,2524,5497,5497,5497
23097,5271,5338,6145,6145,6145
23098,6547,7982,6423,6423,6423
23099,6703,5143,4809,5332,5332
23100,6707,9035,5243,8064,5243
23101,5316,3122,4884,5658,5658
23102,4727,5600,5324,4740,5317
23103,6308,4282,824,3138,3138
23104,5944,5944,5783,5637,5637
23105,5010,6650,2854,2854,2854
23106,5303,6400,6400,4650,4899
23107,5806,6135,8597,5950,5825
23108,5806,6270,4935,4935,5009
23109,6803,5171,7239,7239,8306
23110,4341,5737,6355,6355,6355
23111,6276,5216,5212,5531,6776
23112,1738,5606,5638,5638,5638
23113,4947,7164,5623,5623,5623
23114,2372,5833,7912,5504,5504
23115,6538,4712,4840,4840,4618
23116,5086,5123,7951,6141,6141
23117,9046,5149,6313,5149,5149
23118,5086,6626,5952,5952,5089
23119,5113,5305,6211,6211,6211
23120,5053,5904,5053,6464,6464
23121,4341,5653,2452,6640,2938
23122,7552,5340,6203,4193,5271
23123,6192,6820,6203,6203,6203
23124,5181,4906,5014,2669,2669
23125,5049,3633,6033,6033,6033
23126,5594,6208,6247,5270,5270
23127,7166,6453,5046,5405,5405
23128,4594,5392,4273,4273,4273
23129,4929,5557,5929,5929,5929
23130,4776,5929,5929,5929,5929
23131,4341,5934,5639,5061,4343
23132,6800,4341,5703,5703,5703
23133,2584,3371,2364,2641,2641
23134,2666,6080,2353,2353,2353
23135,6395,5297,6829,5890,5890
23136,6805,6138,6359,6359,5945
23137,7832,4763,4855,6743,8090
23138,6223,6877,6223,6223,6223
23139,6477,6863,4879,4879,4879
23140,4699,5480,7001,5543,5543
23141,6089,2067,6624,6742,6742
23142,5723,6191,6381,6146,6146
23143,5609,4824,4659,4659,4659
23144,6902,5249,5118,4926,4926
23145,5450,4854,6218,6218,6218
23146,3345,5658,8694,8694,8694
23147,7801,5055,6086,3804,3804
23148,6178,8052,8646,8351,3364
23149,4666,6568,5849,5210,5210
23150,5499,6776,5469,5688,5688
23151,5502,6214,6391,5074,5074
23152,7383,162,6819,6819,6819
23153,5328,6320,2940,1389,3502
23154,6112,8785,3639,5060,5060
23155,6176,5096,6446,6446,6446
23156,5568,8359,7401,7401,7401
23157,5641,4724,8413,4724,4724
23158,5845,2577,5107,4004,3860
23159,4161,6532,8531,8531,3738
23160,6839,2919,2838,9149,9149
23161,5175,5546,4926,5358,5358
23162,5479,2553,6500,2236,2236
23163,6469,5658,6818,6551,6551
23164,5598,6809,4778,6633,6633
23165,5008,6433,5518,5746,5518
23166,5341,5008,5094,5094,5094
23167,402,8916,7379,7530,7530
23168,5515,5078,6700,6700,2891
23169,4676,5436,3375,5436,5436
23170,5336,8479,7452,7845,7845
23171,5631,5876,2639,7513,7513
23172,6115,7281,3980,8365,8365
23173,6580,5917,6591,5443,5443
23174,8213,6424,5671,5671,5671
23175,6222,6222,4750,6222,6222
23176,7114,8002,4905,4905,4905
23177,8233,8663,8497,8497,9119
23178,5728,4891,4234,8080,8080
23179,5417,4142,9141,9141,9141
23180,5417,5300,8219,6944,6944
23181,2886,5710,4748,4748,4748
23182,6939,4991,6909,5343,5343
23183,4825,5385,6050,6050,6050
23184,6486,6362,7642,6298,6298
23185,5557,4854,6343,4921,6805
23186,6764,5516,6764,6764,6764
23187,5980,6219,4808,4808,4808
23188,2606,2989,4463,5960,4463
23189,5881,8797,4787,5132,5132
23190,8256,7493,3345,8219,8219
23191,5049,6481,5890,5318,5318
23192,5351,6394,5516,5516,5516
23193,5472,6880,5472,5472,5472
23194,5504,5959,6039,6039,6039
23195,6942,4821,3879,4821,2506
23196,4025,5423,5497,5497,5497
23197,5560,3517,2496,3341,2963
23198,5682,5380,2577,7466,9016
23199,5151,4995,3281,5913,5913
23200,4407,6413,8429,5079,5079
23201,4940,4955,6275,5670,5670
23202,5888,5898,7353,5071,5071
23203,4931,6708,6344,5169,5169
23204,6438,5410,6682,5105,6682
23205,6625,4634,5436,5436,5436
23206,7788,8548,5379,3664,3664
23207,8546,7424,7005,7005,7005
23208,678,2680,8602,3620,3620
23209,5352,7424,4928,4928,4928
23210,7829,3614,6874,6492,6492
23211,6817,6492,5957,5957,5957
23212,4282,6228,6922,2098,2098
23213,5389,4900,5696,8181,8181
23214,5525,6018,5763,5763,5763
23215,5215,5215,7115,6562,6562
23216,5215,5215,7966,7115,7115
23217,7464,8845,7464,8248,8248
23218,8344,681,7018,7018,7018
23219,8324,6563,4702,8337,8337
23220,8048,8613,8048,8786,8786
23221,8659,5795,5778,5013,5013
23222,7147,3219,6583,6583,6583
23223,6951,5965,7104,7104,7104
23224,8176,8119,4801,8842,3739
23225,8663,6715,4670,4320,1417
23226,4958,4558,7523,8172,8172
23227,5725,7581,8819,4370,4213
23228,7334,5837,5286,5286,5286
23229,5156,7120,4985,6198,6198
23230,4692,4194,6750,6750,6750
23231,4988,3062,6413,3886,4069
23232,5347,6632,5702,5702,5702
23233,6594,4330,6761,6296,6296
23234,6687,6311,7584,7584,7584
23235,6026,9208,7283,5043,5043
23236,5160,5703,6718,8433,8433
23237,5767,5828,8912,8912,8912
23238,4852,7219,6882,4809,4809
23239,4871,6023,5823,5230,6896
23240,2489,8310,8704,8704,8704
23241,6535,7161,6286,6250,6366
23242,2884,6037,4983,5532,5532
23243,4947,6721,5378,5751,5751
23244,6567,5303,6110,6110,6110
23245,1259,6721,4979,5797,5797
23246,4876,5514,7950,7950,7950
23247,5759,7866,6401,6468,6468
23248,2837,9020,8007,7765,8007
23249,6019,6109,4907,6226,5175
23250,7968,8903,8830,8018,8018
23251,9230,8757,5121,5121,5121
23252,8463,7615,3630,7782,7782
23253,6166,9061,8463,8463,8463
23254,7186,4795,7186,5678,5678
23255,6710,1029,5828,5828,2913
23256,6059,8222,4741,6556,6556
23257,4659,3682,6880,6350,6350
23258,6046,5920,5165,5165,5165
23259,5246,5325,5765,5765,5539
23260,8899,4630,6638,4899,4899
23261,4648,7780,5755,6246,6246
23262,4682,5691,5836,6899,6899
23263,8752,5458,6701,6701,8752
23264,5412,5525,4868,4738,7314
23265,3416,8462,7224,7224,7224
23266,5278,7710,5550,6808,5550
23267,8085,2457,7028,7028,7028
23268,5779,5913,7876,7071,7071
23269,5283,6573,6353,6573,6573
23270,6113,6344,5814,5814,5814
23271,6511,6920,6144,4643,4643
23272,5111,6046,5057,5057,5057
23273,4907,8297,6678,6678,6678
23274,5317,6212,6678,7195,7195
23275,6620,5381,5711,6902,6902
23276,6851,6252,2855,4889,4889
23277,5596,5596,2720,8573,8573
23278,6089,4636,6276,6089,4636
23279,6089,6089,5248,5598,5598
23280,5888,5888,4636,6511,6511
23281,4705,6374,5258,5258,5258
23282,5606,6885,6317,6317,6317
23283,6031,6775,8437,8285,8437
23284,6814,6764,6219,5953,8225
23285,4651,4735,4907,6524,5874
23286,6178,5765,6587,6587,6587
23287,6111,6860,5664,6111,6111
23288,5531,5533,6276,6276,6276
23289,5355,6690,3129,4717,4717
23290,2350,6654,4710,4710,3786
23291,4164,4787,3825,8393,3825
23292,4122,4787,4181,4181,5858
23293,6388,2499,6355,4291,4291
23294,6750,5893,4845,2890,2890
23295,6388,4957,5949,5949,5949
23296,7714,8466,4422,4422,4422
23297,6848,8672,8164,6250,6250
23298,8724,5782,3416,2908,2908
23299,5501,6497,6497,6497,6497
23300,6366,4687,5326,5326,5326
23301,5126,5993,4846,6430,6430
23302,6508,6532,949,1366,8687
23303,5951,7327,5451,5451,5451
23304,7230,9232,2783,2783,2783
23305,3129,3376,3129,3129,3129
23306,5266,6966,5258,6431,6431
23307,2665,4676,6921,6921,6921
23308,6015,4054,3214,3214,3214
23309,6805,5994,5239,5239,5945
23310,8256,1798,2542,3224,2542
23311,5792,6308,6687,6687,6687
23312,5214,7013,6577,4809,8137
23313,5365,8515,6923,6923,6923
23314,6367,5121,8987,8987,8987
23315,4650,5587,4678,5154,6598
23316,6207,2359,9226,6074,6074
23317,5405,5512,7843,8006,8006
23318,5690,5690,4124,4976,5711
23319,7889,5226,6262,8162,8162
23320,2502,4762,3138,4791,4791
23321,6490,6548,6872,6453,6453
23322,9192,7029,7682,8280,8772
23323,5670,6598,4969,6105,6105
23324,3505,8343,8597,5187,5187
23325,5670,4678,6105,5670,6308
23326,5576,3008,6402,6402,6402
23327,6356,5885,9210,6239,6239
23328,3920,3929,4795,4795,4795
23329,5260,5084,5796,5796,5796
23330,7387,6193,8189,8502,8502
23331,6700,4931,6374,4624,4624
23332,8255,4700,5607,5607,8255
23333,8404,5969,6012,6077,6077
23334,4954,5853,5853,4234,5853
23335,5695,5407,2869,2869,2869
23336,4650,6023,5359,5359,5359
23337,4724,3590,4918,4918,4918
23338,4750,4640,4985,5053,4985
23339,4996,6397,6688,6346,6346
23340,5592,7077,5372,5372,5372
23341,6368,8167,5606,5606,5606
23342,6896,6582,5982,5982,5982
23343,4771,6784,5982,5982,5982
23344,5250,6743,5981,6410,4754
23345,2918,5076,2706,6033,5076
23346,5076,5076,6536,6536,6536
23347,5967,5154,4656,4656,4656
23348,6426,5154,4745,4745,4745
23349,7746,5225,4914,4914,4914
23350,8592,2568,5658,5658,5658
23351,4756,1192,8730,6536,5034
23352,6947,8181,9014,9014,9014
23353,5641,5465,8413,6533,6061
23354,9222,3062,4645,7198,7198
23355,5099,6677,8337,8337,8337
23356,6708,4892,5893,4796,4796
23357,5515,6807,6083,6083,8045
23358,4826,7990,7990,7990,7990
23359,6600,5740,4861,4861,4861
23360,5056,8754,5236,5683,5683
23361,6614,8771,4788,5503,4788
23362,5252,2379,3850,3850,3850
23363,5831,4225,4225,6334,2431
23364,5881,5259,5881,5881,5881
23365,6630,5784,5458,6895,6895
23366,2455,5281,5893,5893,5813
23367,5863,3824,6800,6889,6889
23368,6662,6158,8195,6662,5527
23369,4930,5844,5918,5407,5407
23370,5530,6480,7111,5750,5750
23371,5540,5805,2908,5648,2908
23372,5540,5447,5467,5467,4812
23373,5540,4783,5447,3451,3116
23374,6026,4759,6020,6020,6020
23375,4592,6308,5900,6630,6630
23376,5108,6598,5648,5648,6630
23377,5457,5457,6870,6870,6870
23378,4846,4846,4846,4846,4846
23379,4812,5150,4812,4812,4812
23380,6598,4835,6598,6598,4934
23381,5309,5073,4359,5062,5062
23382,6772,5441,4644,4644,4644
23383,8461,6807,6382,6807,6807
23384,8601,1708,8601,8601,8601
23385,5509,1413,3146,7130,7141
23386,6898,4966,7875,8382,8382
23387,6898,6898,6898,6898,6898
23388,8120,7532,8657,8657,8657
23389,6730,4143,4143,4143,3005
23390,4840,8360,6720,6466,6466
23391,4829,6002,5481,5156,5156
23392,6455,6085,5314,5690,6743
23393,5213,4175,5221,5221,5221
23394,6455,5945,5475,3138,3138
23395,6568,6483,5207,5711,5711
23396,4953,9038,8248,6483,6483
23397,4840,4623,6642,6642,1910
23398,6261,6261,7523,7523,7523
23399,4697,6070,5100,5721,5721
23400,4697,5721,4697,5683,4697
23401,5753,5869,6503,6145,6145
23402,7718,7718,6688,5321,6293
23403,6774,6402,6119,6053,6119
23404,4096,6263,9046,6105,6105
23405,4829,5305,5305,5305,6290
23406,4913,5090,5787,5787,6011
23407,3424,7041,8760,7445,8760
23408,8587,4774,7875,7875,7875
23409,5119,4715,6318,1144,763
23410,6004,6017,1115,48,48
23411,5331,5402,6301,8461,8461
23412,6807,5189,5952,6903,6903
23413,5319,6636,5888,5888,5888
23414,5260,6465,6465,6336,6465
23415,9038,5660,8772,6125,6125
23416,6399,4440,6489,4393,4393
23417,6853,7914,7914,5548,5548
23418,6341,7732,9183,6883,9090
23419,5990,5939,4804,4804,4804
23420,8699,6149,6149,7250,7250
23421,8699,9009,8892,8892,2506
23422,6721,5822,5455,4755,4755
23423,4958,4778,4778,4778,4778
23424,6276,6089,5248,5248,5248
23425,5123,8766,6216,6216,6216
23426,5445,3039,6582,0,4811
23427,6564,7951,4806,4806,4806
23428,5911,4737,6434,6030,6030
23429,8925,6868,5249,5249,5249
23430,6599,4639,5897,5897,5897
23431,5527,7646,4251,7640,7640
23432,6326,3978,4010,4010,4010
23433,8411,4611,6573,5764,5764
23434,6988,2768,4741,4741,4741
23435,7690,2331,3118,3157,3397
23436,6365,4022,2517,4175,4175
23437,3938,3595,4327,4327,2547
23438,8641,3451,7452,3154,3154
23439,4331,3593,2517,2517,2517
23440,8256,4054,3587,632,3402
23441,5444,4689,5444,5444,5444
23442,5444,5660,5444,5444,5444
23443,1104,6443,8889,8889,5630
23444,6468,8723,7629,7629,7629
23445,8413,8746,798,837,798
23446,4956,6739,5549,8641,8641
23447,5007,5007,2745,6631,2745
23448,6345,4756,4932,4932,4932
23449,8095,5085,4551,4551,6634
23450,7190,3133,4696,7078,7078
23451,4376,2500,3157,3157,3157
23452,6125,4753,4745,5702,5702
23453,6487,945,5753,9077,6173
23454,7439,5542,4737,4737,4737
23455,7512,5587,5648,5153,5153
23456,6061,6646,7186,5271,5271
23457,6104,5625,3549,4952,4952
23458,9226,9226,8699,5643,5643
23459,6761,4546,3397,9183,8297
23460,6161,8069,4906,4906,4906
23461,6559,5867,6782,6782,6782
23462,7803,5096,6748,8453,6748
23463,6600,5583,5496,5496,5496
23464,2516,4999,2186,2186,6909
23465,5014,6199,2872,2872,2872
23466,6705,4971,5024,5024,5024
23467,4786,6555,2855,3785,3785
23468,4948,4939,2799,4939,4939
23469,3223,8927,3397,3397,3397
23470,4706,5763,5763,5763,5763
23471,6276,4644,5805,5805,5805
23472,7337,7337,6418,6418,6418
23473,6175,5321,7173,5872,5872
23474,5151,7996,4825,5446,5446
23475,372,3631,227,534,534
23476,7526,8151,2662,4294,4294
23477,8513,5813,7088,3935,48
23478,3889,4931,5957,5665,5454
23479,5857,6548,5516,5199,5199
23480,2706,5076,4736,4736,4736
23481,4885,3494,5857,4908,4908
23482,6116,6448,6448,6448,6448
23483,5638,4845,5402,5282,5282
23484,6374,6718,5638,5638,5638
23485,5087,4907,6699,6699,6699
23486,5686,5208,5208,5208,5208
23487,6587,5208,5208,5208,5208
23488,5254,5664,5886,5886,5886
23489,3639,2553,5751,6183,5751
23490,6075,6748,2797,6632,3280
23491,5504,5094,6830,6542,6542
23492,6784,5372,5341,4951,4951
23493,4994,5572,4906,6920,6920
23494,2482,3285,8124,3285,2530
23495,7719,7741,7007,2854,2854
23496,7317,170,8538,8538,8538
23497,5637,5715,5561,6177,6177
23498,2007,588,5455,5455,5455
23499,6346,6213,6213,6213,6213
23500,5920,5546,6969,6969,6969
23501,6212,5484,5975,6316,5722
23502,6212,6308,3511,6904,3511
23503,2372,5646,4242,4242,4242
23504,5121,4731,5923,5923,5923
23505,5504,3726,5833,5833,5833
23506,6134,6766,5999,5277,5277
23507,5765,6477,6880,4701,6880
23508,5211,5031,5031,5031,5031
23509,8607,8735,3087,3087,3087
23510,8940,7146,8470,8003,8003
23511,6217,6855,5685,4922,4922
23512,8803,7603,8784,7811,7811
23513,8259,7356,5405,5474,7507
23514,5007,9103,6694,6601,6601
23515,5242,9136,8949,7072,4857
23516,8028,5876,4684,6235,6235
23517,8636,5492,2746,7202,7202
23518,6652,4827,8827,5587,5587
23519,8082,6651,4928,8871,8871
23520,4401,6337,7016,6522,7735
23521,4341,6937,5910,2900,2900
23522,5386,5573,3061,2881,3061
23523,5279,5212,5212,5279,5212
23524,5439,5656,6898,6898,6898
23525,5092,2324,5582,5582,5582
23526,8723,6666,6482,3384,3384
23527,5161,5315,6159,6829,6829
23528,5441,3225,4099,6599,6599
23529,5161,6408,4797,5111,5111
23530,9095,3983,5037,7477,8379
23531,5480,9155,4749,4749,4749
23532,4801,5442,5188,5137,5137
23533,4999,6726,5306,5243,5243
23534,6285,9116,7085,3409,3409
23535,7164,3815,8359,5183,5183
23536,9025,8693,7030,5879,5879
23537,6774,2463,6774,3664,7318
23538,5630,5428,4205,2992,4209
23539,6699,4912,5880,5880,5880
23540,5890,6019,6743,6743,6743
23541,6743,4727,6219,4777,5324
23542,6823,5238,3407,3358,3358
23543,560,7465,3202,5286,3202
23544,633,8672,8718,8718,8718
23545,7843,5750,3309,5750,5750
23546,6190,632,8766,8766,8766
23547,3813,6109,7195,5130,5130
23548,8910,5356,3739,3739,3739
23549,3188,6523,2668,2668,2668
23550,3803,6672,4228,5121,5121
23551,6081,4701,4808,4808,4808
23552,6880,4782,4824,4824,4824
23553,5911,5318,6880,5244,6793
23554,8155,8241,5916,6808,5916
23555,5458,8267,5487,3405,5487
23556,7752,8817,7379,7379,7379
23557,7833,7344,3150,6165,6165
23558,5511,4465,5787,6165,6165
23559,6366,2328,4825,4825,4825
23560,5929,6325,2027,6325,6325
23561,7472,5122,5122,3328,3328
23562,5035,6325,5929,5929,5929
23563,5585,5563,7952,7952,7952
23564,4169,5717,8167,8167,8167
23565,7345,9038,3979,9038,8119
23566,4815,4820,6751,6817,6817
23567,8671,3655,6962,6834,6834
23568,4911,5893,5941,5941,5941
23569,6143,6243,5918,5918,5918
23570,5534,5357,5238,5238,5238
23571,4934,5091,2657,3271,2657
23572,7873,6480,9011,4857,4857
23573,3295,3361,4569,3164,3164
23574,3211,4330,3109,341,4330
23575,8785,7383,6460,8815,8815
23576,5014,5849,1291,4840,4840
23577,6717,8815,5096,5096,5096
23578,3202,7547,8622,6390,5471
23579,7342,6777,7522,7522,7522
23580,5705,6862,2854,2854,5227
23581,6395,5059,5059,5059,5059
23582,5091,6547,5878,5878,5878
23583,1153,3108,952,952,952
23584,6816,4993,6816,6816,6816
23585,8449,5151,6672,5428,5428
23586,6256,5271,6892,6892,6892
23587,6306,6389,6778,6778,6778
23588,6204,2625,6995,6995,6995
23589,4960,5126,5933,5692,5692
23590,3328,6327,6317,6233,6233
23591,5441,5305,5669,5669,5669
23592,4755,6635,6830,6404,6404
23593,6598,4312,4657,4904,5227
23594,6264,6106,2546,2546,3365
23595,6783,7732,5622,7299,7299
23596,5750,5538,6631,6631,6631
23597,4643,5790,3538,5214,3538
23598,7234,5742,4988,5742,5742
23599,4980,6586,5692,6920,395
23600,5232,3420,2546,4653,4653
23601,6219,5028,6178,5031,6178
23602,5564,6457,8156,5151,5151
23603,6995,6683,2465,4364,6673
23604,4845,5331,5127,5127,5127
23605,6210,5531,5531,5531,5531
23606,8625,6861,6231,8353,6231
23607,6372,4507,5814,9155,9155
23608,4746,2845,7703,8863,8863
23609,7967,7988,7624,8926,5701
23610,5099,7803,5099,5568,5568
23611,5849,4989,4211,4989,4989
23612,7824,6804,6804,5826,5826
23613,6250,4747,5651,5651,5651
23614,8139,2526,4957,3774,3774
23615,3872,4129,6266,4313,4313
23616,2608,8026,3037,3160,8080
23617,4776,6339,6156,5580,5580
23618,9117,6345,4146,7111,7111
23619,5095,5814,5843,5395,4744
23620,3911,3920,8530,7167,8317
23621,8610,7918,7744,5226,5226
23622,6779,6779,7803,8331,8331
23623,6352,4741,5042,6403,6403
23624,4988,2966,6106,6339,6339
23625,5594,4756,676,3557,3557
23626,6328,3269,5175,2624,3751
23627,6175,6175,6467,6467,6467
23628,5368,6124,7457,3995,3995
23629,7037,7420,8227,9083,7039
23630,6844,6150,7440,7440,7440
23631,5930,6545,9057,5884,5884
23632,6903,5426,2332,4860,2332
23633,5949,4749,4749,4928,7362
23634,5274,7978,6962,7639,7639
23635,6046,5890,4701,4701,4816
23636,5487,5164,6387,6055,6055
23637,8815,6623,5776,5776,5776
23638,6188,8647,6115,3694,3312
23639,4912,5333,5823,6316,6316
23640,5676,6660,5551,5551,5551
23641,6868,5441,5441,5441,5441
23642,4855,6352,5372,5372,5372
23643,4889,1564,3834,3082,3834
23644,5261,5714,7280,5778,9163
23645,6764,5211,6272,5301,6272
23646,4618,6746,5231,5231,5231
23647,5152,2945,8183,8183,8183
23648,4927,6689,6729,6729,8691
23649,5854,5854,6151,4080,6530
23650,4779,4745,4817,3900,3900
23651,5809,5025,5128,5128,6363
23652,8728,3173,6280,6280,6280
23653,3456,4916,4947,4947,4947
23654,8051,7835,8557,8743,7835
23655,8873,5665,1668,5447,5447
23656,4092,6191,5814,5569,5814
23657,6820,1506,6712,4712,4712
23658,6317,6624,6624,5466,5466
23659,4987,5154,5439,5168,5168
23660,5227,6627,5522,5522,5522
23661,6446,5642,9172,6685,6685
23662,3557,3727,2526,4477,4477
23663,2617,6157,2698,6157,6157
23664,5755,8601,8601,8601,4504
23665,6038,5776,6769,6769,6769
23666,6301,5957,6251,4733,4733
23667,4995,2914,7886,8791,8791
23668,4790,4967,5863,6276,6276
23669,2359,1200,7440,6846,6150
23670,5598,4636,6089,6089,6089
23671,5158,5749,6046,5158,5158
23672,5433,6678,6678,6678,6678
23673,7723,4673,5548,5548,5548
23674,3679,4611,7873,8288,8288
23675,5297,6829,3153,3153,3153
23676,5279,6825,4709,4709,4709
23677,5446,6566,4721,6922,6922
23678,7149,5574,7739,7739,7739
23679,7238,2705,5340,3353,2436
23680,5360,5561,1962,1980,2031
23681,5014,4712,8249,8249,8249
23682,6770,3659,6886,6886,6886
23683,5833,8132,5840,6171,6284
23684,7192,2332,6498,5838,6039
23685,5246,3451,3451,5408,3451
23686,5205,5607,8826,8826,4724
23687,5349,6284,8000,5675,5675
23688,5953,5953,5366,6880,6880
23689,8661,4686,4673,6939,6939
23690,8735,7877,7394,7877,7877
23691,5598,4958,1593,4958,6621
23692,4868,6721,6700,6700,6700
23693,5392,6689,5729,5488,5729
23694,4510,5203,6906,4829,4829
23695,6701,6750,4883,5664,5664
23696,6100,6056,4871,4871,4871
23697,8619,8688,4506,4196,4196
23698,6116,6044,6530,6251,4960
23699,8453,5506,8453,5593,8453
23700,4827,6400,6306,6306,6306
23701,7125,6600,4947,4947,4947
23702,8692,5064,8041,3351,3351
23703,9209,3041,6250,6520,4708
23704,5351,6241,3333,3633,3633
23705,6022,5518,2982,5048,5048
23706,2762,3405,3170,3170,3170
23707,6325,5980,6288,5953,6288
23708,7482,6926,6486,4610,6486
23709,6178,5065,5102,5102,5102
23710,7217,7812,3276,8971,7369
23711,4655,4655,4655,4655,4655
23712,9092,3640,6728,6871,6871
23713,4914,4705,5258,5258,5258
23714,6367,4850,6354,4959,4959
23715,8643,6553,8743,8535,7835
23716,5464,6361,6395,5645,6395
23717,6399,8833,6853,3777,3777
23718,6085,5017,4856,6085,6159
23719,6474,7135,6474,6474,6474
23720,5176,5554,4773,4773,4192
23721,4700,5681,5919,6440,6440
23722,4831,7038,7454,8561,5786
23723,5821,6391,6391,6391,6391
23724,5671,5671,5560,6887,6887
23725,5884,5991,5884,5884,5884
23726,5853,5853,5853,5853,5853
23727,6333,6293,6655,6112,6112
23728,6007,6635,4608,4608,4608
23729,6671,5730,4647,6180,6180
23730,8833,2384,5185,8710,8710
23731,6059,6142,7577,7577,7577
23732,4763,6099,3724,6551,4107
23733,6805,6369,5464,5211,5211
23734,8166,6609,8379,9084,9084
23735,6566,6261,4538,6731,4538
23736,1790,5771,7271,4485,4449
23737,5521,7583,4978,5229,3045
23738,4252,6537,6749,4025,5227
23739,6638,5844,5821,5821,5821
23740,4776,6339,3804,4710,4710
23741,6161,6540,6762,6762,6762
23742,1608,6809,6113,6113,6113
23743,7189,8404,8391,8391,2507
23744,7637,8143,8143,8143,8143
23745,3648,4755,6200,6200,6200
23746,5911,6917,5044,5044,5028
23747,348,6246,6246,6939,6939
23748,3726,5107,8680,4409,4409
23749,6561,5536,5536,2861,2861
23750,5366,6481,5650,6219,6219
23751,3879,8447,7246,7246,7246
23752,3718,2055,5697,1642,1642
23753,8213,7715,6596,5671,5671
23754,6381,6582,6582,6582,6582
23755,4632,6383,5780,6189,6189
23756,4728,2773,4347,3695,3695
23757,4792,4968,4880,4880,4880
23758,5993,5759,6132,6132,6132
23759,4412,4439,3483,3483,3483
23760,5227,5900,5900,5522,5522
23761,6375,6676,1059,1059,1059
23762,5220,5744,9057,9057,9057
23763,6184,5893,5893,5893,5893
23764,5536,5267,5267,5267,5267
23765,5087,4762,5780,5780,5780
23766,5747,4928,4876,5412,5412
23767,6132,5872,5872,7173,6619
23768,5843,4409,7743,4793,7743
23769,7974,7740,5495,5562,5562
23770,7919,1934,8638,1978,1978
23771,6316,3623,5122,2874,5122
23772,4777,4718,5889,5076,5076
23773,6031,5863,4692,5789,5886
23774,8174,8463,7118,7225,7225
23775,5637,6784,6626,5461,6626
23776,9153,924,4887,4887,4887
23777,7961,8063,7147,7147,7147
23778,6693,5385,6370,6956,6956
23779,6191,5093,4983,6336,6336
23780,5142,6536,7124,5887,5887
23781,5797,6023,5370,7219,7219
23782,2067,2067,5637,5637,5637
23783,4956,4611,2746,2746,2746
23784,7209,4407,7951,5086,7951
23785,4723,8174,5331,5723,5723
23786,6380,5946,5951,6528,4220
23787,5429,7356,7356,7356,7356
23788,4742,4742,4275,4275,4275
23789,6448,4435,2425,8298,8298
23790,6538,4618,7751,7871,7871
23791,6540,5928,9099,5499,9099
23792,5407,5407,5407,5928,5407
23793,6745,7482,9162,9162,9162
23794,8250,5574,6059,4605,8917
23795,5567,3667,7325,6378,7325
23796,6282,5225,7742,7742,7742
23797,4253,4330,2567,2567,2567
23798,6687,5173,2464,6802,6802
23799,8941,8000,4142,9091,9091
23800,6541,8168,5701,5701,5701
23801,3742,5768,5173,5173,5173
23802,6255,6255,4815,4815,7824
23803,4961,5879,5670,5670,5670
23804,4359,5533,5260,5309,5309
23805,6717,9120,4478,5209,8076
23806,2919,7001,5184,5311,5311
23807,6713,6513,6386,6598,5247
23808,6787,7881,5987,5178,6341
23809,8561,4724,6559,5321,4952
23810,5529,9106,6107,6107,6107
23811,5337,6477,7282,5516,3623
23812,5880,5238,5299,5299,5299
23813,6116,3328,6885,4961,4961
23814,3138,5079,2484,2986,2986
23815,6332,5979,5979,5979,5979
23816,3666,5660,5635,5635,5635
23817,5953,5953,6764,6764,6764
23818,4810,8862,6207,6207,6207
23819,5788,921,2424,2424,2424
23820,3811,3851,9204,8251,9204
23821,6341,5755,8627,8627,8627
23822,6327,5010,4620,4620,4620
23823,6356,2499,6683,6683,6683
23824,6510,5613,4993,5246,5433
23825,6216,5187,3500,3713,3713
23826,5421,7086,6463,6463,6463
23827,8683,5992,5642,5642,5642
23828,4926,6369,4701,4701,4701
23829,5600,6007,4982,4691,6699
23830,2723,3365,7304,6479,6479
23831,5263,5263,5902,5814,7337
23832,8353,6729,8136,8997,3785
23833,7642,6762,5344,5344,6409
23834,4624,4931,5796,5796,5796
23835,5559,8690,6047,6047,6047
23836,8317,4910,4920,8756,8756
23837,6013,4848,8090,4712,4712
23838,7782,8562,6509,5105,5105
23839,8850,6525,5475,3049,3049
23840,7149,5000,6025,4839,4839
23841,5046,5046,5046,5549,5549
23842,4625,8556,6588,5277,5277
23843,7603,6760,6729,6087,8922
23844,6896,6317,5638,4835,4835
23845,6465,5888,6465,6465,6465
23846,7779,5262,5405,5405,4633
23847,6456,4500,5748,5345,5345
23848,6640,6018,5078,5078,5078
23849,6325,5170,3882,3882,4186
23850,6047,8456,5974,7218,7869
23851,5598,1201,3197,219,3197
23852,6515,4866,5998,5998,5998
23853,6856,2901,2919,2919,2919
23854,5977,5246,6753,5874,5874
23855,5853,5298,5298,6119,6119
23856,6923,5145,4176,4176,4176
23857,8307,9084,8127,8127,8127
23858,6899,3409,6907,6907,6907
23859,6002,6346,5036,5397,6346
23860,5501,5370,5784,5784,5784
23861,5559,5724,5610,8711,8711
23862,8983,5955,6444,6541,6345
23863,8643,5770,6578,6578,6578
23864,8156,5797,7413,9129,9129
23865,5354,5831,6793,6793,6793
23866,4716,4680,4728,4728,4728
23867,6627,4628,5583,5583,7401
23868,5484,5484,4341,6302,4812
23869,2300,5638,1977,1977,7289
23870,4776,4094,6760,6760,6760
23871,3564,4660,7449,7227,8499
23872,6389,5075,6207,5774,5774
23873,7509,8981,5963,5963,5963
23874,6505,5497,8859,8859,8859
23875,7344,6100,6563,4378,4378
23876,5339,5393,4649,1757,2840
23877,8933,2824,6562,6485,6485
23878,5309,2757,1512,4389,4389
23879,5016,6526,4908,4908,4908
23880,4701,4701,5424,4701,4701
23881,8268,5169,9128,7932,8085
23882,6705,5081,6466,6466,6466
23883,5773,6267,8250,8907,6855
23884,5829,4211,6612,8706,6612
23885,6066,4115,3104,6132,1564
23886,5803,4801,2865,4825,6407
23887,6443,6461,6224,4971,4959
23888,6717,6532,5465,5552,5465
23889,5312,7949,7861,7861,7861
23890,1529,4338,6839,8894,8894
23891,5717,5680,7778,4953,7778
23892,5735,7949,62,5098,5098
23893,5210,5169,4790,5566,6465
23894,4701,5162,5823,2874,2874
23895,5314,6096,5541,6635,5645
23896,4562,7021,5327,5327,5327
23897,5621,5198,8549,8549,8549
23898,4993,5408,5264,2567,2567
23899,5889,6743,6590,4691,5749
23900,6342,4882,5431,6544,6544
23901,6689,6215,7968,7110,5778
23902,6431,9112,1527,917,917
23903,5676,6179,5167,7779,4761
23904,5165,5162,5162,5162,5162
23905,9220,5891,5054,5217,5217
23906,6536,6536,6536,6536,6536
23907,4921,3682,4921,4921,4921
23908,6692,6692,5962,5962,5962
23909,6337,3020,6238,5137,5137
23910,6509,5919,6440,6440,6440
23911,5429,4546,5467,5467,5760
23912,6919,3361,8897,8897,8897
23913,6033,5158,6349,6349,6349
23914,6360,4528,4228,4228,4228
23915,781,7836,7628,3555,3555
23916,5842,5576,4812,4812,2873
23917,5648,5882,5370,5370,5370
23918,8692,7939,4965,6724,6724
23919,5728,5434,5801,5801,5801
23920,5842,6040,6446,5548,5548
23921,6772,6561,6129,3891,5165
23922,6042,6568,5074,7088,7088
23923,5890,6524,5246,5246,5246
23924,5953,5044,5208,6218,6218
23925,3020,5192,5346,5346,5346
23926,5749,6299,4549,6805,6805
23927,4928,7731,5123,5123,7088
23928,5481,8514,5241,5241,6027
23929,5145,5145,8923,8923,8923
23930,7164,8163,6697,4011,4011
23931,6907,7041,8512,8512,8512
23932,5339,5609,5945,6805,6805
23933,6733,3365,4607,5307,5307
23934,8380,8380,8714,8714,8714
23935,8853,8217,5405,5405,5405
23936,5383,5981,6212,6212,6212
23937,5352,9209,8923,8923,8923
23938,5757,6102,8111,8111,8111
23939,4745,6594,5909,5942,5942
23940,6300,5849,8657,7798,7798
23941,4370,8366,191,191,191
23942,8206,6280,7155,7155,7155
23943,5839,4964,5146,5146,6275
23944,7219,4914,7371,6823,6823
23945,6477,5351,5000,6590,6590
23946,5867,5105,7906,7906,7906
23947,6752,5263,5248,5863,6737
23948,6121,6337,6670,7150,7150
23949,2774,6468,7740,6283,6183
23950,6263,6263,3629,6453,6453
23951,5471,4359,6862,6862,6862
23952,8036,6314,4977,4977,4977
23953,6395,5057,5057,5250,5063
23954,6784,6295,6885,5695,5695
23955,6581,6069,5082,4873,4873
23956,5893,8448,6628,6628,6628
23957,7698,6484,8689,6024,6024
23958,5754,7388,7388,7984,7928
23959,5044,6081,5144,5144,5144
23960,6549,5344,5832,5832,5450
23961,6959,4110,6497,6497,6497
23962,4936,4959,6151,6391,5854
23963,6279,6058,4671,4671,4671
23964,6951,5429,8636,7795,8947
23965,5245,3275,6526,6526,6526
23966,5465,3308,5265,6424,5265
23967,2399,4787,3695,3242,2850
23968,4998,6424,5671,5671,5671
23969,6442,5738,5189,6885,5189
23970,7886,6947,5425,6861,3309
23971,4685,3241,2637,4074,3726
23972,5138,8575,6710,6710,6710
23973,5113,5461,5113,5113,4337
23974,5951,7552,8699,7378,7378
23975,6288,6911,6219,6219,6219
23976,7522,4623,5848,5178,5178
23977,6138,6424,5366,6557,6557
23978,5928,6175,8716,4869,4869
23979,5087,5244,3638,5464,2720
23980,5479,6519,6144,5479,5479
23981,7871,4876,8988,5126,5126
23982,2067,5762,8495,8480,8480
23983,5711,5447,4684,8648,8648
23984,6731,6217,6157,6874,6874
23985,5338,4674,5335,5335,5335
23986,5927,2067,5954,5927,5927
23987,4945,5740,6782,6782,6782
23988,8886,5732,6533,7164,7164
23989,6289,7402,6239,6239,6239
23990,6219,5162,4792,5044,5044
23991,5497,7100,5984,4712,4712
23992,8989,2385,8013,5736,5736
23993,4652,5319,7978,7366,7366
23994,7400,6166,6110,6110,6110
23995,9148,3905,8053,8053,4653
23996,6328,6473,6406,6179,6406
23997,4937,6707,6693,8413,8413
23998,6317,3629,6701,5785,5785
23999,4680,6501,4888,3768,5317
24000,6038,5377,5623,5623,5623
24001,6504,2331,6583,7644,6583
24002,2219,3150,7173,9093,9093
24003,5536,6048,6048,4099,2624
24004,4291,7458,7274,5401,5401
24005,4993,4657,4282,5300,5300
24006,5526,5526,5477,5378,5378
24007,5039,5763,4677,4677,4677
24008,4646,4646,6185,5613,5613
24009,6404,3770,3770,3770,3770
24010,7830,8801,8010,4491,4491
24011,5927,2067,5614,5614,5614
24012,6767,7803,5853,7803,7803
24013,4957,5997,4745,4745,4745
24014,9232,2986,7471,5061,5061
24015,4926,5424,6880,6880,6880
24016,5769,9091,4686,7322,7322
24017,7935,6110,4323,4323,4323
24018,5427,1480,7529,7529,7529
24019,5084,4510,6111,9182,9182
24020,5031,5031,5749,8925,8925
24021,4911,6412,8182,3259,3259
24022,6419,8512,6206,6721,6721
24023,4040,1665,8236,7489,7489
24024,3466,6063,3355,3355,3355
24025,9186,7738,8364,7720,7720
24026,6826,5449,5449,6281,6281
24027,7482,8785,6864,6864,6864
24028,8114,5524,6918,6918,6918
24029,3529,4329,2707,4186,4186
24030,6670,4778,7388,7388,7388
24031,6230,5788,6052,6746,6746
24032,2658,5427,7879,7585,7585
24033,3372,7626,3839,7803,7803
24034,3420,4847,5881,4706,5881
24035,6678,5301,4646,6516,6516
24036,2638,4633,3795,3795,3795
24037,5501,4656,4881,6661,4842
24038,6450,4922,5954,1984,7360
24039,5115,7469,7400,7400,7400
24040,7712,5061,6955,6955,6955
24041,4967,3170,4618,4861,4618
24042,4721,3470,6395,6395,6395
24043,5030,5030,7553,5849,5849
24044,6368,5364,5703,6751,6751
24045,6205,7312,6205,6205,6205
24046,4909,4909,4503,4503,4503
24047,6095,6152,6095,7425,6095
24048,4899,6068,4931,6251,5248
24049,3521,7772,8917,3700,4472
24050,3845,6876,7814,3860,4379
24051,4454,5133,6401,6017,6017
24052,6191,5234,6677,2552,9065
24053,5052,7772,5971,6563,7715
24054,6715,6314,6668,6715,6715
24055,5429,4922,7985,7985,7985
24056,4940,6685,5576,5576,5576
24057,7836,5819,6072,7927,7927
24058,4861,6658,8816,8816,8816
24059,8515,7011,4890,8762,8762
24060,6504,3511,5017,5017,3946
24061,8704,5352,5278,5278,5278
24062,5707,9111,5589,4388,3716
24063,3693,7044,3211,8648,8648
24064,6508,8741,560,560,2552
24065,4706,4919,6598,5550,5550
24066,4937,5884,7344,5884,5884
24067,8735,6493,7373,7373,7373
24068,672,1235,882,882,882
24069,6671,5456,6446,5708,5708
24070,5461,5537,5088,6616,6616
24071,5715,162,6422,6422,6422
24072,6295,5214,4715,4715,5293
24073,6571,5919,5601,5601,5601
24074,7451,8601,5020,5020,6197
24075,5839,62,3828,6834,6083
24076,4992,4189,2903,3563,3563
24077,5981,4736,6033,6033,6033
24078,4606,5859,7638,8060,8060
24079,6347,6194,7202,7202,7202
24080,7015,6035,8114,4746,4746
24081,6813,7484,3118,3199,3199
24082,6037,5907,6256,6256,6256
24083,6678,2639,3137,3137,3137
24084,4603,6623,5708,5708,5708
24085,6514,2328,6499,6538,6499
24086,6653,6490,5242,5697,5697
24087,7114,6405,6426,6426,6426
24088,6846,2977,6889,6889,7020
24089,6912,6557,6294,6693,6693
24090,5127,3146,3146,7738,7738
24091,4706,4913,7474,7474,7474
24092,5225,6008,5225,6577,6844
24093,5091,4760,4958,5739,5739
24094,6448,5441,5136,3703,3703
24095,6758,6386,6023,6862,6862
24096,3699,4569,2957,2424,4966
24097,5941,6651,4892,4892,4892
24098,4811,2648,5985,5941,7682
24099,1059,6168,6640,6640,6640
24100,4444,2761,7732,8158,8158
24101,5915,8327,2339,4862,4862
24102,5518,6879,5248,5248,5248
24103,5228,5962,2762,6443,6443
24104,6681,6276,6557,5216,6240
24105,2816,5901,4886,6753,6753
24106,4959,6517,2425,8298,8298
24107,4886,5200,6766,4839,4839
24108,7487,4753,7693,8396,8396
24109,3785,9197,2513,2513,2513
24110,5164,6748,4291,5359,5359
24111,2816,8862,2816,2816,5945
24112,5720,5311,4871,5201,4871
24113,5353,4666,5526,5242,5242
24114,7611,6793,5980,5980,5980
24115,2900,2982,2802,4022,2802
24116,7387,4848,5866,7431,5849
24117,5015,4866,4828,6380,6274
24118,4170,5176,3827,4542,4542
24119,6550,9194,6907,6907,6907
24120,5835,3409,5282,6967,5282
24121,4764,6635,3295,6191,3295
24122,6858,6721,5781,6971,6971
24123,6525,5057,6525,6525,6525
24124,6939,6320,8864,6207,8864
24125,4999,6320,8815,6646,6646
24126,8859,9126,6716,5843,5843
24127,7813,4698,4685,7615,7615
24128,5538,6371,6603,6603,6603
24129,2526,1297,7965,4597,4597
24130,8380,5652,7584,7413,7413
24131,7202,5636,8556,4633,4633
24132,6875,9131,5151,6380,8356
24133,8340,4454,6702,8406,8917
24134,4729,6673,7196,7540,7540
24135,3185,6030,6796,6796,6796
24136,5754,5340,6232,6232,6232
24137,3274,2570,3563,6425,6425
24138,4841,5480,6348,6498,6498
24139,2908,6442,6598,5888,5888
24140,6251,6832,5531,5531,5531
24141,5147,3817,5545,5802,5802
24142,6883,6358,8561,4947,4947
24143,7193,5912,9003,9003,9003
24144,5393,6637,6683,6683,6683
24145,1201,4712,4905,5108,5108
24146,6088,8371,6088,6088,6088
24147,5057,5239,7586,4912,8561
24148,5658,5857,6208,6833,6833
24149,6537,2266,6728,4987,5114
24150,2591,7841,3721,4601,4601
24151,2606,5573,5043,4208,2794
24152,5479,6913,5547,5547,5547
24153,4743,6386,7592,7592,7592
24154,5854,1607,5075,5349,5349
24155,4764,7378,8699,7378,7072
24156,2426,7032,8982,8982,8982
24157,1930,7702,7052,209,209
24158,1315,7923,7923,7923,462
24159,4956,7794,7794,7921,8555
24160,5616,4999,2506,6373,6373
24161,5105,6486,8221,8221,8221
24162,5167,5450,5975,5975,5975
24163,7600,7961,8641,8196,8196
24164,2843,6395,6490,6490,6490
24165,3849,3015,5860,2518,7924
24166,5078,6281,6624,3409,6210
24167,6191,6337,4196,9201,9201
24168,6530,7772,4951,5347,5347
24169,6888,4719,5843,5843,6786
24170,7005,4692,5802,6615,6615
24171,6925,3895,5981,5981,5981
24172,4649,4776,4093,4093,4093
24173,6761,7153,8934,8934,8934
24174,6715,5813,5519,5519,5519
24175,5564,3771,5935,5935,5935
24176,2667,3164,5338,6897,6897
24177,5803,6632,2412,5096,5096
24178,5377,6112,6600,6600,6600
24179,5366,5044,5063,5063,5063
24180,6181,9025,7610,9025,4805
24181,4915,6737,8875,5413,4717
24182,6517,9183,7194,7194,7194
24183,3065,4999,6367,6367,6367
24184,8218,9213,8402,8402,8402
24185,8427,3264,8427,8427,8427
24186,5950,6342,5839,3314,3314
24187,4708,8466,9022,9022,9022
24188,5138,5535,3126,5232,5232
24189,8635,5649,5315,4922,5315
24190,4821,4184,6942,6942,6942
24191,4918,5917,8643,8643,4115
24192,4507,6718,2705,6718,6718
24193,6363,6438,6765,6765,6765
24194,8450,4594,2813,7187,5270
24195,4817,5783,5879,5879,5879
24196,9126,8401,7717,7717,5145
24197,4441,6981,3488,2881,2881
24198,6548,5491,5626,3801,3801
24199,5667,3012,6899,6899,6899
24200,4641,6011,4849,4849,4849
24201,5537,4636,5598,5598,5598
24202,6279,5945,3877,3877,3877
24203,5723,8123,4007,4811,4811
24204,8345,9174,5825,5839,5839
24205,4983,4311,6499,6677,6677
24206,6784,6261,6718,6718,6718
24207,6363,6276,5767,6750,6750
24208,2556,3058,5076,6304,6378
24209,8754,7661,7661,7661,7661
24210,4729,4729,5402,5755,4092
24211,8360,1952,5119,4798,4798
24212,3264,3944,2398,6644,6644
24213,5814,5698,3643,3643,3643
24214,9194,8309,6498,6498,6498
24215,5920,6880,5057,6764,6764
24216,6320,7087,4645,4645,6736
24217,8478,8478,5300,7787,7787
24218,5074,6088,6428,6428,6088
24219,5981,6297,5857,5857,5808
24220,6519,5430,7691,6519,7691
24221,5056,6434,3824,3824,3824
24222,135,6467,2388,7485,7485
24223,8802,3354,2408,2408,2408
24224,4926,5104,5104,2365,2365
24225,5985,4193,2648,2648,2648
24226,8204,8591,3202,5602,5602
24227,4981,4960,5248,3824,3824
24228,5918,5357,5435,5357,5435
24229,6291,5345,5606,5198,5198
24230,7254,8284,168,7308,2385
24231,5021,8069,3874,6213,1981
24232,3866,5921,6172,4594,4594
24233,3494,4884,4889,4889,4889
24234,5063,3007,5749,6829,4982
24235,5810,5569,6070,6070,6070
24236,8297,4889,7330,8018,8018
24237,6179,4789,4789,4789,4789
24238,6712,5639,5928,5419,5419
24239,4719,5403,6457,7528,7528
24240,8635,8548,5185,7770,7770
24241,5647,6749,6795,6795,6795
24242,5765,6159,4716,8556,4716
24243,5819,7029,8674,8674,8674
24244,4788,4965,5708,2536,2536
24245,4720,6848,6328,6328,5408
24246,4865,8272,6406,2431,2431
24247,5737,6609,4842,4842,4842
24248,6753,3597,4990,2542,4990
24249,5596,7811,5887,5887,5887
24250,6012,5356,6720,6720,6720
24251,6366,4699,5669,6230,6230
24252,4254,2578,5921,2576,2576
24253,9032,7726,8100,8100,8100
24254,5048,5307,6539,6264,6264
24255,5335,4681,9131,2970,2970
24256,5853,6681,6888,6888,6888
24257,5098,2948,5098,5627,5627
24258,7629,7875,8854,6726,9133
24259,4402,2992,3159,2787,6761
24260,5689,5366,5882,5028,6613
24261,4603,4702,5568,5568,5568
24262,9152,5658,7921,7921,7921
24263,4946,4946,4946,4946,4946
24264,5432,6054,5975,5975,5975
24265,7150,3039,7050,5187,5187
24266,2366,6302,2793,8717,8717
24267,7874,6802,6500,6500,6500
24268,7360,2244,7159,7159,7159
24269,5231,5225,8939,3588,3588
24270,5300,6739,5860,5860,5005
24271,6089,6089,5490,5598,6089
24272,7254,5339,4649,6464,4649
24273,6196,6282,6175,6175,6175
24274,4773,6661,7974,7991,7991
24275,5910,3027,6499,6499,6499
24276,5655,4687,2552,6271,9116
24277,3467,7234,5870,5870,5870
24278,6022,5756,5792,5792,2982
24279,5006,4640,3762,4978,4978
24280,8038,5850,4656,5446,5446
24281,8938,7147,6987,8319,6987
24282,2703,2703,3256,3570,2548
24283,5242,7147,7147,7147,7147
24284,7787,1976,8556,8556,8556
24285,9020,5476,8414,8414,8414
24286,6111,5030,5397,5397,5397
24287,8409,6236,8579,8579,8579
24288,6866,8235,6082,5305,5305
24289,6360,6414,2888,6671,6671
24290,7955,1883,5848,5848,7265
24291,7813,5585,5176,2793,5176
24292,5529,3463,7382,7382,7382
24293,2342,5438,5438,5438,5438
24294,4900,6756,5777,5777,6061
24295,8260,51,3202,3905,3905
24296,5480,5427,5427,5427,5427
24297,7583,3973,7152,7961,7152
24298,8274,7076,6429,6429,7076
24299,6657,7832,7422,7422,7422
24300,8492,4361,5222,8989,8989
24301,4953,5407,6031,5109,5109
24302,5186,4077,6719,2737,7930
24303,4828,5053,4692,6344,6344
24304,2436,3027,3026,5568,6072
24305,5624,3935,8327,4361,4361
24306,5732,6112,5732,5732,7271
24307,4832,4832,4832,4832,4832
24308,8315,8085,8657,5041,5041
24309,5128,5128,5362,5362,5362
24310,6228,5737,4840,4840,5974
24311,4914,4874,5412,9069,9069
24312,7997,6531,5445,7928,7928
24313,6628,4317,9145,6419,6419
24314,5885,6072,5372,5372,5372
24315,8161,3021,4403,7551,2548
24316,6738,6375,4655,6068,6068
24317,6652,5153,8585,8039,8585
24318,4916,4433,8391,8391,8391
24319,5906,5069,6468,8513,8513
24320,6864,4793,6745,4793,4793
24321,5138,5048,4106,4106,4106
24322,5302,7831,6979,6979,6979
24323,2791,6189,5135,5857,7496
24324,6089,6276,5888,5888,5888
24325,4947,5903,6707,6707,6707
24326,5414,6934,5931,5931,5931
24327,8605,6239,6462,6462,6462
24328,3382,3815,1498,8041,8041
24329,5667,2789,4733,4733,4733
24330,6241,5299,6511,6511,5948
24331,8892,3889,5391,5954,5954
24332,6262,3902,3582,5535,5535
24333,6665,5577,5484,5605,5605
24334,6083,8574,8045,6860,6860
24335,5518,3840,5518,3840,3840
24336,9127,2229,1014,9002,1014
24337,7000,9131,4873,4873,4873
24338,4818,5231,6804,6084,7859
24339,5464,4927,6555,5028,4495
24340,5938,6717,9119,9119,9119
24341,6499,7586,5720,5671,7652
24342,6913,9011,5066,6262,7744
24343,6784,7953,6638,6638,6638
24344,6131,6501,6501,6599,6599
24345,7949,7269,7866,7866,7866
24346,5686,5780,5980,6477,6477
24347,5196,4402,5374,5374,5374
24348,4519,3366,1746,3502,6412
24349,6981,2857,6025,6003,6003
24350,6146,4996,4573,4573,4573
24351,5766,5527,4647,8897,8897
24352,7679,3314,2931,2931,2931
24353,6985,5491,5491,5491,5491
24354,6727,4651,5250,6174,6174
24355,5130,2813,2885,6064,6064
24356,1018,8563,6118,6252,6252
24357,6598,2067,6638,6638,6407
24358,5433,4830,4761,4761,4761
24359,5244,6824,7612,7551,7551
24360,5282,6483,6203,5308,5308
24361,8281,1422,4687,1383,6301
24362,9196,5585,4738,7227,7227
24363,6832,4129,6451,5844,9111
24364,8337,7976,6409,6409,6409
24365,5489,5489,5489,5489,5489
24366,6303,6768,5670,4723,4723
24367,4878,6402,5497,5497,5497
24368,4795,2329,3918,8346,8346
24369,4869,6844,6283,6283,6446
24370,6480,6880,5208,5673,5673
24371,4712,4012,5137,5137,5137
24372,6518,5850,8699,8699,8699
24373,6805,6252,6529,5911,5911
24374,5857,6978,9057,9057,9057
24375,7325,5710,9124,4560,4560
24376,9111,6898,1708,5305,1708
24377,4910,8399,6446,401,7974
24378,8478,2312,5226,5226,5226
24379,6046,4701,5044,5044,5044
24380,2483,5229,2517,2517,2517
24381,6138,6905,6398,6398,6398
24382,6914,5712,5712,5712,5681
24383,6350,5165,5144,6369,6369
24384,9009,5269,6139,8647,9005
24385,4114,6548,6548,5922,6548
24386,5162,6046,4658,4658,4658
24387,5159,7660,6360,6360,6360
24388,6506,9045,1423,1423,1423
24389,7553,3039,5091,6485,6485
24390,4359,5784,6748,4847,4847
24391,6060,2325,4712,4712,4712
24392,6303,6128,5995,6404,6404
24393,2789,6825,4379,3509,4379
24394,4505,7237,5448,8277,5303
24395,6334,4785,3281,3281,3281
24396,6751,6317,5345,4050,4050
24397,3049,5029,3069,3069,3069
24398,4916,7689,6293,6293,6293
24399,7689,6600,5963,5963,8069
24400,5250,5541,6870,6762,6762
24401,5518,6460,4697,4697,4697
24402,6369,5072,4854,4854,4854
24403,5926,5579,5450,6263,4927
24404,5574,2705,8622,6291,6291
24405,372,4743,7440,9178,5451
24406,4765,7271,4867,7271,7271
24407,8046,6595,7120,8428,9030
24408,4946,8345,4644,4315,5169
24409,6652,4423,2460,2460,5191
24410,6659,4126,4640,4640,4640
24411,4318,3638,3855,8757,8757
24412,6501,7079,8365,8365,8365
24413,6766,6764,6325,6325,6325
24414,6346,4825,4881,4881,4881
24415,6362,5867,3407,3407,3407
24416,8297,3329,5130,4625,4625
24417,8286,8794,6262,1718,1718
24418,9164,4324,8636,8636,8636
24419,4920,7015,7832,5830,5830
24420,8815,6693,6693,8815,6892
24421,4727,3333,6829,6599,6599
24422,6319,5832,5768,5119,5119
24423,6144,6563,6679,5349,7048
24424,4149,7564,7890,5873,3419
24425,6049,6374,5101,6049,6049
24426,5738,6261,6784,4341,4341
24427,4798,5753,5387,5950,4971
24428,5827,6499,5827,5827,5827
24429,5554,5758,8876,8315,8315
24430,6119,6282,5463,5463,5463
24431,5489,6243,4755,4755,4755
24432,6793,6026,6501,6599,6599
24433,5365,6855,4764,4764,4764
24434,6207,5147,3752,9158,9158
24435,5978,5784,5093,5093,5093
24436,5153,6602,5872,4910,4910
24437,8705,7523,9207,8366,7630
24438,7573,8884,5428,5428,5428
24439,7798,6124,4252,4252,4252
24440,5084,5933,7553,5849,7553
24441,6480,6033,4889,6208,2365
24442,7994,4719,7994,6280,6280
24443,4809,6182,4887,4984,5271
24444,5249,6410,4884,4927,4927
24445,2768,7442,6576,6576,6576
24446,5831,3224,2666,2789,2789
24447,5558,6084,5037,5037,5037
24448,8315,5724,7662,7662,7662
24449,6369,4792,6369,6369,6369
24450,8380,7732,5552,4869,5892
24451,6230,4764,4764,4764,4764
24452,4840,6121,4798,4798,4798
24453,6116,5822,5340,5340,5340
24454,5352,5352,6088,6827,6827
24455,5470,5656,5656,5656,5656
24456,2418,6551,2365,8793,8793
24457,4872,6154,5480,5809,5809
24458,4840,8717,6664,6664,5970
24459,7457,7288,8049,8049,8049
24460,5744,4728,6794,6794,6794
24461,4361,2927,2287,2002,2002
24462,4981,4643,4643,6892,6892
24463,2938,4733,2583,3518,4294
24464,6629,3629,5982,5846,5846
24465,6071,6690,6690,5084,5084
24466,4829,5940,6275,6705,5558
24467,5910,6395,6058,6543,6058
24468,8186,1142,6038,1089,1089
24469,4996,6402,6685,6685,6685
24470,6413,7804,6184,6184,6808
24471,6855,5805,6009,6009,5156
24472,6594,4666,5327,4304,4304
24473,7314,6936,7692,7692,7692
24474,6597,8914,3068,4809,3068
24475,5940,6703,7153,8361,8361
24476,4812,5909,5005,5005,5005
24477,5296,8764,8920,8120,8120
24478,4704,5746,6795,6795,6795
24479,8785,2604,4378,4416,4416
24480,5629,5098,4862,4862,6808
24481,5803,2333,6825,4625,4625
24482,7811,3598,9197,9197,5034
24483,2968,4584,2628,8415,8415
24484,8160,5023,2645,6466,4573
24485,6062,6333,6062,6062,6062
24486,6229,6642,2869,7366,7366
24487,3959,4188,3905,6265,5576
24488,6523,8037,4205,2604,4205
24489,6127,5369,6431,3784,3784
24490,5658,7744,2474,2474,2474
24491,5754,8932,8932,4869,4869
24492,5784,5792,4693,5330,5760
24493,5658,5129,6464,5965,5965
24494,8004,2500,2309,7498,7498
24495,4816,4701,4792,4816,4816
24496,4688,4347,6042,6042,6042
24497,4950,3692,9077,8463,9077
24498,5539,7570,5421,6174,6174
24499,5065,5063,5162,5144,5144
24500,6742,6027,6904,6846,6846
24501,5947,6796,4659,4659,6138
24502,462,268,2906,2385,999
24503,5372,4905,7122,7122,7122
24504,5268,5395,5962,4904,6008
24505,5560,9126,5883,5883,5883
24506,5316,3662,7059,7059,6555
24507,6698,5699,5865,5670,5670
24508,6356,5198,6810,6810,6810
24509,6061,6786,7397,4937,4937
24510,4680,8731,7881,6876,6440
24511,5847,5923,3855,5755,3855
24512,6208,6678,4066,6536,6536
24513,3605,6995,8084,8798,8798
24514,4372,534,3960,2461,2461
24515,5346,8605,2433,7504,7504
24516,5404,5798,5102,6481,5102
24517,5576,3420,5576,5576,5576
24518,5353,8013,4917,7755,5697
24519,6087,6131,6085,5270,5270
24520,6535,6427,4955,4955,4955
24521,6378,6747,362,362,362
24522,7776,7792,5152,5152,5152
24523,5132,8407,8365,8365,8365
24524,3333,6480,6114,6131,6131
24525,5854,1436,6668,5198,5198
24526,8642,7507,7647,7647,7647
24527,8932,4743,6217,5970,6217
24528,6206,8875,6701,6701,6701
24529,8140,5563,8354,8354,8354
24530,5456,5708,8823,8823,6576
24531,5059,5910,6543,6543,6543
24532,7056,3431,5879,6431,6431
24533,5677,6217,4644,5169,5169
24534,7278,8967,5105,5105,7085
24535,4096,5805,6598,6598,6598
24536,6291,586,6186,5603,5603
24537,6373,6318,6434,6434,6434
24538,7881,8708,383,2829,2829
24539,5412,5412,5412,5412,5412
24540,5822,6531,2433,2433,2433
24541,8957,7814,3665,3665,3665
24542,6502,5334,5900,4989,8905
24543,5924,8328,2495,6758,2359
24544,5780,5577,4088,4088,4088
24545,4748,5657,5635,5635,5635
24546,3681,4009,6896,6896,5949
24547,6074,6157,5093,6336,6336
24548,6880,6880,4880,5424,6880
24549,4976,5001,4625,6608,6608
24550,5807,6154,5440,6417,6417
24551,3837,252,4802,4758,4758
24552,6585,7691,8460,8460,8460
24553,5319,3486,145,7580,7580
24554,6272,5288,5288,5288,6525
24555,6676,5260,6355,6507,6355
24556,5931,3409,2705,6903,6903
24557,6486,8221,4689,4689,4689
24558,8391,6254,4975,7388,4975
24559,6998,2517,2742,6115,6115
24560,7296,7298,7296,7296,7296
24561,8542,9037,6162,6162,6162
24562,6599,6519,5824,6519,5824
24563,3311,6016,4812,3047,2628
24564,6068,6874,5379,5379,4845
24565,6006,6374,8601,6090,6090
24566,3974,5355,6155,4720,4720
24567,6463,7816,9144,3489,3489
24568,6311,5607,5628,5628,4643
24569,6823,6060,5508,5508,5508
24570,6729,3211,6843,6099,6099
24571,8074,6841,5933,5933,5933
24572,3451,9185,8922,7000,5429
24573,5784,5094,6478,6478,6478
24574,7350,8184,7140,7671,7671
24575,6143,4928,6389,4928,4928
24576,6469,5517,7730,5517,6393
24577,7626,7715,6378,5266,5266
24578,7393,8316,7092,9189,9189
24579,7236,7745,8542,7236,7236
24580,5212,5540,6387,6387,6387
24581,5839,5839,6411,4665,6411
24582,6823,4725,4942,6496,6496
24583,6054,6521,5567,5567,5567
24584,3271,4859,3927,6084,6084
24585,4848,4748,6815,5510,6815
24586,5143,4626,7996,4626,4626
24587,7974,3771,841,7667,5575
24588,7710,4269,4282,6878,4343
24589,5918,4733,2916,2916,2916
24590,6113,6377,481,4760,4193
24591,6869,6820,7048,7048,7048
24592,6276,4949,4620,4620,4620
24593,8067,8459,5485,4698,4698
24594,5198,6668,4080,6239,4080
24595,6597,6203,6566,6566,6566
24596,6409,6775,6342,6342,6342
24597,6503,8228,6503,6503,6503
24598,7929,5278,2783,5543,5543
24599,6861,5474,6861,4995,4995
24600,2577,3306,4606,4258,6436
24601,2405,4026,3595,3595,6158
24602,6546,4669,6327,5509,5509
24603,6884,6884,4926,2751,2751
24604,5387,5709,6105,6027,6027
24605,6624,5149,5248,5248,5248
24606,6171,5895,7125,7125,7125
24607,7129,5858,2105,6701,2105
24608,6328,8390,6103,6103,6103
24609,4835,5531,6651,6651,6651
24610,5344,5556,6196,4305,3150
24611,5918,2659,5434,6005,6005
24612,3902,5956,8640,7214,7214
24613,6694,5911,5911,5600,5600
24614,9124,5032,5358,5939,5939
24615,5514,5308,5454,5454,9207
24616,5883,6685,6855,6855,6855
24617,7695,4685,7107,5657,8620
24618,985,5127,7559,7559,5127
24619,5355,5605,7832,7832,7832
24620,6634,6087,6480,6480,6480
24621,8322,2857,3871,3871,3871
24622,3832,3035,7304,3761,3761
24623,7407,6072,3366,8277,8277
24624,8388,8431,5667,5667,5667
24625,6331,6771,7283,7904,7904
24626,6672,4682,4844,5923,4844
24627,5450,4727,4727,4727,4727
24628,6694,6694,6103,6103,6501
24629,5586,999,8989,7551,7551
24630,5214,6731,2986,6261,6261
24631,5940,5769,5606,4887,4887
24632,5576,5576,4846,5731,5731
24633,8568,7984,5574,8588,8588
24634,5153,4618,6472,6295,6295
24635,4701,5663,6529,6529,5663
24636,5406,5834,4951,924,924
24637,7141,8349,3416,8988,8988
24638,6151,5822,1434,7289,7289
24639,5823,5162,5102,5102,5102
24640,8772,5058,5771,8635,8635
24641,6476,4596,9116,1422,6677
24642,4651,6593,4740,4740,4740
24643,6395,5662,6343,5600,4982
24644,6233,5703,5823,5823,5364
24645,6263,3461,6843,6843,4927
24646,5668,3700,5079,3339,3339
24647,5730,9057,5136,5136,5136
24648,5137,6540,6161,6346,5050
24649,5284,1607,5854,6126,7686
24650,8921,7871,8003,8003,8003
24651,8287,8287,2668,8287,2668
24652,6385,4433,8141,4449,4449
24653,4671,5354,5472,5472,5472
24654,6388,6090,3629,5863,5863
24655,4459,5733,6539,5569,6771
24656,4863,7873,6790,5110,5110
24657,8788,5626,4924,4924,4924
24658,3584,4907,8084,3598,3360
24659,5868,5050,5050,4825,4825
24660,5950,4986,5376,6830,6830
24661,5384,5682,3069,5255,3069
24662,6355,5893,4465,4465,4465
24663,5574,5075,6306,3194,3194
24664,5425,6420,8850,4823,8850
24665,7454,5754,7299,6820,6820
24666,3237,7115,8832,7115,3959
24667,7132,7809,5714,5714,5714
24668,5647,6446,6857,6446,2536
24669,4744,7871,6873,3827,3827
24670,6354,6354,5387,5387,5387
24671,4655,8975,8430,8430,8430
24672,5980,6529,5144,5144,5144
24673,6914,6914,6372,6602,6602
24674,6764,5063,5208,6481,6481
24675,8515,6064,5064,6291,6291
24676,3045,6835,2331,5721,2940
24677,7689,7457,6572,7457,5197
24678,7277,7740,4610,5647,5647
24679,6552,7622,6518,6517,7732
24680,5868,4721,5493,6756,6756
24681,6060,6060,6060,6060,6060
24682,4728,5752,4785,5065,5065
24683,4748,4172,3643,7193,3643
24684,6200,3264,5042,4991,3800
24685,8049,6497,7269,7269,7269
24686,3325,697,5209,5209,5367
24687,6342,6342,9174,4869,4869
24688,2783,4433,6725,6493,6039
24689,5889,4716,6660,6660,6660
24690,1793,1793,3911,3911,3911
24691,3070,3703,5500,3156,3156
24692,5464,6849,6580,6580,6580
24693,5897,5057,5897,4886,4886
24694,6611,6194,4947,8833,8833
24695,5670,5670,5783,5869,5869
24696,5390,6114,5859,5859,5859
24697,6317,6771,6771,6771,6771
24698,6629,7229,852,852,852
24699,6058,5537,6030,6030,6030
24700,6344,5826,5826,6680,6344
24701,5531,6083,6363,6363,6363
24702,5537,4894,5894,5894,5894
24703,5710,6515,6041,4606,4606
24704,6576,5583,7974,7974,7974
24705,6255,5574,5374,8011,7674
24706,4186,9120,2971,2541,2971
24707,5132,5955,5001,5001,5001
24708,9212,2040,5892,7038,4935
24709,8506,6588,9171,843,843
24710,5303,4999,6360,5151,5151
24711,6006,6615,4887,4887,4887
24712,7813,2667,4184,2667,4184
24713,8916,3523,5462,8459,8459
24714,8195,8557,5710,7987,7987
24715,6358,5371,5064,5168,8431
24716,5717,5291,6411,6801,6801
24717,6327,5918,3431,2940,2940
24718,6851,5165,2432,2432,2432
24719,6442,5160,6257,6718,6718
24720,8340,3288,7005,7005,7005
24721,5502,5502,6483,5862,5862
24722,4239,6040,2630,2630,5179
24723,5895,6406,4538,4538,4538
24724,3471,7865,6268,8897,8897
24725,5568,6721,5807,6370,6370
24726,5075,4734,762,5862,8752
24727,4063,4724,4673,8317,8317
24728,4835,6737,6322,6737,6737
24729,7035,5324,7948,7948,7948
24730,2928,6179,5592,2994,5592
24731,6297,6913,4939,2334,4939
24732,6940,3980,4995,5710,5710
24733,3479,2366,5743,3292,3292
24734,6091,4520,3431,3431,3431
24735,6476,8842,8787,8787,5819
24736,6665,7079,5690,5007,5007
24737,4840,4637,5298,5569,5569
24738,7238,8156,6537,6537,6537
24739,6146,6377,6204,6023,6264
24740,7908,5924,4922,2783,2783
24741,3823,5834,3409,3409,5010
24742,5868,6313,6422,4864,2533
24743,6210,5622,6269,5995,5995
24744,5424,6620,4888,5270,5270
24745,4004,6730,4004,3234,3234
24746,5078,6784,5466,5466,5466
24747,6357,4876,8488,4914,5985
24748,6386,3678,6942,6942,6942
24749,5628,5440,6528,6528,7382
24750,4942,6452,5488,5488,5488
24751,6218,5404,5000,5000,5000
24752,6793,5132,4896,4896,5218
24753,5481,6160,5670,8597,8597
24754,5570,5834,5834,5695,5834
24755,4093,5309,9053,5436,5436
24756,5532,4950,6539,6857,6539
24757,4422,8074,5062,6938,6938
24758,5267,5031,5063,5063,5063
24759,4837,5623,5584,5584,5584
24760,8343,8388,7042,7042,7042
24761,7340,6199,1464,7020,7020
24762,6843,7918,3774,3774,3774
24763,2334,5324,7647,7647,7647
24764,4867,5647,5732,6298,5732
24765,5798,4776,5250,3623,3623
24766,6440,4981,4904,5505,5505
24767,5032,8202,7186,7251,7251
24768,6127,4712,6175,6175,6050
24769,6842,4992,5921,4992,4992
24770,5682,3275,5382,5382,5382
24771,7548,7048,4689,4689,4689
24772,6223,5118,5200,6408,6408
24773,5829,5261,4924,6279,6279
24774,7929,2820,6017,8507,5602
24775,5962,4911,4981,6011,6011
24776,4825,5113,5062,4465,4465
24777,7072,3257,7431,7431,5812
24778,6426,7070,5641,5641,5641
24779,1664,3283,6027,2296,2296
24780,5892,4748,6647,4858,4858
24781,6382,6382,6382,6382,6382
24782,4927,5063,5337,6277,6277
24783,6251,6139,6139,5041,5041
24784,6472,6472,5357,5357,5357
24785,5354,5354,6849,3086,3086
24786,1394,949,495,137,6722
24787,5117,5117,5145,5145,5145
24788,5033,5631,8798,5858,5891
24789,6902,5208,4467,4467,4467
24790,4254,5018,3824,3824,3824
24791,5330,6800,5944,3386,3386
24792,6027,4660,7100,4660,5008
24793,5462,5462,4858,7878,5869
24794,4913,9181,4030,4030,4030
24795,4745,4745,6531,6881,6881
24796,8461,5767,4677,4677,4677
24797,6635,5910,5770,6222,6222
24798,7198,5708,1109,1109,1109
24799,7912,6322,8912,5024,5024
24800,6422,8842,7654,9013,9013
24801,6127,8418,7872,8514,7863
24802,6663,6663,6866,5593,5593
24803,6536,6536,6536,6536,6536
24804,7574,5724,7823,6492,6492
24805,6402,5403,5105,6749,6749
24806,7342,6293,6145,6833,6833
24807,6172,6125,6594,4796,4796
24808,4625,4625,5937,4762,5022
24809,6089,5598,6089,5598,5598
24810,6549,5669,6908,5125,5803
24811,5803,5170,5441,5441,5441
24812,6481,5294,5070,3623,3623
24813,6053,5969,6376,5403,5403
24814,5712,5712,5712,5712,5712
24815,4713,8914,6823,6823,6823
24816,4142,7689,4737,7689,7689
24817,4848,4847,7279,7644,3185
24818,4886,5975,5484,6365,5484
24819,6922,5150,6110,6110,6110
24820,4884,6036,6599,5318,6599
24821,5130,6840,8060,8060,8060
24822,6457,8757,4196,3379,3379
24823,4755,3278,6055,6055,6055
24824,6972,7006,6978,6345,6978
24825,4878,4878,4878,4878,4878
24826,5304,5351,6605,6605,6902
24827,3881,2853,4553,2951,4553
24828,5599,5235,6427,3314,6705
24829,5593,4842,6056,6056,6056
24830,9121,7713,526,526,526
24831,8955,6021,6133,5121,9230
24832,6542,4828,5799,5531,5531
24833,5198,8943,8892,8892,8658
24834,8964,4390,8588,8588,8588
24835,6447,7113,2381,5497,5497
24836,5351,7178,5968,8798,8798
24837,5069,6314,548,548,548
24838,4817,6635,5406,6598,6598
24839,4809,5803,6868,6342,4802
24840,4731,6394,2101,5136,5136
24841,5105,6700,5758,6388,6546
24842,7222,4855,8249,5976,5976
24843,6355,6817,5260,6828,6828
24844,6593,6593,5752,5752,5752
24845,8075,7074,1869,2176,7074
24846,4867,8391,5462,6367,5462
24847,6315,3677,6859,2564,2564
24848,4838,5646,5583,6446,6446
24849,6161,4721,6311,5659,5659
24850,5514,4655,4655,4655,4655
24851,5383,5022,4594,5444,5444
24852,6318,5867,6756,6311,6311
24853,7724,6498,5413,6010,6010
24854,6603,3650,5631,5631,5631
24855,5797,2730,8605,8605,8605
24856,6296,6318,5643,5643,5643
24857,7624,4441,4244,3035,7666
24858,6783,3351,8992,6457,6457
24859,6706,5254,4849,6367,6367
24860,7788,6881,6595,3649,3649
24861,6163,8089,4820,4820,4820
24862,4997,4997,9022,7831,7831
24863,6117,5039,479,4312,4312
24864,3742,4872,8939,4460,7786
24865,6944,8888,8219,9141,8219
24866,5760,5760,5193,5193,5193
24867,5349,7048,5163,5163,5163
24868,5346,6091,4846,4846,4846
24869,6068,6068,6068,6068,7630
24870,7646,9091,3933,6586,6586
24871,6395,6395,6222,6222,5059
24872,5313,6793,6908,6792,6792
24873,5808,6178,5325,5325,5325
24874,4161,4671,4742,4742,4742
24875,3671,4000,4441,4441,4441
24876,2802,3705,3595,3595,3595
24877,5953,4888,2962,2962,2962
24878,4669,8549,6885,6044,6044
24879,1451,8294,8141,8141,7324
24880,3274,4099,5141,3873,4287
24881,5309,3005,5309,2640,2640
24882,5542,6561,3607,3607,3607
24883,5659,6526,5591,7964,7964
24884,4843,2101,7683,7577,7577
24885,5964,5116,5030,6752,6752
24886,6299,6136,5464,5464,5464
24887,6350,3412,5980,6350,5028
24888,1757,5447,4939,4939,4939
24889,6880,6058,5072,5072,5072
24890,372,1263,8363,8532,8532
24891,2970,4858,4598,6387,6387
24892,6717,8139,6113,1746,3720
24893,1040,4733,8505,8505,8505
24894,3520,3974,7701,6106,6106
24895,5924,6637,6006,6257,6257
24896,6096,7419,4115,4856,4856
24897,5950,5950,5950,5950,5950
24898,6430,6430,5880,8981,8981
24899,7062,5042,5077,6915,7645
24900,6244,6497,5556,5556,6869
24901,6594,6344,5805,6308,6308
24902,6578,5766,6136,6136,6136
24903,6571,8787,7201,7201,7201
24904,6609,5927,5248,5248,6901
24905,7338,3003,7402,2855,2855
24906,5221,6059,6619,6619,6619
24907,6798,5741,2977,7964,5009
24908,5265,7002,8775,4619,4619
24909,6182,6295,4945,4945,4945
24910,4093,4976,70,3230,3230
24911,6307,5515,6860,2891,6860
24912,6540,6040,5305,5995,4106
24913,4092,5715,5039,5715,6269
24914,4043,7687,3157,6622,6622
24915,1218,6286,213,4819,6153
24916,7967,5535,3859,3859,3859
24917,6105,4817,5814,4666,5352
24918,8989,6207,8923,7703,7703
24919,5921,3354,5315,2345,2881
24920,8135,6837,6837,8189,8189
24921,4925,5404,5538,4927,5538
24922,6139,4653,3836,6550,6078
24923,4723,5134,5822,5455,5455
24924,3804,2582,6522,6522,7616
24925,8560,7695,8850,8560,8560
24926,2398,5070,7529,5834,5834
24927,7197,3942,4702,8337,8337
24928,2868,5728,7997,7997,7997
24929,4897,4965,8439,3590,3590
24930,6694,5953,6880,5031,5031
24931,6281,5914,8688,5347,5347
24932,6081,5404,5049,4797,3783
24933,6354,6530,5370,3127,3123
24934,5514,4928,8705,8705,8705
24935,7264,6460,5720,5720,5720
24936,8713,8713,8530,8501,8501
24937,5054,6011,5168,5168,5168
24938,5028,6814,5953,6814,6814
24939,4809,5271,5802,5545,5545
24940,4275,5537,8527,5605,5605
24941,6426,6866,6173,6173,7085
24942,7912,3407,6171,3756,3756
24943,6898,6290,6898,6898,6898
24944,8553,6608,6139,5592,5592
24945,6675,8132,8661,7718,7718
24946,3905,4997,8276,7523,7523
24947,6566,5784,5279,4677,4677
24948,4563,8111,7451,7451,7451
24949,3077,6309,5300,6309,6309
24950,6255,2640,7629,7629,5370
24951,2483,6163,3700,7768,3700
24952,6908,6525,6345,4797,4797
24953,5950,5950,5419,5419,5419
24954,6012,921,4505,4505,4505
24955,4866,3445,4866,4866,4866
24956,5411,8242,5774,5774,4488
24957,6460,6460,6460,6460,6460
24958,4255,5046,3539,3539,3539
24959,6521,5780,6323,5780,9141
24960,8668,9086,7907,8922,7663
24961,5271,8847,1547,7328,5268
24962,3466,7142,3747,3674,3658
24963,6070,6070,5825,6609,8213
24964,293,7749,5998,5498,5498
24965,6039,5942,5942,5320,5320
24966,4917,5443,4917,5770,5443
24967,3782,5280,6509,5627,5627
24968,5320,2700,3855,7189,7189
24969,3170,6153,3351,3351,3351
24970,9005,5055,6603,6603,6603
24971,3832,8393,3411,3411,2589
24972,5483,5675,6681,5560,5560
24973,5773,3511,3724,5125,5125
24974,5723,7264,3032,6855,7080
24975,6092,6668,6885,7219,7219
24976,5962,4802,6537,6537,6537
24977,5718,2997,1291,6819,6819
24978,6461,3197,6461,6461,6461
24979,4997,5499,6155,6751,5518
24980,5416,6831,9179,6574,6574
24981,8884,2446,5837,8167,8167
24982,3618,4543,2794,7533,3184
24983,7860,7806,8938,8938,8938
24984,4819,791,840,840,840
24985,6298,209,5584,6693,6693
24986,2214,3963,6657,8260,6657
24987,1380,375,9055,9055,9055
24988,7090,5131,6717,6717,6717
24989,4535,5678,6179,7036,7036
24990,5702,1562,2105,6701,6193
24991,6614,5570,6028,8323,6000
24992,6468,3416,5559,5559,5559
24993,8016,8586,7234,8228,8228
24994,8073,7923,7728,7728,7728
24995,2595,3241,3241,3780,3780
24996,7348,7519,8609,7201,7348
24997,3612,6824,5498,1380,1380
24998,8010,7347,8299,8738,8738
24999,6440,1638,4597,4597,4597
25000,8137,7626,7044,7044,7044
25001,5754,5340,6709,5552,6709
25002,2837,7638,4857,4787,4710
25003,3841,7918,8131,8131,8131
25004,8465,7918,7452,3724,8573
25005,7547,3855,7463,7463,7463
25006,209,3264,5543,5543,5543
25007,7756,7069,2046,322,2046
25008,7571,9025,9025,5408,9025
25009,8640,3015,9031,8357,4384
25010,7269,8236,7522,5796,5796
25011,6787,7837,5408,5408,5408
25012,8166,5682,5736,3463,7588
25013,103,103,4784,4784,4784
25014,2595,6124,2831,2831,2831
25015,8391,2764,2764,2764,2764
25016,4827,4318,7512,7512,9008
25017,7087,8092,6669,8756,7087
25018,7369,221,8229,8229,8229
25019,7070,7066,2089,7502,7814
25020,43,458,1436,1568,283
25021,1135,7633,1606,1606,1606
25022,5201,4959,7545,7545,7545
25023,5815,8735,5023,4987,4987
25024,8786,6491,6534,6534,7717
25025,7959,7959,7990,7609,7609
25026,9203,5121,7972,7972,7972
25027,8077,8984,7931,1451,1451
25028,9203,7098,3995,3995,7457
25029,9045,5956,8800,8800,2359
25030,2719,4236,4500,4500,4500
25031,8739,3425,3146,3146,3146
25032,1444,8984,8263,272,6998
25033,5267,2906,5583,5583,5583
25034,8263,2009,272,1781,1781
25035,7269,8976,7532,7532,7532
25036,7870,7608,1181,7849,7118
25037,2793,5480,2359,7577,5534
25038,6890,4978,8992,4722,6593
25039,8936,8509,4937,6864,6627
25040,1313,1069,241,241,241
25041,8581,7922,6697,6936,7711
25042,8064,8800,8800,8800,8800
25043,8955,4440,6489,6489,6489
25044,4687,8916,6400,8750,4603
25045,3566,448,9212,9212,9212
25046,7502,8579,9032,9032,9032
25047,3738,6533,7732,7732,5963
25048,8157,9167,8591,9058,7293
25049,7643,3101,8979,8979,8979
25050,7121,6532,7189,7121,7189
25051,6950,8394,1065,1065,1065
25052,3156,7171,7509,6560,6560
25053,2831,8424,6803,6803,6803
25054,7197,8110,8898,8898,8898
25055,6498,8775,7262,2482,2482
25056,4999,7994,4712,5440,5306
25057,5959,6375,4783,7569,7569
25058,5168,4999,9187,5302,4004
25059,8435,2890,4623,6205,6205
25060,7888,7888,7888,7888,7888
25061,7888,7888,7888,7888,7888
25062,4887,6462,4738,4953,3237
25063,7517,6824,7775,8661,8661
25064,3949,8772,3995,3949,3949
25065,6552,5723,2783,6445,6445
25066,8951,3664,8735,8729,6924
25067,5209,8435,3114,8435,8435
25068,8732,1318,877,877,4
25069,2412,4583,8749,6523,6523
25070,603,2264,1172,2190,2190
25071,8703,7427,7423,2806,2806
25072,8773,7229,7674,8011,8714
25073,7357,2965,268,1014,224
25074,6300,7669,7669,6993,6993
25075,9170,2803,8189,7539,7539
25076,6569,4973,1403,3172,3142
25077,8075,7007,7503,7503,7503
25078,8075,8984,4521,7555,7555
25079,8075,933,7885,7885,7885
25080,7249,5552,8615,8615,8615
25081,7062,3639,2330,2330,2330
25082,247,7383,209,209,209
25083,8616,5979,4212,2032,2032
25084,8195,5736,7600,8168,8791
25085,558,3451,3472,5029,5029
25086,7008,6368,5062,8260,5062
25087,8532,8311,8690,8690,8690
25088,976,7703,9105,3963,8468
25089,3827,7424,6101,6101,6101
25090,7575,8937,7483,8502,8502
25091,3223,5304,7282,4540,4540
25092,744,8480,5044,5044,5044
25093,4610,5806,6472,6472,6472
25094,5372,4596,7759,7085,6173
25095,5020,4946,5160,6431,6239
25096,5356,5008,6298,6427,5188
25097,5554,7114,5993,5993,5993
25098,6791,8379,2353,2353,6916
25099,8997,7607,6309,6895,6895
25100,6064,3009,5904,4833,5904
25101,8603,5448,8128,8128,8128
25102,6196,6704,9162,7342,8404
25103,3630,1059,6175,6175,6175
25104,9166,6124,7780,7780,7780
25105,5415,8622,6302,2824,2824
25106,7314,8901,8321,8472,8472
25107,8043,8726,9088,9088,9088
25108,5786,4629,8688,8752,636
25109,5310,5717,6488,6488,6488
25110,7702,8492,7066,7066,7066
25111,7055,8497,8497,8869,8869
25112,8492,8050,8780,8780,8780
25113,8223,3784,8121,4890,4890
25114,7585,7585,5519,5519,5519
25115,9182,3621,5519,7219,7219
25116,8842,8179,8451,7575,7575
25117,6428,8993,7016,7016,7016
25118,5799,5061,8058,7770,7650
25119,7218,3587,2630,2630,2630
25120,7001,247,1823,495,495
25121,7257,663,6195,3173,8528
25122,7564,7784,8884,3815,1430
25123,8884,7255,3772,8156,8156
25124,8844,6961,7131,560,2114
25125,7492,7531,8740,8740,8740
25126,5178,5907,5907,5907,6016
25127,8379,7626,5194,5194,5194
25128,1585,5197,8086,2774,2774
25129,2768,7233,7263,7258,7258
25130,2329,6571,4186,6571,7780
25131,8607,3986,8471,8471,8471
25132,3614,9210,7138,7054,9160
25133,8673,7229,8735,8735,8735
25134,6977,7877,6974,6974,6974
25135,8508,8982,8261,8508,8508
25136,8246,5758,8175,8175,8175
25137,9145,5332,8790,6224,6942
25138,7574,7574,7728,8422,8121
25139,6493,7301,8175,8175,8905
25140,5615,5555,8564,8564,8564
25141,9044,1089,8091,8770,8770
25142,8708,7317,72,72,72
25143,7039,8748,7049,9098,9098
25144,9074,8891,7806,8745,8745
25145,502,3619,8736,6248,6248
25146,8470,5786,7637,16,16
25147,6684,6945,8579,5071,7915
25148,7038,8561,9180,7038,7784
25149,8221,8221,8221,8221,8221
25150,8815,5399,6693,6976,6976
25151,7062,4937,4844,5647,5647
25152,7546,8171,7038,906,7038
25153,6439,7542,7465,8363,8363
25154,8561,7851,6439,7784,7784
25155,9090,6117,8071,4623,8528
25156,8816,5654,5967,6658,6658
25157,7615,6649,5688,3419,3419
25158,2548,7626,7626,8853,8647
25159,7072,4546,3289,8454,8454
25160,8478,6622,4791,4791,4791
25161,2521,4206,6739,4183,4465
25162,2541,7763,7763,8151,7209
25163,4860,8347,5171,7935,7935
25164,6498,3101,8906,8906,8906
25165,3110,2882,8725,8504,7579
25166,8419,8725,7167,7167,7167
25167,7689,5060,8221,7324,7324
25168,4194,8541,7475,7972,7972
25169,8447,5495,5601,5601,5601
25170,8870,7696,8027,462,8027
25171,2999,2268,1070,1070,1070
25172,8532,8726,8176,7215,8176
25173,1249,8312,7712,7712,8070
25174,5140,4881,5140,4913,4913
25175,400,2089,8943,5992,526
25176,2708,3993,9222,9222,9222
25177,6183,8880,1743,8026,4623
25178,7062,7020,5477,5477,5477
25179,3202,7239,3202,3202,3202
25180,8263,8880,6980,4623,6980
25181,8038,4881,5470,5131,5131
25182,8098,1026,708,8098,8098
25183,8098,1932,852,1329,852
25184,9063,40,1225,1225,1225
25185,9146,4487,8180,8180,8180
25186,7588,6141,8008,8804,8804
25187,8096,9045,5585,6257,6257
25188,802,7438,9109,7575,7575
25189,6695,5768,7120,7120,7120
25190,7902,6060,9202,4923,4923
25191,8606,4988,8092,8092,8073
25192,7426,8711,9046,8503,8503
25193,7738,7621,7097,7097,7097
25194,2357,2357,6837,6837,6837
25195,5769,4933,7454,4309,4309
25196,1741,1783,725,1887,725
25197,8750,8750,8750,8750,8750
25198,8750,8750,8750,8750,8750
25199,7322,6534,6534,8910,6534
25200,5786,7289,7937,7433,7433
25201,8873,8295,7942,7942,7942
25202,7355,7508,8858,8861,8861
25203,8567,3573,6131,8059,6131
25204,7331,8358,8798,8830,8830
25205,8697,7967,7244,6332,6332
25206,2438,4213,4356,4356,4356
25207,8313,7387,8552,7736,8552
25208,8341,4047,7677,7677,7677
25209,8568,8520,2114,2114,2114
25210,3101,7579,6607,6607,6607
25211,7705,8685,8979,8979,8979
25212,4346,2547,3584,2500,3360
25213,8922,3686,2600,2600,2600
25214,5936,7330,2513,6033,6033
25215,7983,8793,3973,3973,3973
25216,1993,4917,1573,1573,1573
25217,789,7848,9050,1127,7100
25218,7418,8352,7979,7979,7979
25219,4717,7025,4584,4584,4584
25220,7965,3804,8558,8558,7149
25221,5203,6974,5140,8388,8388
25222,9191,6396,5683,5683,6721
25223,2266,7144,8494,7195,7195
25224,6850,3620,7872,5956,5956
25225,7491,8435,8009,7853,7335
25226,2793,5006,4569,5268,5268
25227,7477,5725,8082,7436,7436
25228,3911,7913,8898,1430,1430
25229,6966,5470,5907,7629,5470
25230,5467,1868,7578,5574,5574
25231,7132,8168,8540,8540,8540
25232,8256,5901,7251,3736,7251
25233,8334,7681,8833,669,669
25234,8284,8284,4231,4231,4231
25235,8706,1244,964,1875,964
25236,6177,681,5036,5885,4499
25237,8710,678,8752,7999,3796
25238,8863,8807,6380,5806,3065
25239,3948,2716,5005,5005,5005
25240,4262,9166,9166,8880,9166
25241,5723,8123,3968,3968,3968
25242,6162,7666,6988,6988,6988
25243,7816,8784,8836,8496,7418
25244,2408,4247,8396,7638,7638
25245,7386,7650,7413,7413,8135
25246,7354,7758,6160,5628,8707
25247,8624,9092,5051,7480,7480
25248,9134,8012,7946,7583,1976
25249,6947,3650,4284,8059,8059
25250,8239,7967,6930,5955,5955
25251,6970,4685,3848,3848,3848
25252,9137,5500,3954,8772,8772
25253,6503,3942,5724,5724,8939
25254,6392,8485,8219,5417,5417
25255,2558,9103,4259,3692,7921
25256,2491,1668,8846,934,934
25257,8920,8804,8734,8734,8812
25258,8831,5274,7505,7505,7505
25259,7726,8703,6488,6488,6488
25260,8349,2267,4454,2013,2013
25261,7696,8972,8946,8776,8776
25262,7544,8728,8939,8728,8939
25263,7729,8616,8012,8012,8012
25264,6299,3205,3470,3470,3470
25265,4683,6325,8426,8695,8695
25266,9121,7165,8581,7555,7555
25267,2832,8840,8174,8756,7257
25268,8385,8208,3090,8967,8967
25269,7692,8177,4815,4420,7575
25270,9132,6983,6873,6873,6873
25271,7323,7494,8265,8265,8265
25272,7911,4768,6544,2098,2098
25273,8469,2328,6545,5283,5255
25274,7196,6539,2385,7890,7965
25275,2483,4397,5322,5322,4308
25276,8473,7678,4174,8473,4174
25277,4913,4403,6581,3015,3015
25278,8565,7149,5682,5573,5573
25279,7837,6734,5412,5412,5412
25280,5604,6894,4094,4094,4094
25281,5389,6229,5064,3385,3419
25282,9183,6216,7920,5501,5501
25283,1456,9201,1684,1684,1684
25284,8815,4838,7245,1498,9013
25285,6892,7020,6400,6797,6400
25286,5646,6693,5583,5583,5583
25287,8724,3103,4653,2333,6203
25288,9029,7138,8767,9029,9029
25289,8276,7346,8261,8261,8261
25290,4737,5642,6164,6164,6164
25291,8762,4038,8324,7783,7783
25292,7686,7305,8077,8581,8141
25293,8414,7791,7039,7039,7039
25294,7921,4043,7063,7000,7000
25295,7656,8791,4244,8835,8835
25296,917,880,1306,2220,2220
25297,6367,4994,4825,6291,6291
25298,1129,8967,2067,1164,239
25299,3083,2475,3972,3540,3540
25300,1868,8445,8476,8789,7313
25301,2621,840,727,908,1420
25302,7756,7756,8092,9213,9213
25303,7756,8586,8528,8092,8092
25304,6924,2595,8046,8723,8723
25305,6517,8488,6396,8082,8082
25306,4227,6492,5327,7505,7505
25307,5133,8711,8243,8243,8120
25308,7801,6537,8646,4172,4172
25309,7313,4974,8748,8748,8748
25310,7744,7795,8769,8181,8636
25311,6673,8555,6521,8239,8239
25312,9082,6838,6555,7907,7907
25313,9015,2498,8006,2735,4455
25314,9042,8291,5055,7200,8072
25315,7325,9131,6608,7963,7963
25316,8496,8240,7325,7325,7325
25317,8378,7919,7919,5828,5828
25318,7993,9064,7284,8137,7768
25319,7219,6668,4809,5230,5230
25320,6583,3606,4690,5306,5306
25321,6787,3771,7986,5688,50
25322,6979,6010,2774,5140,5140
25323,8400,8742,7238,7095,3660
25324,9113,1386,6079,6079,6079
25325,8262,8262,5176,8262,8199
25326,1422,7631,3770,3308,5532
25327,4266,3509,3278,3278,3278
25328,2438,2422,4334,3952,3952
25329,7004,2826,5032,5718,5718
25330,7613,3247,8368,5854,4439
25331,4335,7186,2040,6194,6194
25332,7258,4628,6831,8035,8035
25333,1309,1326,1587,367,367
25334,3879,3879,5500,5840,5840
25335,9212,4861,5295,6061,6061
25336,7495,5399,5819,8298,8298
25337,8309,4876,3264,7565,7565
25338,5843,7626,151,7343,7343
25339,593,2166,652,672,672
25340,1796,350,785,785,785
25341,8497,5495,8324,8324,8324
25342,8128,5495,5399,9199,9199
25343,5828,2505,4983,8208,8993
25344,7398,7091,7091,4660,4660
25345,7500,8682,8706,1692,1692
25346,7539,7092,8952,8952,8952
25347,6491,8755,6400,6400,6400
25348,8815,4746,4746,5727,5727
25349,158,6744,1004,1267,1267
25350,8050,6514,3958,631,681
25351,6726,6205,6205,6205,6205
25352,8869,6038,5727,5727,6141
25353,8298,8483,8070,8070,8070
25354,8243,8901,8901,8901,8901
25355,8243,8703,8703,8243,8243
25356,8614,9009,6262,8202,8202
25357,8131,8418,8479,5253,7918
25358,7860,3412,3371,3564,5959
25359,1194,364,3445,3445,3445
25360,1346,819,7555,376,2298
25361,7859,504,1740,1740,1740
25362,3466,4682,4587,7324,7324
25363,7126,4937,7048,7048,7048
25364,7517,7661,8516,7482,7482
25365,3167,2766,6666,4906,4962
25366,6644,8892,7681,7681,6176
25367,8827,8212,5367,6650,6650
25368,5131,6658,6430,7470,7470
25369,7572,8680,5105,6284,6852
25370,6333,6285,6786,6811,6811
25371,6537,8150,4971,4060,4060
25372,5371,9065,2957,6583,3752
25373,3264,4700,7866,7866,7866
25374,466,8263,7972,1477,1477
25375,8488,4802,4802,4802,4802
25376,8026,4731,5201,4731,5201
25377,1615,886,878,878,878
25378,1714,2298,376,376,376
25379,7164,7173,819,819,819
25380,3423,3105,2614,3469,3469
25381,4278,1833,692,532,532
25382,3484,1633,8037,8037,8037
25383,3168,3690,3076,4484,2478
25384,2448,2805,2805,2805,2805
25385,3314,4236,4390,1070,1070
25386,2311,7754,8896,7131,7131
25387,51,5602,7131,7131,7131
25388,6017,8672,5369,5681,5681
25389,8502,1233,8179,968,8179
25390,7989,7181,7989,8937,7989
25391,7506,6942,6942,6550,6550
25392,8401,8164,9132,9200,7973
25393,9040,7355,9138,7438,7438
25394,6937,7956,7295,7295,7295
25395,8258,8519,8398,8398,8398
25396,8519,8971,7797,7797,7797
25397,2192,8935,1430,8369,1430
25398,4864,7564,8813,5291,9180
25399,6256,6510,7572,4822,6593
25400,6713,5683,7732,6461,8231
25401,3590,844,844,7919,7919
25402,4211,7930,4772,4772,6455
25403,8638,7508,8832,8702,8702
25404,7390,8841,7287,7031,7785
25405,8407,7208,3223,7716,7716
25406,5027,7132,7835,8511,8511
25407,7724,6960,6454,6687,8594
25408,7582,7990,7396,7396,7396
25409,7045,4169,4169,6919,5707
25410,8305,7212,2921,2349,3640
25411,7736,9129,7620,8308,8308
25412,8304,3380,2314,8271,2314
25413,7866,8203,8348,8348,8348
25414,7735,4468,2491,2491,2491
25415,8859,7827,7639,7858,7858
25416,2380,2959,2535,3944,2535
25417,1757,5829,3103,8353,8353
25418,3094,3213,2602,3428,3428
25419,8539,3902,7353,7275,7275
25420,8498,8582,8568,8568,8568
25421,8155,8726,8711,8711,8711
25422,8236,3015,6514,6514,6514
25423,8683,7460,6572,7481,7481
25424,7695,3553,8154,8154,8154
25425,8582,3558,7978,8582,8582
25426,8457,8402,6413,9211,9211
25427,8437,7008,7477,6974,6974
25428,5942,3351,4592,6901,6901
25429,6563,3456,3720,3720,3720
25430,2067,5413,5787,5236,2505
25431,8070,4252,8701,8019,8019
25432,7756,7753,4069,8517,8930
25433,8212,7567,8865,8984,8984
25434,8003,4860,4161,7606,7606
25435,1990,5843,6142,5788,5788
25436,7302,7013,205,9072,9072
25437,3862,8293,3013,3013,3013
25438,8381,2139,1459,7881,7881
25439,4670,2159,891,891,891
25440,8562,8102,7463,7463,7463
25441,8579,8137,1691,7531,9035
25442,8823,6419,135,8621,8621
25443,551,912,1385,641,641
25444,7038,8398,8870,101,101
25445,1281,2058,912,912,912
25446,7112,8530,9062,8133,8861
25447,2199,8662,101,997,997
25448,4280,7937,8802,8085,8494
25449,7048,7237,5077,4937,7645
25450,7996,8489,8069,8069,8069
25451,5434,5075,4757,7103,7103
25452,7104,6838,8362,8362,8362
25453,8697,9042,9152,754,754
25454,7916,8542,7563,7563,7203
25455,8341,8429,8185,8185,8185
25456,9188,2629,8649,8649,8009
25457,7692,8738,8040,8040,8040
25458,8142,9221,8246,7327,7327
25459,8304,6419,8532,7650,8532
25460,7247,7494,8847,7065,7065
25461,4895,2529,4043,8052,2346
25462,4104,8196,8196,8196,8196
25463,4349,8478,7845,5788,5788
25464,7962,8100,7549,8490,7009
25465,9221,8437,5079,7768,6991
25466,8261,8251,8189,7209,7209
25467,3977,7298,8286,8286,7326
25468,7501,1528,7802,9132,7802
25469,6445,8804,7318,7318,7318
25470,8004,4560,8918,8918,7313
25471,4649,6694,6694,4718,6694
25472,8125,3955,7037,9015,9015
25473,8155,7032,7549,8490,8490
25474,8050,3254,7404,7404,7404
25475,7459,7673,7864,8521,8521
25476,8327,9209,7902,8164,7902
25477,8640,8244,8804,7827,7827
25478,7727,6996,8809,8809,8809
25479,8586,3252,8480,8480,8480
25480,7398,4361,2869,2890,2890
25481,8064,7066,7020,7020,7660
25482,2658,2389,3300,3300,4031
25483,7043,5807,3553,6385,6385
25484,6250,5471,3979,6871,3979
25485,222,869,9068,737,3108
25486,8603,7878,357,8083,8083
25487,1597,1445,357,434,2007
25488,7431,8396,6059,8791,8791
25489,7568,7105,8618,6033,6033
25490,9115,7252,5224,8647,8647
25491,3020,4715,5931,5931,5931
25492,1875,8632,7567,1127,8025
25493,2887,908,470,597,597
25494,8726,566,4774,4774,4774
25495,2806,7804,8093,8779,8779
25496,9182,5606,5614,8707,9228
25497,8683,8387,7324,7954,7954
25498,3674,8387,7767,7954,7954
25499,4881,4881,4881,4768,4768
25500,8950,7320,8681,8681,8681
25501,5613,5979,3398,5939,5701
25502,7417,7276,2526,5528,5528
25503,8659,6662,5714,6234,1798
25504,7183,8650,7152,7152,7152
25505,7177,8654,7320,7868,7868
25506,7169,4448,4319,4319,4319
25507,7133,8848,9003,9003,9003
25508,7901,5919,9162,9162,4794
25509,7516,8148,8773,8773,8773
25510,8372,7117,7682,8724,8724
25511,8252,7042,5514,8975,8975
25512,8999,7243,2441,2441,2441
25513,8743,5701,3603,6947,6947
25514,8118,8659,8895,8828,8828
25515,9101,8111,7034,9138,9138
25516,5186,5705,6123,7770,7770
25517,7877,8654,7253,7253,7253
25518,7481,7094,6040,5183,6883
25519,8346,2592,7047,7047,7047
25520,6576,7982,7732,7732,4626
25521,7414,5001,7988,8941,8941
25522,7560,6995,7624,7624,7624
25523,7072,9139,7402,7402,7402
25524,3035,5913,2479,4978,4978
25525,7409,8163,5771,5771,7824
25526,2439,6034,5560,5560,5560
25527,7836,9063,9063,9063,9063
25528,9167,7401,417,7055,5552
25529,209,7245,8615,8615,8615
25530,9102,3859,5264,8744,8744
25531,7806,8931,5046,7744,5046
25532,7350,8997,9094,9094,9094
25533,8991,7329,8888,8616,8616
25534,8292,6986,7367,7900,8555
25535,4131,3267,4223,3024,3024
25536,1594,3445,3689,6414,3689
25537,6439,8590,4864,4864,7327
25538,7640,949,5819,5819,5819
25539,7620,8451,8532,7620,7620
25540,7569,8566,7433,7433,7433
25541,7228,9127,7853,7853,7625
25542,5029,8357,6124,8357,8357
25543,6576,7875,6385,6385,6385
25544,8105,8094,8460,8460,7150
25545,8657,3631,8376,8315,7215
25546,8764,6650,2266,8575,8575
25547,7265,6095,8942,7383,7383
25548,7592,507,1321,1321,1321
25549,7686,1180,870,1116,1116
25550,8313,7038,7038,7038,8805
25551,8762,7378,5483,8047,660
25552,9208,1910,5117,5117,5117
25553,5119,6008,9107,8534,8143
25554,8688,2585,3586,3010,3010
25555,6163,3365,5852,2715,4775
25556,8935,3664,8873,8397,8397
25557,7791,2396,4237,3647,3647
25558,7406,6975,3259,3316,3316
25559,7933,8184,8296,7806,7566
25560,924,10,1017,1995,8554
25561,7871,9232,7654,7654,7654
25562,7424,7228,2325,2325,2325
25563,6990,6953,2395,9148,7154
25564,8211,4130,5475,8651,7586
25565,8665,9128,8113,7024,8113
25566,5556,9179,3466,7645,7645
25567,5884,8026,7849,7849,7849
25568,8534,5907,7020,8640,8640
25569,4259,8510,4279,3581,3581
25570,9134,8535,7252,8584,8584
25571,8647,1883,3130,9086,9086
25572,9034,7238,8113,7841,8113
25573,3852,3977,4167,2621,2621
25574,7378,7005,5816,5962,5828
25575,8493,8012,8493,7839,7839
25576,8796,7957,5857,9197,9197
25577,7149,8239,3637,7600,7600
25578,8187,7479,8217,8540,8540
25579,8407,8407,8407,8407,8407
25580,8571,676,7058,7058,7058
25581,9122,2023,2023,7286,7286
25582,1194,533,2187,2187,2187
25583,7881,6611,8083,7817,7817
25584,8144,8216,8216,8216,8216
25585,8216,8429,8216,7351,7351
25586,7358,8570,7404,7404,7404
25587,8748,1174,8365,8365,8365
25588,7134,5207,4594,7961,7961
25589,6162,8063,8594,5004,5004
25590,7319,7961,5430,7119,7793
25591,7876,8222,4067,6957,7876
25592,9177,8631,7527,7527,7527
25593,6024,8266,5674,8479,7860
25594,7431,5701,9220,9220,9220
25595,5512,7967,2465,2465,2465
25596,8895,8565,9108,8196,9021
25597,8196,8414,5736,7595,8196
25598,5447,4695,8063,8736,8736
25599,9088,8917,7478,7061,7061
25600,7082,7357,7358,7358,7358
25601,7184,8133,8499,8521,8521
25602,9060,8126,7696,7064,8113
25603,660,7261,2156,8856,8856
25604,8923,1804,1505,1880,1880
25605,8012,6944,5417,9124,6944
25606,118,4273,7819,7761,7761
25607,8352,4178,3619,3619,3619
25608,7352,9193,8725,7579,7579
25609,8010,8570,8441,8781,8781
25610,8183,5428,8520,8520,8520
25611,7016,6717,5500,7123,7123
25612,4149,8911,8368,8368,3036
25613,6066,5204,3355,4157,7996
25614,4801,4313,4454,7298,7298
25615,7790,4723,6651,6032,6032
25616,7219,7436,7610,6169,7436
25617,3678,9110,4747,8137,4747
25618,7317,8790,8263,1400,405
25619,5271,7953,5182,4919,5182
25620,8488,8222,8488,7087,9066
25621,7193,8260,5480,999,999
25622,7863,3351,1627,7593,5459
25623,8095,6142,6943,8511,3892
25624,8647,7583,7076,7507,7507
25625,5579,7960,7737,7785,7785
25626,8310,2527,7216,7526,7526
25627,2947,7786,4355,4355,4355
25628,4511,389,518,1136,518
25629,8025,8153,8246,8945,8945
25630,9176,7042,8204,8721,8721
25631,8061,7358,7307,7307,7307
25632,7140,6840,8466,6840,6840
25633,3154,2543,8109,4233,7882
25634,4260,7325,8836,8836,8653
25635,9141,7801,7570,8542,8181
25636,7577,6917,7611,7611,7611
25637,1668,1668,5447,1668,1668
25638,7402,8493,8493,7180,7916
25639,6696,1822,5997,2055,2055
25640,5685,5053,4846,4846,4846
25641,7859,5478,3860,6162,5687
25642,6247,8445,7132,7132,7132
25643,7983,9065,8734,8734,8734
25644,7908,8502,5793,9182,9182
25645,7491,8246,2451,2451,8422
25646,3548,8441,6973,8726,8726
25647,9193,7692,9081,2171,2171
25648,418,1199,2144,2144,1230
25649,5193,2192,5402,5525,5525
25650,9205,6947,8020,7774,8020
25651,7616,4284,9224,502,502
25652,7203,5300,7058,7058,7058
25653,7259,7947,7392,7392,7392
25654,8595,7016,7394,7394,7394
25655,8082,3933,8761,8761,8761
25656,5818,4441,8643,6299,6299
25657,6007,8393,2900,5883,2900
25658,8068,8646,3281,6641,910
25659,7151,8521,7379,5282,5282
25660,2158,1985,14,14,14
25661,558,1994,295,364,364
25662,678,3944,5789,5789,5789
25663,9101,7451,8241,8241,8241
25664,2518,5821,1984,5455,5455
25665,7067,8339,8841,8841,8841
25666,8986,8654,8572,8572,8572
25667,8659,8593,7316,7316,7316
25668,6980,633,6505,7721,7721
25669,7437,6824,4799,4686,4686
25670,1814,1877,2145,1500,1647
25671,7678,8516,3410,8981,8981
25672,9122,9122,4687,4687,4687
25673,4788,6075,6397,5363,6397
25674,7156,5265,9174,8399,8399
25675,8376,8398,7699,8246,7699
25676,8102,7915,7197,9001,8398
25677,3025,7659,7014,7014,7014
25678,7925,4339,8198,3548,3548
25679,8073,3288,8729,9039,9039
25680,8495,8223,6939,4958,4958
25681,6939,8722,5698,5698,5698
25682,8495,4648,8560,8560,8560
25683,8321,6320,87,1587,1587
25684,968,1804,7081,1233,1233
25685,5355,5168,5326,5326,5326
25686,8001,7310,9216,6101,6101
25687,4053,8058,8448,7937,6101
25688,8856,2407,4460,3742,3742
25689,6883,4795,7222,6293,6293
25690,5620,6756,481,763,6756
25691,4123,3355,2534,8886,2507
25692,8910,6205,6205,6205,6205
25693,5221,4916,6006,5630,5630
25694,7015,8864,6514,8760,3325
25695,8793,7761,3847,7795,7795
25696,3892,3804,8631,8653,8653
25697,4776,5686,2639,2639,2639
25698,8945,824,8945,6977,6977
25699,8180,7366,8167,7606,7606
25700,8994,7302,3420,8234,8234
25701,8367,8521,8017,8017,8017
25702,3177,0,3689,7228,7181
25703,7981,8590,8590,8590,8590
25704,8443,9063,6722,7725,3555
25705,3108,621,1447,7028,7028
25706,1461,1111,1111,1111,1111
25707,224,8179,7991,1353,2083
25708,8959,8637,7192,7192,801
25709,1088,1707,1050,966,966
25710,4135,6894,7865,7865,4397
25711,5926,2401,8353,8353,6708
25712,8414,4654,5549,8217,8217
25713,5180,2455,2263,3264,6265
25714,2133,7641,1980,484,484
25715,572,2276,1173,1977,1977
25716,2891,7141,2938,7176,7176
25717,1993,1223,5519,5519,5519
25718,4688,5401,6374,6374,6374
25719,9048,7253,7938,7938,7938
25720,7448,9090,8528,7700,4591
25721,8969,1696,1692,1546,1546
25722,7131,7328,7609,8444,8444
25723,8994,7728,9221,8959,8959
25724,8857,8276,8155,7772,8270
25725,6852,7101,8346,7045,4682
25726,8242,2694,8846,4194,4194
25727,6648,6711,5832,5832,5832
25728,7788,5347,9189,8616,8616
25729,6496,8551,9209,6496,6496
25730,8975,4655,7205,7205,7205
25731,7235,6140,5476,6521,6521
25732,6943,8888,8654,8654,8654
25733,8336,7510,8789,9157,9157
25734,8618,7350,8214,8535,8214
25735,6262,9217,4927,8168,4927
25736,8636,9144,8648,8866,8866
25737,7005,7275,8514,7999,7999
25738,9043,8632,7853,9154,7387
25739,8348,7455,8975,7877,7877
25740,7157,1363,3100,3100,3100
25741,7879,4819,6993,8706,8706
25742,8489,3252,8586,8586,8586
25743,7375,7447,7203,5474,5474
25744,8455,8240,8147,8616,8616
25745,6969,7231,8926,5474,5474
25746,8432,1308,2863,2863,2863
25747,7695,4959,7517,7517,7517
25748,7201,7192,7853,7332,7332
25749,5459,7100,6055,6542,6542
25750,6606,5849,2705,5225,5225
25751,3553,2410,128,6177,6177
25752,6451,5287,5364,5703,5703
25753,5286,7748,5123,5123,5123
25754,3425,8937,8552,8857,8857
25755,8933,4436,4978,7886,7886
25756,6366,4699,4695,6396,6396
25757,5852,5764,3697,6959,6959
25758,4500,2376,7139,3911,3911
25759,4045,3852,3174,7807,3687
25760,8382,8954,4457,4457,7097
25761,2908,8724,6723,2908,2908
25762,7394,7957,6190,8715,8715
25763,5763,6074,3836,4820,5453
25764,3720,5971,4640,6163,6163
25765,9138,8380,8380,8380,8380
25766,8285,8598,8042,9127,7829
25767,6483,2640,8518,5734,5734
25768,8348,7528,8951,8951,8951
25769,8327,8464,9211,9209,9209
25770,8182,413,7495,4697,5375
25771,9000,7459,8058,8279,8279
25772,8048,7046,103,7184,7184
25773,7248,7667,8254,2429,2429
25774,5984,8629,4273,7472,2375
25775,8719,3910,2409,2409,2409
25776,3859,7698,5322,5935,5935
25777,8302,7012,3382,1337,1337
25778,8003,3202,6105,5892,5892
25779,7507,8018,8903,7350,7350
25780,7806,8467,8745,8631,8631
25781,7287,8745,3001,7408,7408
25782,7780,7030,8989,7780,7780
25783,7812,6535,8317,8456,7055
25784,9172,7112,7112,7305,7305
25785,8720,5551,7416,7819,7819
25786,9051,8596,1029,7391,6995
25787,8196,7791,7414,7414,7414
25788,8571,7079,7921,7921,7921
25789,8980,8616,7406,8616,8195
25790,7671,8743,6326,8130,8130
25791,7996,7661,7767,7767,7767
25792,6802,4239,3977,3977,7683
25793,8073,8197,8197,5011,5011
25794,7392,8127,7937,9055,7008
25795,9125,8539,8739,7310,7310
25796,7950,7392,2895,3911,3911
25797,6903,7080,5284,8608,8608
25798,7920,1209,8344,8344,8344
25799,5915,5436,7686,7289,7289
25800,9087,7931,7931,9203,9203
25801,8123,8734,4845,9095,7303
25802,8158,1708,5459,7902,6082
25803,7905,7854,7854,7854,9094
25804,7059,8933,7078,8903,8903
25805,7418,9094,7946,7854,7854
25806,8965,9184,8283,8283,8283
25807,2589,4472,7224,5152,5152
25808,7092,7720,8812,7455,7455
25809,8992,8992,8992,6191,5903
25810,8992,8992,8992,4723,4723
25811,6297,6460,6499,7419,7419
25812,8868,8318,8113,8367,7539
25813,27,4038,3736,8250,3526
25814,774,2202,1039,1962,1825
25815,6541,5478,5701,5386,5701
25816,3494,5130,6343,6343,6343
25817,4259,7493,8511,2563,2563
25818,8687,7209,6083,6083,6307
25819,7341,7679,5815,8403,8403
25820,8271,2803,7138,4437,4437
25821,7135,9199,8244,8244,8244
25822,7275,3959,8809,7543,7543
25823,7188,8190,8739,8739,8739
25824,7776,7581,4655,9207,9207
25825,4655,4655,4655,8430,8430
25826,5454,7731,7978,7674,7674
25827,2854,1627,7673,7673,4437
25828,8591,7573,7589,9058,9058
25829,8157,226,7393,8137,7393
25830,8870,7378,8199,7802,7802
25831,551,2095,7411,7411,7411
25832,7501,7296,7133,7133,7133
25833,8799,1040,7601,6010,6010
25834,8801,4192,7526,7714,6984
25835,8444,5713,8588,8271,7984
25836,6164,8516,8960,5791,8960
25837,7007,8865,7383,5377,5377
25838,7376,7221,8123,8123,3346
25839,2298,7298,1115,1115,8672
25840,8001,6073,2123,6998,6998
25841,8519,7443,8234,6961,6996
25842,7056,8002,4811,4583,4583
25843,4849,4667,6227,6227,3976
25844,8504,5699,7740,6050,6050
25845,8252,8982,8261,8548,8548
25846,7525,7357,6723,8409,8409
25847,8058,9132,5190,5190,5190
25848,8726,8632,8519,7197,7197
25849,7939,2657,2533,153,153
25850,5089,7996,4734,5163,5163
25851,7784,8443,1474,7249,7249
25852,4965,4713,4713,4713,4713
25853,8064,3160,6788,6788,6788
25854,5547,7843,7843,7843,7843
25855,5590,7843,7843,5300,7843
25856,7961,7961,7961,7961,7152
25857,7352,8449,7352,7573,7573
25858,8530,8725,6035,8049,8049
25859,8741,7885,9059,8443,8443
25860,7732,6126,6763,3631,3631
25861,8023,5428,7454,4864,4864
25862,4672,5451,7393,8167,5291
25863,9119,7894,7041,7041,7041
25864,8389,6936,8497,8960,8497
25865,7482,3664,6196,6196,6196
25866,7273,6926,7062,5840,5840
25867,8757,5289,7062,7062,7062
25868,4998,7103,5483,5483,5483
25869,8899,5775,4698,4698,4698
25870,3297,6650,3564,3564,3564
25871,7439,2977,3700,5153,5560
25872,6149,5824,4678,5481,5481
25873,4060,8840,8840,6672,3252
25874,5733,5520,4494,5265,2552
25875,9133,6213,6722,7660,7383
25876,2117,9087,7238,7750,7750
25877,7193,8141,6260,6385,6385
25878,6497,7695,6497,6497,6497
25879,7537,7114,7976,7976,7976
25880,4687,5654,8495,8495,8495
25881,3933,8398,7584,8449,8449
25882,5306,3839,6373,6373,6373
25883,8701,9035,405,7547,7547
25884,8429,5681,8657,5276,7032
25885,9178,8198,8164,8428,7363
25886,9064,8690,8074,8005,7327
25887,1115,8384,8799,8799,8799
25888,7920,7920,51,7757,7757
25889,1893,9170,8718,5602,5602
25890,7517,8124,669,7576,7576
25891,6149,7002,3835,4975,5064
25892,4993,7918,8604,5704,5704
25893,7324,8447,7090,7090,7090
25894,1669,7336,7608,7608,7608
25895,7197,8137,8137,8424,8847
25896,1097,1223,7323,8392,8392
25897,7817,8579,8424,7106,7348
25898,8713,8264,8264,7926,7926
25899,5185,7782,6803,8388,8388
25900,5878,5818,7832,8746,8746
25901,4723,5619,7378,3372,3372
25902,7503,7503,8205,7725,8205
25903,6419,9222,8944,4781,4781
25904,7503,2230,8075,7592,7592
25905,8969,7977,6807,5436,5436
25906,8211,3521,2321,4121,4121
25907,8491,6953,3406,6991,6991
25908,5929,2558,5174,8915,5174
25909,8762,9198,7847,7847,8199
25910,7560,2191,7819,2273,7819
25911,7849,4521,7218,7218,7218
25912,6658,8232,5077,2211,5077
25913,8617,8516,8617,1836,1836
25914,4248,6993,3272,8855,3993
25915,4568,7505,7259,8471,8471
25916,6065,4741,2506,8477,3879
25917,6483,3882,6994,6994,6994
25918,7274,8127,7451,7451,7451
25919,9033,8303,8927,6255,6255
25920,2888,4715,4437,4437,4437
25921,5061,3848,5754,6416,6416
25922,4644,7984,8771,8156,8156
25923,4411,8806,8586,7303,7303
25924,4156,7051,7449,7449,7449
25925,8586,3004,6993,5696,5696
25926,7781,8299,7257,8373,7257
25927,7386,2184,1109,1109,1109
25928,6797,3513,6329,7428,2658
25929,5130,7730,6393,4800,4800
25930,3054,4111,4107,4748,4748
25931,5521,2733,8087,8087,8653
25932,8235,8880,9133,8880,8880
25933,7503,7555,4191,7862,8713
25934,5666,8967,5456,4821,4821
25935,7731,7455,8437,8505,9154
25936,9207,9207,9038,9038,9038
25937,7731,8490,7357,7731,7083
25938,2461,4557,8574,8574,8574
25939,8527,7841,2421,8857,2421
25940,1502,8101,7234,7234,7234
25941,3331,7870,7728,8399,8399
25942,7133,7169,2716,3532,3532
25943,7956,9002,7956,7332,7332
25944,6544,8680,5554,5554,5554
25945,3674,7204,7457,7711,4060
25946,2387,6959,9143,6959,6959
25947,9215,7099,2857,7716,2857
25948,4978,8479,7093,7208,7208
25949,8455,7889,9042,9042,9042
25950,8115,7019,8115,8115,8019
25951,7365,7332,7169,7169,7169
25952,3697,8880,9090,9090,9090
25953,8834,9022,7474,7556,7556
25954,7698,7024,2949,5061,2574
25955,9111,6400,681,9109,9109
25956,8578,2313,5565,5565,8259
25957,3359,7946,8510,8510,8510
25958,8291,8136,8783,6940,6940
25959,7013,5588,4672,7013,9180
25960,2126,2126,8519,7197,7197
25961,8551,9232,7635,8483,8483
25962,6988,5449,5054,9086,9086
25963,7431,3679,8411,8411,8411
25964,7685,8033,8877,8396,8396
25965,8695,8195,6781,6140,6140
25966,2788,8245,8653,8653,8653
25967,5447,8130,5736,8168,8168
25968,7910,8791,4178,6099,6099
25969,9070,8084,4694,1647,1647
25970,8118,7965,3589,7916,7916
25971,8708,3706,6745,6777,8221
25972,7250,8294,1065,2277,2277
25973,7482,6704,7342,7342,7342
25974,2962,8095,8550,8550,8550
25975,7918,8455,6948,8836,8836
25976,8214,3397,6963,9227,6963
25977,8803,8191,2799,7309,2799
25978,6986,7634,8545,3147,3147
25979,7349,9235,7664,8986,8986
25980,8642,7946,7957,7666,7666
25981,7653,8031,7801,7809,7809
25982,8642,8020,8654,7921,7921
25983,8642,7244,9217,8354,8354
25984,8191,7664,7816,7664,2309
25985,8748,8052,8511,8511,8511
25986,7150,6034,5935,5935,5935
25987,7798,6500,8432,2937,2937
25988,7279,8166,6649,6649,6649
25989,7595,5517,3045,8105,3045
25990,8604,7287,7037,7163,7163
25991,2675,3376,2408,4261,2408
25992,6282,8539,8043,7662,7662
25993,8160,8244,7471,7738,8244
25994,8809,8809,8582,7978,7978
25995,7290,8713,8519,7131,7131
25996,7212,7016,9225,8448,8588
25997,8822,8741,560,7784,8590
25998,8583,3471,3742,5585,8372
25999,8585,8081,7061,7314,8005
26000,7951,7396,6720,8236,8236
26001,7033,7033,7978,7978,8160
26002,8739,9178,6612,6612,8251
26003,7450,7867,7275,8491,8491
26004,1427,7101,8955,2630,2630
26005,8879,7923,7915,7915,7915
26006,7770,2956,8413,7619,6824
26007,8034,7357,7989,7712,7712
26008,8406,8804,3535,3535,3535
26009,8608,7528,4630,8831,8831
26010,6971,4981,8810,6381,6381
26011,4784,7949,6952,6746,4847
26012,7629,7995,7343,6468,6468
26013,8426,8407,8795,8795,6947
26014,8330,7039,8555,8555,8555
26015,7152,8659,8695,8782,8782
26016,8545,8217,8320,7811,7811
26017,7076,8991,7473,7473,7473
26018,8675,6262,4976,5512,5512
26019,8100,9228,9128,8017,9128
26020,2533,2703,560,681,4401
26021,1466,2156,1861,1861,1861
26022,7778,2829,8617,1170,8617
26023,5732,5378,3280,3280,3280
26024,6779,3664,7354,7354,7354
26025,5342,7783,7229,8348,6503
26026,7357,6769,6568,4774,4774
26027,5427,9196,7908,8343,8343
26028,6946,7533,7540,7540,3693
26029,2567,8455,8033,8836,8836
26030,9144,3769,8648,8648,8648
26031,7099,5979,8991,8584,8584
26032,2791,5922,4611,5736,5736
26033,5590,8163,6839,6372,6372
26034,2465,7244,8743,7150,7150
26035,5671,5730,5220,5220,5220
26036,8446,9185,2733,9227,9227
26037,5108,5758,7345,7345,7345
26038,4353,4478,7876,2385,2385
26039,7199,6960,6960,6791,6791
26040,7780,9043,7721,3314,8213
26041,8693,7707,4853,736,736
26042,4698,7610,8762,7610,8762
26043,7317,7165,7165,7673,7673
26044,7897,7782,7238,8913,7489
26045,8812,9039,8363,8363,7131
26046,8991,8240,7287,7899,7899
26047,7031,8240,7899,7331,7899
26048,7037,7651,8339,8339,8339
26049,8125,7175,4524,3599,3599
26050,9130,8697,6933,7287,7287
26051,8555,7785,7946,7946,7946
26052,2829,7126,7074,7592,8538
26053,551,49,690,7297,17
26054,6127,5480,8431,5311,5311
26055,7259,7057,7057,7057,7057
26056,8333,7433,7464,7464,7464
26057,7057,4487,7224,7738,7738
26058,8600,6992,7900,7745,8187
26059,8642,8438,8623,8948,8948
26060,7119,7039,6781,7745,7745
26061,3448,8268,7736,8271,8611
26062,3425,8034,7720,9169,9169
26063,7042,7290,4213,3965,3920
26064,2376,4423,8688,681,681
26065,7553,6848,6302,5935,5935
26066,3237,3620,8620,7863,7863
26067,5452,8937,7844,5452,5452
26068,8003,4332,1926,2259,2259
26069,7131,7465,3108,8200,8371
26070,568,40,543,543,543
26071,6532,3101,8093,6439,1872
26072,8530,7131,2937,8805,7851
26073,5319,4806,6618,7209,7209
26074,8552,7937,8216,8042,8042
26075,7543,2908,4487,2714,2714
26076,8104,1252,7927,7810,7810
26077,264,1754,484,484,484
26078,7810,8626,9176,9176,9176
26079,7725,8987,7167,7167,7167
26080,3108,779,1861,1347,436
26081,773,2074,686,686,686
26082,8240,7163,7486,7163,7163
26083,4445,3795,9004,2356,9004
26084,8557,5003,3267,5046,5046
26085,9130,8484,8358,8289,7987
26086,8446,9217,7316,6781,6781
26087,7540,7560,2675,7300,7300
26088,8068,5029,7790,5174,5988
26089,8883,8525,7281,7281,7957
26090,8978,5003,5211,5551,5551
26091,7303,7347,7544,7500,7500
26092,8065,8092,7539,8703,8703
26093,8385,7712,6707,9059,9059
26094,8947,6943,7206,7653,7653
26095,8095,6821,8828,6781,7175
26096,8087,5474,5979,7663,7663
26097,5851,8226,8929,7372,8929
26098,8278,6973,8940,8940,8940
26099,1295,7770,6264,9066,9116
26100,7208,7031,9075,8654,8654
26101,7329,8184,8748,7174,7174
26102,1959,9224,7200,9014,9014
26103,6428,8568,8507,7364,4437
26104,6488,7864,9213,9213,8236
26105,7970,7272,8315,8315,8315
26106,6474,7877,4605,4605,8442
26107,9045,9028,8231,9181,8804
26108,7045,8771,7682,7682,7682
26109,7203,7809,7183,7285,7285
26110,7158,7603,5512,6836,8998
26111,7550,6332,8018,7208,7208
26112,8663,8579,967,831,775
26113,8527,9028,8548,8548,8548
26114,7289,8374,8374,8491,8491
26115,9094,8273,6946,7896,7896
26116,8054,6454,3773,3703,3364
26117,8134,8288,8134,7408,7408
26118,956,543,7503,7503,7503
26119,9046,4905,6461,5265,5265
26120,8538,543,1964,7725,7725
26121,7792,8873,2625,2625,4016
26122,7257,3717,2511,2487,2565
26123,7822,7822,8236,8123,8236
26124,8361,3590,7768,8197,8448
26125,8811,2013,8532,7215,7215
26126,5157,5854,9018,9018,9018
26127,6879,7072,5404,6203,6203
26128,999,7641,7641,8379,7641
26129,5676,3157,5417,5417,5417
26130,9001,9001,101,101,1249
26131,9001,8988,4613,4613,2268
26132,7539,5123,8412,7884,7884
26133,7699,5868,6707,7021,8968
26134,1857,8843,7126,205,205
26135,7846,8049,3008,8621,7846
26136,1495,1794,1949,1949,1949
26137,1127,2232,7040,8483,8483
26138,7192,16,18,18,18
26139,8113,7295,6895,3621,7855
26140,7030,9034,7828,7949,7949
26141,7855,2429,7947,5667,5667
26142,7858,8295,7679,7679,7679
26143,8726,2945,2945,8521,8521
26144,6049,2477,4493,5002,8536
26145,8718,8034,8364,8364,8364
26146,8896,8422,2530,2530,2530
26147,8246,7357,8441,8280,8280
26148,3488,6081,8350,8350,8350
26149,2711,3808,2623,3938,3938
26150,8540,8162,8578,6555,4709
26151,8323,989,5924,1977,1977
26152,3780,7139,8959,4513,4513
26153,8587,6718,8003,5906,5906
26154,4844,6063,4587,8981,8981
26155,3738,5655,4454,4763,4763
26156,4210,5993,6950,6950,6950
26157,7585,6257,3288,7227,7227
26158,8472,6711,8321,8143,4025
26159,7553,8594,5660,5660,5660
26160,8690,8442,842,1796,1796
26161,6801,185,7118,821,7775
26162,8376,6725,5664,5664,5664
26163,3217,8473,9105,5475,5475
26164,707,4443,268,4443,268
26165,1945,228,2184,3983,3983
26166,6620,5750,7611,8414,8414
26167,3619,4185,7687,6471,6622
26168,9005,8977,3045,7300,3045
26169,8009,3564,9045,9155,9155
26170,8806,8126,8126,8153,8153
26171,7424,8767,8716,9084,8716
26172,7551,8989,4080,3202,3202
26173,9105,3364,8202,3146,6487
26174,7641,3669,8360,8716,8716
26175,8117,7335,8101,8101,8101
26176,8262,789,3141,224,224
26177,7709,8117,2421,2421,2421
26178,3697,7491,7876,9125,9125
26179,8773,7426,8425,8425,8425
26180,7393,9194,8779,7877,7877
26181,7165,8173,7168,7168,7168
26182,7511,7627,7627,7376,7627
26183,7627,7627,8979,7797,7797
26184,565,4890,5854,4353,8513
26185,8865,7348,8609,7846,7846
26186,7411,8173,1209,1252,7069
26187,8553,5221,5155,7803,7803
26188,1976,6069,8953,3557,3557
26189,8119,8744,6321,8136,5485
26190,6956,6935,8597,8952,4016
26191,7262,8530,8452,8443,7888
26192,8370,912,7833,6968,467
26193,7676,8991,7676,7420,7420
26194,8784,8336,7809,7266,7266
26195,9014,7158,8031,8991,8991
26196,6963,7907,8450,8450,7242
26197,7961,7638,7963,7963,7963
26198,7187,7591,7907,8698,8698
26199,8734,7848,7767,7296,7296
26200,836,2139,1606,1729,1729
26201,7295,8375,8376,8246,8246
26202,7082,8025,8157,7307,8157
26203,9035,8264,8345,7515,7515
26204,9180,8344,6935,7212,7212
26205,8309,51,8050,8566,8566
26206,9064,8491,7990,7333,8096
26207,7423,8703,8532,8532,8690
26208,5108,4768,7368,8319,8319
26209,8677,7635,9174,9201,9201
26210,6027,7626,5767,6667,6667
26211,8957,7184,8559,7184,7184
26212,7387,8216,9043,7829,7829
26213,51,1907,748,8678,8678
26214,7755,6039,7055,3173,3173
26215,6561,8123,5456,5456,5456
26216,5378,4591,4591,4591,7136
26217,1883,9018,2636,2636,2636
26218,7823,4914,8182,8402,8402
26219,8312,8537,7506,8527,7699
26220,207,2450,2912,4320,4320
26221,8385,6461,3351,3351,5105
26222,7732,3385,7732,7732,7732
26223,8376,1385,1385,1385,1385
26224,3110,4136,1502,2925,2925
26225,1177,1547,1834,1834,1834
26226,7450,3076,7284,6236,6236
26227,9231,7885,773,773,773
26228,7821,7784,7784,7784,7784
26229,9230,8069,8069,8069,8069
26230,9149,6923,8165,8165,8165
26231,2107,1914,767,1233,1233
26232,3775,2588,3907,3289,4190
26233,7287,8535,8351,8351,8351
26234,7149,3016,2600,2543,2600
26235,8175,5664,4827,6637,5587
26236,2700,5851,8360,5794,8360
26237,4991,4852,5575,3259,4991
26238,7358,7511,8530,8530,8001
26239,8143,7515,7973,7973,7973
26240,4106,6253,1291,1291,1291
26241,8556,8555,7611,6131,6131
26242,7385,8339,7774,2498,2498
26243,7195,3133,3628,8668,8668
26244,8573,8983,4917,8769,8188
26245,8059,8891,9004,9004,9004
26246,7325,7421,7591,1320,8783
26247,4507,8772,2387,8309,8309
26248,8388,2214,5496,5496,5496
26249,2902,4807,9024,3979,3979
26250,870,7226,2562,2562,2562
26251,6611,3956,3956,3956,3956
26252,5378,8283,3352,8453,8453
26253,7377,8031,7331,8031,8031
26254,4032,3154,5485,6620,6620
26255,1259,8939,8491,7357,7357
26256,7390,7031,8227,9100,9100
26257,8600,7421,7685,7685,9188
26258,7907,7390,8759,8681,8681
26259,8229,8010,7033,7033,7033
26260,8242,8706,9206,9206,9206
26261,8729,8491,9048,9048,9048
26262,2776,8003,3911,2924,2924
26263,9017,512,7757,902,6141
26264,7151,1345,1085,1331,1574
26265,91,8960,7974,7974,7974
26266,7085,7045,8942,8942,6887
26267,8832,6497,3674,7023,7305
26268,7304,4401,7929,7929,7929
26269,7768,8765,9027,9027,9027
26270,7867,8199,8943,8943,8943
26271,7677,8974,3843,7699,3143
26272,8246,7378,7182,7182,7182
26273,7348,6995,8702,7876,8702
26274,6989,6984,8402,7054,7054
26275,7962,7394,8361,7501,6047
26276,7358,7734,6935,7064,7064
26277,7950,1774,7298,7298,7298
26278,2478,2680,3508,7975,7975
26279,1040,8854,4979,4979,4979
26280,4305,7062,7645,7645,1469
26281,6187,5291,7495,7495,7495
26282,963,970,1501,1104,1040
26283,7970,8398,7106,7106,7106
26284,7511,8834,7850,7850,7850
26285,8961,697,1054,7747,7747
26286,7601,8363,7038,8363,8741
26287,8486,7564,8173,8173,7131
26288,7659,8805,8805,8896,8896
26289,8473,5923,7164,8387,8387
26290,3485,2354,5918,4357,3485
26291,7808,5133,8154,8317,8317
26292,7695,7661,7085,7085,7085
26293,7986,3726,2124,2111,2111
26294,7492,9163,7368,8193,6483
26295,7087,7999,7087,8160,8160
26296,7227,8043,8711,8711,6702
26297,9149,4916,6705,8755,6705
26298,8002,7722,8137,8137,8137
26299,7289,7289,3828,8521,8521
26300,7184,4698,7357,7357,7357
26301,8801,3269,4400,1409,8403
26302,4900,7028,8767,9029,9029
26303,3842,3288,8348,8348,8348
26304,7761,7876,6835,8250,8250
26305,9164,8479,8245,8245,5517
26306,5636,4560,3397,2813,2813
26307,2856,2847,4901,5303,5303
26308,4759,7494,7494,7494,8929
26309,4474,3626,3674,2812,3930
26310,7064,6881,8461,7366,7366
26311,3902,5912,7718,7718,7718
26312,5482,9182,5083,5866,3087
26313,8641,7577,5613,5613,5261
26314,6231,8918,8927,5447,5447
26315,7267,8332,4843,4843,8004
26316,8477,7752,5768,8384,8384
26317,4118,7944,7669,7669,7669
26318,7528,3004,7913,7913,7913
26319,1681,6597,4809,1738,1738
26320,9191,8254,8226,3728,3728
26321,7890,8157,7017,3453,7515
26322,6558,1337,46,6919,5552
26323,2358,7334,8774,8774,8774
26324,1430,7557,8621,8979,8597
26325,7367,8933,7961,8933,8933
26326,6189,8352,6821,7180,7180
26327,7967,5891,7279,8274,8274
26328,4302,7047,8985,6627,6627
26329,1346,1597,495,1368,1368
26330,5468,5154,4603,8015,8015
26331,7557,7781,8984,209,209
26332,7192,7931,7750,7750,7750
26333,7777,7055,7007,7589,7589
26334,2968,2929,6541,2966,2966
26335,3975,8630,4238,3580,4224
26336,7578,4009,2598,2351,3078
26337,7787,6603,6894,8219,3619
26338,6158,5125,5467,5764,5467
26339,5358,7570,8618,7361,8618
26340,4200,3141,3032,3899,3899
26341,7909,6264,6558,6558,4291
26342,4229,7443,8976,2559,4449
26343,526,5467,2624,2624,8646
26344,6812,8154,6485,8740,8551
26345,7556,2156,8703,8361,8361
26346,4965,8688,5070,5070,5070
26347,888,3706,2601,6217,2601
26348,8328,5295,6804,2476,2476
26349,6611,7109,7911,8516,7911
26350,8069,719,2755,2755,2755
26351,8373,7218,7126,1380,1380
26352,8272,8919,4188,3057,3057
26353,7760,8245,2930,8087,8087
26354,7568,5467,8446,8446,1638
26355,5959,5605,5090,5090,6008
26356,8198,8554,8554,5550,8554
26357,5854,5480,5720,5607,5720
26358,7673,6171,6806,8808,8808
26359,4538,6039,5668,4758,4758
26360,7501,2541,8808,7323,8692
26361,8497,7277,8960,9039,9039
26362,2553,9203,6260,6260,6260
26363,2447,9078,9078,7878,7878
26364,7712,7407,7637,7637,7637
26365,7042,8664,7531,7531,7531
26366,8568,8813,2831,8302,2831
26367,8848,8848,1656,3036,3036
26368,8979,4998,8685,7197,7197
26369,4456,7372,8930,8073,2385
26370,8770,6534,8722,8722,8722
26371,9170,7565,8156,5101,8735
26372,8231,7428,3717,3717,3717
26373,7761,3203,196,235,235
26374,7135,5855,7109,6035,6035
26375,6743,5929,3167,3167,6883
26376,3247,7931,8372,8372,8372
26377,6980,4352,2964,8031,8354
26378,4437,7311,5585,3123,3123
26379,9218,7145,7772,7145,7145
26380,986,7734,7501,7501,7501
26381,8367,8979,7584,7856,7856
26382,9055,7364,8383,7597,7771
26383,8847,4187,4745,4745,4745
26384,6989,4743,6907,6282,4923
26385,1172,3036,8473,7545,7545
26386,8541,5038,5633,5633,5633
26387,7797,7740,7689,7342,7689
26388,7303,7303,7303,8197,8197
26389,7303,3173,7303,8621,8621
26390,8885,4478,4277,8319,8319
26391,5123,9048,7346,8189,8189
26392,194,868,2299,1631,1631
26393,1329,149,1371,1022,1022
26394,5255,5255,7715,7715,7715
26395,8760,8886,4123,4123,2534
26396,4318,4887,5771,2296,2296
26397,1249,947,7810,7810,7810
26398,8943,7135,4302,7952,7952
26399,8847,7247,7932,7932,7932
26400,7165,8621,7699,6935,8930
26401,7518,6961,7637,1501,2224
26402,1983,8039,3546,8662,8662
26403,2667,6642,8492,3297,3297
26404,8263,7972,8263,8263,8263
26405,1627,7213,8524,3202,3202
26406,7379,7677,7379,7379,7379
26407,8490,7990,8637,8637,8637
26408,7379,7176,7379,7379,7379
26409,4794,1585,8617,8617,8617
26410,9162,7561,7395,7395,7395
26411,5791,8154,8628,9119,7023
26412,4596,6748,4900,4900,4900
26413,8755,6038,781,781,781
26414,5385,5583,5733,5733,5733
26415,2531,857,1959,1959,9224
26416,3647,3157,4382,4382,4382
26417,7086,6087,5861,7487,7487
26418,8279,7458,7928,1708,1708
26419,6837,5391,6977,6977,6977
26420,8817,8267,8739,8739,8739
26421,8244,8043,7978,7275,7275
26422,8804,8920,7275,7275,7275
26423,9028,3631,9181,8539,9181
26424,8052,7835,7595,7595,7595
26425,8927,8479,6821,8396,8396
26426,7967,2947,4463,3054,2577
26427,4260,6943,8986,8986,8986
26428,8623,7180,7745,8020,8798
26429,7375,7203,7809,8188,8188
26430,8346,4838,4038,6932,6932
26431,7422,2492,7398,8113,8725
26432,7296,8586,4682,4682,4682
26433,3319,2798,2727,4497,4497
26434,7349,2853,8616,8616,8616
26435,8434,7905,6086,8434,8434
26436,5594,6900,7202,7202,6900
26437,594,7285,1192,7795,7795
26438,7267,9118,6608,4925,4925
26439,7067,7244,7816,8556,8556
26440,7127,9225,7716,8558,8558
26441,8191,7037,7653,9098,9098
26442,7096,8867,7634,8852,8852
26443,8496,6963,7744,7634,7634
26444,7801,8112,7563,7563,7563
26445,8481,1204,7233,1018,1018
26446,3237,5864,6104,8319,8319
26447,6094,8250,6094,6094,6094
26448,7519,8137,7564,5071,5071
26449,7262,8176,8262,6956,8262
26450,2031,658,1498,1498,1498
26451,2475,5030,2426,8028,5003
26452,4134,9128,7143,7346,7346
26453,8308,7247,8318,7884,7884
26454,9156,7170,1800,7056,8719
26455,8574,8481,8134,8112,8112
26456,1429,1196,1029,5699,5699
26457,7040,8898,7393,7311,7311
26458,7323,5639,8967,8967,8967
26459,8899,6502,5670,6508,6508
26460,7734,9154,8126,8126,8126
26461,6445,7804,9194,6937,7912
26462,7699,5231,7912,1850,1850
26463,7577,3146,4449,9017,9017
26464,5062,2385,7146,7912,7912
26465,6237,9027,8379,8135,7959
26466,9197,6131,6838,6838,6838
26467,5001,5027,5425,8282,8282
26468,7535,5055,7202,7202,7202
26469,8129,6268,8744,5615,5615
26470,3738,4723,3720,6517,5837
26471,8894,5970,9158,9183,9183
26472,8494,8588,7009,3523,2382
26473,3794,8055,7379,9123,9123
26474,7804,5693,5811,5811,5811
26475,7660,6939,6458,7610,6458
26476,8010,7370,7725,2482,2482
26477,7561,7680,8984,8452,8452
26478,8908,8806,7770,4977,8638
26479,6057,1248,3811,7226,7018
26480,8218,7115,8160,8160,8160
26481,6354,2847,6152,4807,4807
26482,3205,3565,9106,5184,9106
26483,8574,8969,6628,8767,7753
26484,7668,8526,5320,3264,3264
26485,7668,205,737,7167,7167
26486,8952,6278,8944,8621,8621
26487,322,52,290,219,219
26488,9045,7484,7928,7928,7928
26489,8081,61,903,1797,1797
26490,3270,7629,6199,7943,7943
26491,7680,669,8770,8463,8463
26492,8869,4248,789,789,789
26493,879,1428,1428,1428,1428
26494,7462,3630,7897,7897,7897
26495,7135,7897,4437,4437,4437
26496,8624,7198,8790,5723,8790
26497,5728,8306,5236,5993,5620
26498,8002,8002,6658,6658,6658
26499,9221,7519,5137,5137,5137
26500,1394,1016,7620,7620,7620
26501,364,8113,1326,1642,1642
26502,8177,6493,8808,3929,3929
26503,7176,8207,9027,6990,6990
26504,2173,8277,9110,7941,7941
26505,2101,4440,6864,8785,8785
26506,7246,5349,5349,5349,5349
26507,7470,5568,4933,6697,6697
26508,9033,6197,8794,8794,8794
26509,8809,8881,5624,8333,8333
26510,8957,7044,7966,1575,6032
26511,8742,7633,5854,7004,7004
26512,171,2269,2034,1034,1034
26513,7683,6579,4987,4987,4987
26514,608,7542,7627,7627,7627
26515,253,1005,918,1587,2299
26516,1746,8422,7314,7318,7094
26517,8246,7335,8126,453,453
26518,1657,2013,8381,7519,7519
26519,7411,8293,8246,8375,8375
26520,8371,8302,9048,5328,5328
26521,8277,8741,8010,8010,8010
26522,9072,7561,8419,7561,7343
26523,4829,5970,6845,6845,9054
26524,5042,2342,6098,6926,5841
26525,5119,5151,5271,5564,5258
26526,8521,6977,7753,8341,7753
26527,1146,8163,8771,8156,8156
26528,5356,8729,8724,9029,9029
26529,3466,4844,9179,7509,7509
26530,5197,6669,7996,8810,8810
26531,6936,8541,9203,9203,6950
26532,2259,2130,4338,4338,4338
26533,8099,8935,7925,9176,9176
26534,8173,7864,9039,9039,9039
26535,2224,7465,937,8172,937
26536,7620,7511,8001,7705,7705
26537,1899,1239,381,1095,381
26538,8236,6632,6270,6270,6270
26539,8944,8944,3288,7022,7022
26540,9195,8664,8049,4959,4959
26541,7445,6939,6061,6061,6061
26542,5503,7386,8855,5295,5295
26543,6579,8163,6976,6976,6976
26544,8159,8247,4248,8247,8247
26545,8247,8247,8247,8247,8247
26546,6051,8247,5691,5691,8247
26547,8156,7083,7877,7877,7877
26548,8905,8905,8415,8630,8630
26549,8226,6960,9051,7359,9051
26550,4332,8713,5604,3436,3436
26551,8346,7571,8197,8395,8395
26552,6953,8729,6008,8085,8085
26553,6915,7062,8816,7062,4305
26554,1459,5335,6746,6746,6746
26555,7660,6976,6736,6736,6736
26556,7604,8668,9006,9006,9006
26557,6969,1798,7570,7570,7570
26558,7907,7540,6555,5449,5449
26559,7432,8291,9075,9142,7793
26560,8659,5549,5972,7110,7110
26561,8909,7053,9102,7127,7127
26562,7126,8530,9081,9081,9081
26563,7618,4531,7633,7758,7758
26564,5569,3977,7318,5718,5718
26565,8968,3254,7240,7404,7404
26566,7847,8428,7568,7923,7923
26567,7333,6960,8243,8243,8243
26568,8707,4758,3008,3008,3008
26569,4841,8113,3660,8742,2421
26570,6039,5742,7135,5176,4862
26571,7713,7332,7365,7365,7365
26572,7643,7225,1354,4331,1354
26573,8097,8632,8858,8262,8262
26574,7845,7402,6353,6353,6353
26575,8004,5226,6001,7078,6001
26576,7845,9217,4877,8354,8354
26577,8661,5601,7271,4406,7271
26578,6560,5446,4596,7410,7410
26579,6779,5107,7743,5349,5349
26580,7346,8724,8335,9055,9055
26581,8521,7034,7387,7084,7084
26582,7346,8058,5933,6695,6695
26583,4193,5896,5529,5529,5529
26584,7079,7377,6371,6371,6371
26585,8360,8356,7250,7011,7011
26586,8928,8049,8725,8725,8725
26587,5204,3995,2324,3332,2324
26588,3169,8840,8391,7468,7468
26589,7037,8891,8980,8838,8838
26590,9070,6946,3804,5800,5800
26591,3584,8841,7430,8020,8493
26592,3920,7909,6709,8993,101
26593,7378,5293,7499,7499,7499
26594,3364,2910,4372,4372,6921
26595,6858,6220,7690,7690,7690
26596,8196,9042,4064,4064,9042
26597,8623,8105,4272,1573,6673
26598,8419,7197,8930,7197,7197
26599,1714,3900,3900,3900,3900
26600,7541,7489,2451,7544,9039
26601,7132,8973,8358,8358,8358
26602,8641,8681,7513,3412,3412
26603,2309,6536,8450,9144,9144
26604,7983,7065,8218,7112,4076
26605,8512,7169,7588,3300,2970
26606,7609,7449,7368,7368,7368
26607,8229,7727,7884,7884,7884
26608,8048,5485,1122,1122,1122
26609,4598,2702,2898,2314,2640
26610,7929,9056,8588,8588,5089
26611,7978,7830,9018,7032,7032
26612,7625,5296,8544,8544,8544
26613,748,189,51,51,51
26614,7368,6076,8286,8993,8993
26615,9022,7239,8380,8380,8380
26616,8342,7009,7009,7830,7830
26617,7333,9228,9228,7752,7752
26618,7502,1861,1201,9017,9017
26619,7364,8344,2115,8153,8097
26620,7588,9176,951,951,951
26621,7863,7897,4433,4433,4433
26622,8108,7496,7563,7563,7563
26623,8852,8675,8691,7096,7096
26624,4877,8446,6231,8446,8446
26625,7355,9213,7268,7268,7268
26626,701,701,663,1797,238
26627,7013,7327,8422,8422,8422
26628,7456,5436,6999,6999,6999
26629,8734,7568,8432,8432,8432
26630,7253,6960,8449,8449,8449
26631,8397,3591,3728,2676,6013
26632,2484,3199,7060,7060,7060
26633,7698,6198,417,8371,8371
26634,7174,8240,7174,8919,8919
26635,8268,3329,7331,8874,8807
26636,7774,9161,8573,8918,8573
26637,5701,8163,8933,8933,8933
26638,4338,1765,2813,5847,5847
26639,5713,6666,4945,6460,6460
26640,2434,3414,5226,5818,5818
26641,3549,6941,8809,9028,8829
26642,6071,8699,4915,5771,4915
26643,9130,5027,7785,7208,7208
26644,8217,8307,8623,6190,6190
26645,8396,8736,5590,5590,9205
26646,4514,7043,4538,4538,2445
26647,7258,7125,3901,3901,3901
26648,8736,4104,3398,3419,3419
26649,8735,3177,7841,7841,7841
26650,7919,6028,6028,7588,6028
26651,5002,7478,8111,7650,7650
26652,3316,3960,2351,2351,2351
26653,7803,6454,6348,3678,3678
26654,7228,3532,4473,2446,2446
26655,8636,9144,7280,4633,4633
26656,7058,5972,8643,8643,8643
26657,8140,8320,8558,8558,8558
26658,7158,5224,8496,8867,2726
26659,6189,9070,7006,7006,7006
26660,6429,7202,4532,5565,9215
26661,6931,8179,2484,4343,4343
26662,7138,7138,6962,7396,7396
26663,8372,2922,8376,8376,8376
26664,9220,8106,8949,8168,8949
26665,7843,7843,7843,7843,7843
26666,4008,7232,7195,7195,7195
26667,9186,8262,7588,2463,2463
26668,6990,8519,8371,3453,7108
26669,7894,860,247,7157,7157
26670,8191,9015,7671,8555,8555
26671,7325,5887,7111,4956,4956
26672,7676,8654,7208,7315,7315
26673,7198,7317,7253,8719,281
26674,9199,7019,7711,4060,4060
26675,5370,7852,5555,5555,5555
26676,9190,7378,8311,7681,7681
26677,1419,1538,7370,8820,669
26678,2230,6956,9063,9063,7052
26679,1187,7069,1746,1746,1746
26680,7640,2708,226,7370,7370
26681,1469,1730,912,669,669
26682,8137,5564,2705,5542,5542
26683,3466,5201,8763,8763,8763
26684,6318,5843,3351,3351,3351
26685,350,8025,8713,8713,1089
26686,7345,6937,9201,7194,222
26687,7021,3101,8264,7126,7126
26688,7901,8395,8833,7101,7101
26689,7901,7296,7767,7508,7508
26690,8621,2174,1204,8563,8563
26691,9193,7885,9062,8305,8305
26692,7890,7255,9126,5826,4799
26693,3079,3827,5586,8122,8122
26694,7097,7599,9155,6924,7549
26695,8735,6356,5176,8156,8156
26696,8735,7629,7471,4020,4020
26697,9095,8356,8771,7964,7964
26698,8321,7768,6688,4538,6874
26699,5018,7814,8699,6672,6672
26700,7551,6123,5837,5837,5837
26701,8135,7214,8773,7918,3276
26702,4077,2089,3787,2089,2089
26703,560,6961,4969,7601,4726
26704,8900,8904,7658,8176,8904
26705,3993,4751,5448,6073,6073
26706,8008,6542,5919,6021,6021
26707,8440,7847,8624,8548,7253
26708,8787,7363,7271,7695,8915
26709,4947,9090,4645,4645,4645
26710,5698,8674,7445,7680,5077
26711,6133,2902,4720,4720,4720
26712,6284,8815,3639,5407,5407
26713,8515,6070,5666,6227,6227
26714,5869,6271,4769,4769,4769
26715,153,2524,9125,9125,8071
26716,5959,8873,3631,7121,7121
26717,8908,7531,7220,8908,8624
26718,7509,6061,5042,5042,5042
26719,8996,8516,4628,8447,8447
26720,8405,4628,5489,7258,7258
26721,9175,8734,8121,8121,8121
26722,7438,7884,7478,8959,8959
26723,702,8916,9032,1117,1117
26724,8752,678,5789,5789,5789
26725,7188,5508,8767,8767,8767
26726,1605,1450,3576,3576,3921
26727,9009,3511,8651,8651,7099
26728,7147,7835,9057,9057,9057
26729,2793,6026,6129,6129,6129
26730,5912,3384,7395,7395,7395
26731,8111,6568,5954,8772,8772
26732,7832,5605,6406,2542,6406
26733,4410,1348,6622,6622,6622
26734,9067,9041,8970,7067,7067
26735,8691,8768,8134,8134,8134
26736,6070,8527,6070,5683,5683
26737,6270,7196,6791,6583,4332
26738,8605,9149,4758,6845,6845
26739,7804,7446,3020,3433,3194
26740,3233,3946,2519,3177,3177
26741,8711,9155,9010,7379,7379
26742,7992,8635,3589,5736,5736
26743,8715,8095,7946,3804,3804
26744,6930,8007,7704,7417,7417
26745,5585,5436,3062,4562,4562
26746,8039,2219,9003,7728,7728
26747,7483,7997,7870,7870,7870
26748,8462,8312,5775,6881,7310
26749,5665,6263,9175,5762,5762
26750,2585,6044,4814,6044,6044
26751,8551,8740,9000,9000,8011
26752,8417,8383,7802,7802,7802
26753,7788,7619,8380,5828,5828
26754,4569,5342,8222,8222,8222
26755,3491,8923,4695,8172,8172
26756,8945,1146,7898,9055,9055
26757,8430,7673,8608,8674,7355
26758,8503,4698,8215,4698,4698
26759,2613,6204,4729,5108,5108
26760,7014,7358,8721,7046,8721
26761,8519,8781,8258,8258,8258
26762,1578,8792,8449,8449,8449
26763,8998,8947,7765,9152,7390
26764,8088,8112,7309,8392,9192
26765,5881,8350,3356,2791,2791
26766,5262,7280,6429,5405,5405
26767,8511,7384,7313,5027,5027
26768,8998,7809,6836,7603,6836
26769,7091,7017,6962,8718,6962
26770,9001,8519,7106,8305,8305
26771,8001,7260,101,101,101
26772,9167,8385,5481,4751,5481
26773,1735,327,4344,5545,5545
26774,6707,6558,5010,5010,5010
26775,8334,7895,7395,7395,7395
26776,1464,9203,6976,2902,6797
26777,8319,9162,8960,8071,7895
26778,8773,7141,8682,8682,8682
26779,2426,8047,5460,5460,8744
26780,8844,7981,8566,7301,8767
26781,5705,5705,6344,5365,5365
26782,5454,8674,5948,5653,5948
26783,8924,7942,8011,9033,9033
26784,7402,8793,3955,3795,3795
26785,7988,7402,2366,8669,8669
26786,8450,5458,5844,7504,7504
26787,7729,8426,7907,7535,7535
26788,3793,7488,3986,3248,3248
26789,8744,8950,8052,6988,8052
26790,586,6017,6017,6017,6017
26791,6337,3203,2546,3178,5932
26792,436,4686,7780,6910,6205
26793,7280,5636,7671,7671,7671
26794,2532,9041,7806,7806,7806
26795,1196,606,8108,8108,8108
26796,7725,8205,8264,8264,8264
26797,3062,7799,894,894,894
26798,8898,2126,7725,8805,8805
26799,9100,8227,7664,7664,7664
26800,7421,7414,7329,7329,7329
26801,7285,7405,5219,9164,5219
26802,236,1453,2715,3944,3944
26803,9055,8182,8809,8182,8182
26804,8267,8267,4199,8518,8261
26805,5788,62,5231,4004,4004
26806,86,3363,852,852,852
26807,8357,5847,7140,4843,4843
26808,8991,7486,8377,8377,8377
26809,8681,7665,8188,8188,8188
26810,7729,6986,8426,8888,8888
26811,7141,9048,9064,6960,6960
26812,9079,6321,8724,7902,7639
26813,7138,5089,8444,8444,7764
26814,7124,9098,7149,7149,7149
26815,8383,8809,7301,8295,8773
26816,7952,8965,6504,6504,6504
26817,5751,4867,6367,5495,5495
26818,8294,8886,7972,7972,7972
26819,7114,6811,7689,6560,6560
26820,8872,6366,3120,3120,3120
26821,8591,9222,7573,8591,8591
26822,2463,417,3689,3689,2869
26823,2244,4733,8323,8323,8323
26824,2630,7680,8480,8154,8154
26825,8661,7126,8661,8516,8661
26826,272,6721,4793,4793,4448
26827,8023,5293,6844,4869,4869
26828,7001,2089,8609,8609,8609
26829,6657,6657,5181,5181,6942
26830,6558,3419,5620,4967,6557
26831,7861,7861,5376,1172,1172
26832,8059,7946,4635,7486,8931
26833,8352,6975,2505,6235,6235
26834,8715,7603,2309,7031,7031
26835,8449,1405,7126,7126,7126
26836,8716,7637,8792,8792,8792
26837,1606,6098,8976,7667,8590
26838,6820,5321,8413,7002,7002
26839,8849,7462,6181,6181,6181
26840,7015,8315,6327,5370,6327
26841,6942,6542,5471,5095,5771
26842,7302,7654,3966,8091,8091
26843,5978,4983,6418,6418,5154
26844,7269,7269,7670,8923,5349
26845,7197,8713,7393,8943,7318
26846,7881,1016,1252,1252,1252
26847,3548,505,205,7925,9110
26848,8153,7335,9147,2296,3270
26849,8570,7272,7065,7065,7065
26850,4823,5404,6048,3619,3619
26851,9073,3847,6551,6551,6551
26852,7331,8867,8867,8867,8867
26853,491,773,8969,7725,52
26854,7712,8363,8363,7784,7784
26855,806,1050,633,633,633
26856,8930,8300,7905,8345,8345
26857,8153,8607,8822,8345,7238
26858,8790,8519,8508,8508,8508
26859,8246,7541,8721,8721,7064
26860,4372,6919,2855,5371,5371
26861,1528,5101,7133,7272,7272
26862,8367,7387,8422,8502,8318
26863,3139,3032,8658,8658,8658
26864,8448,8774,8566,6991,7575
26865,8316,8189,7387,7387,7387
26866,7731,8551,7731,8444,7731
26867,9129,8115,8137,6961,8137
26868,8201,3195,9234,7359,9234
26869,4756,8891,8125,8125,8125
26870,7430,8803,7430,9100,9100
26871,9160,7042,8054,8054,8054
26872,3405,2898,7145,6931,7951
26873,6700,6442,6327,5924,5924
26874,7937,8924,9071,8437,8295
26875,8505,8608,7115,7682,7682
26876,8143,2395,7379,7379,7724
26877,8243,8735,5387,9168,9168
26878,8299,8664,7125,8389,8389
26879,1188,211,1984,1984,1984
26880,8531,2937,7463,7463,7463
26881,8820,5804,7463,7463,7463
26882,8530,8562,7602,7869,7602
26883,4053,9101,4390,7328,7328
26884,7867,6643,5240,8483,8483
26885,2045,138,315,1859,236
26886,1676,8536,821,821,821
26887,8209,882,8986,8986,8986
26888,2771,6963,8481,8481,1595
26889,8115,3047,8316,8367,8316
26890,8580,5828,8321,3640,3640
26891,8153,8144,8402,8093,8153
26892,7904,5510,7930,8992,8992
26893,8317,5470,5038,5038,5038
26894,6191,8620,4999,4999,4999
26895,8893,8888,7729,7729,7729
26896,7570,8052,8877,8978,8877
26897,4800,7558,7558,6944,6944
26898,7011,7946,8642,8088,8088
26899,8768,7291,8134,6312,7487
26900,4190,5567,8542,5955,5955
26901,8596,7395,5946,6214,5946
26902,3413,7027,8771,8771,8771
26903,8596,6229,5419,5419,5419
26904,4686,9039,5465,5465,5465
26905,9162,2324,8489,8489,4893
26906,6571,2324,5919,5919,5919
26907,8428,7672,8598,8598,4345
26908,8912,236,8607,3458,8265
26909,8442,7734,8192,8192,7734
26910,8991,9100,8654,8654,8654
26911,5054,7037,8181,8643,8643
26912,8084,7563,7563,7563,7563
26913,5011,5496,5062,5114,5114
26914,910,6588,9073,9073,9073
26915,3345,3217,6015,5567,5567
26916,6642,7237,7314,1342,1342
26917,8177,8348,8348,7692,7239
26918,8397,6101,7620,8566,8566
26919,9114,9176,9176,8344,8344
26920,7019,8070,8305,8305,8305
26921,8868,7365,8199,8677,8677
26922,8530,7293,6935,7764,8444
26923,7903,7756,7411,8900,8900
26924,8050,9056,5123,8703,8703
26925,4700,7949,7360,8854,8854
26926,2040,5075,7759,3114,7759
26927,5855,7995,7938,8016,8016
26928,7599,3008,7336,7336,8790
26929,1257,2830,1273,1273,1273
26930,465,7699,900,8904,8904
26931,6959,8346,3837,3837,3837
26932,6959,2947,8846,8846,8846
26933,7461,7803,2789,6921,2392
26934,2077,3451,1742,259,259
26935,1235,3730,1564,1564,8629
26936,853,4452,2635,837,837
26937,8679,7239,7500,7413,7413
26938,7870,7949,3902,8585,8585
26939,8500,2451,7821,7821,7821
26940,2294,1137,389,2721,1136
26941,774,9081,2180,2180,2180
26942,6035,566,6035,7154,2274
26943,7983,8047,7243,5788,5788
26944,6957,8414,5430,7704,4104
26945,8952,8720,7149,7149,7149
26946,7259,7981,9211,5514,7999
26947,512,7978,8873,7108,7108
26948,9138,8461,5375,7514,7514
26949,8296,8668,8296,8950,7000
26950,7096,7349,9223,8753,8753
26951,8669,7000,6957,6957,6957
26952,7961,5965,5219,6845,6845
26953,5772,4551,2962,2962,6420
26954,4721,3418,5374,4515,81
26955,7990,5127,448,448,448
26956,7763,8809,8229,1692,7448
26957,2308,4038,7332,669,669
26958,5961,7428,2384,7257,7257
26959,6038,2389,6338,6338,6338
26960,7159,1578,7159,2087,2087
26961,8000,7790,6164,4758,4758
26962,8215,6039,7827,7827,7827
26963,4529,8392,761,1523,1823
26964,7723,8581,5642,5642,6704
26965,8796,7258,6704,6704,6704
26966,8231,5992,1144,1144,1144
26967,7045,5833,5986,5986,5986
26968,7045,5833,3697,7045,7045
26969,5241,4423,7824,7824,7824
26970,5915,7944,3052,3181,2367
26971,9038,5837,8023,8023,8023
26972,5707,8024,8952,7782,7782
26973,7617,4989,5359,5359,5359
26974,1810,9034,663,5603,7270
26975,8613,1311,880,1115,1115
26976,5955,5939,5831,5831,5590
26977,8214,7755,3035,3035,6541
26978,7190,7794,7127,3795,2543
26979,4845,7931,7155,4840,4840
26980,6542,4850,5036,6661,4842
26981,6895,5872,2783,2783,2783
26982,7273,8865,6285,9104,5986
26983,3639,6146,7982,7972,4793
26984,8528,4713,7322,7717,8916
26985,1315,1712,1729,804,1953
26986,3962,7393,7318,7318,7318
26987,7494,9154,8176,8263,8263
26988,8980,8841,8438,7105,7105
26989,7704,9171,8782,8782,8782
26990,6948,8445,5325,8181,8181
26991,7017,7017,8703,8703,8703
26992,8316,7937,8019,7937,7937
26993,7261,8688,8688,5221,8976
26994,9233,5979,6944,2312,2312
26995,7992,6288,5417,5417,5417
26996,8866,8962,6323,6323,5875
26997,7504,150,2433,8310,2433
26998,8904,1528,1775,1528,1528
26999,4454,8826,8711,7708,7708
27000,8001,9189,8764,7018,8764
27001,7014,7544,8781,8398,8258
27002,8640,8257,8677,7897,7897
27003,5225,9146,7391,8184,8184
27004,4047,2562,9040,9128,9040
27005,9055,7770,7884,7884,7884
27006,8794,4059,9084,4059,4059
27007,4916,7480,9017,8514,4698
27008,8738,2390,3612,3612,3612
27009,6888,6182,6499,5970,5970
27010,8294,2101,7116,7760,7760
27011,8166,7568,817,888,817
27012,8476,5779,6977,7145,7145
27013,8476,8921,8675,8675,8675
27014,7145,7065,8696,8109,7349
27015,8995,2970,7060,3794,4590
27016,8667,7427,8421,8113,7427
27017,902,2999,1896,1896,3068
27018,3588,8354,6195,8152,8152
27019,5091,6162,5574,7199,8684
27020,8119,7690,7434,7434,7434
27021,7740,6722,1593,5699,8747
27022,5561,328,3015,7709,7709
27023,5623,5623,5623,5623,5623
27024,6984,7837,4676,6307,7366
27025,4914,5862,6769,4979,4979
27026,6757,5952,9126,9126,9126
27027,9231,7108,1522,1522,1188
27028,7864,7358,8781,7511,7511
27029,924,2680,8752,1665,1665
27030,4498,9100,7417,7417,7417
27031,7899,6954,7053,7053,7384
27032,7899,8803,7027,7027,7027
27033,3332,7668,2390,7457,3073
27034,7661,7678,7678,7678,7678
27035,5119,5903,4999,6014,5804
27036,4897,8234,8499,8499,8499
27037,1910,8864,7703,7703,7703
27038,5807,4905,5810,6298,6298
27039,8616,4284,8219,8219,8219
27040,6059,5750,4560,4560,4560
27041,9205,7538,9205,6392,8012
27042,7821,7317,7317,7317,7317
27043,8790,8102,9145,9145,9145
27044,8102,8939,8932,6942,6942
27045,16,2421,8262,8738,8738
27046,8742,8779,8074,7672,7282
27047,5627,4869,8805,3382,5437
27048,9133,918,1979,167,1979
27049,7683,7626,7654,7949,7949
27050,1857,7862,577,577,577
27051,8609,7909,7958,7958,7958
27052,897,2285,804,612,612
27053,8609,8609,7903,8306,7598
27054,7511,7541,7541,7797,7453
27055,768,631,8364,631,8371
27056,7376,7054,8398,8398,8398
27057,8604,3522,2837,6940,6940
27058,8105,8407,3224,2617,3224
27059,9023,2733,8893,9233,8893
27060,7984,6485,4708,7556,7752
27061,8175,8830,8365,8789,8789
27062,8574,5559,7543,8462,8462
27063,4488,4191,7741,7262,7262
27064,3630,8562,8538,8538,8538
27065,8235,9058,6458,6458,6458
27066,2414,5842,9122,510,510
27067,8447,6704,4673,9039,9039
27068,2768,8683,4173,3466,3466
27069,5191,144,8469,7342,8469
27070,466,466,8077,466,466
27071,7782,1986,8077,1986,1986
27072,6657,9022,8356,2902,2902
27073,4682,7711,8269,8269,8269
27074,717,304,4316,4431,7943
27075,6278,4820,8083,7482,7482
27076,7562,6385,8747,3630,8615
27077,7562,4698,3630,3630,3630
27078,7397,7077,7695,7695,7695
27079,7681,7397,8037,8037,8037
27080,7397,6655,5877,2902,5640
27081,7357,8806,8806,9048,9048
27082,9204,9204,8806,8806,8806
27083,8153,9213,8491,7734,8491
27084,9039,8070,7508,8157,8157
27085,8491,8491,8231,8491,8491
27086,8738,8517,7597,4334,7597
27087,8882,7679,8548,8189,7727
27088,6259,4454,4668,5172,5172
27089,8398,7867,7083,7008,7008
27090,6677,6998,6794,6794,6794
27091,3219,5255,3995,3995,3995
27092,4409,7210,5991,5991,5991
27093,7696,8870,7754,9101,8034
27094,1709,1133,7469,7775,7775
27095,3445,7762,1700,1990,1990
27096,7263,7457,7098,7098,7098
27097,1606,279,30,1401,30
27098,9203,5691,3252,7875,7875
27099,3371,4443,3831,3191,3191
27100,7071,1044,3820,3820,3820
27101,4301,3171,3210,4152,4152
27102,8510,8784,7124,7110,7110
27103,8610,8784,7124,8496,8496
27104,7961,8782,4684,8641,8641
27105,7423,8598,7034,7301,8218
27106,7679,8402,4562,4562,4562
27107,7639,6996,8005,7525,7525
27108,2742,6019,5968,6890,3893
27109,9069,8046,5310,5310,5310
27110,6459,8963,5849,5849,8845
27111,7022,8009,9028,7097,7097
27112,7853,7201,8113,8113,8113
27113,3389,3528,3690,4062,3346
27114,9100,7232,7704,7656,7656
27115,8736,8350,9205,9205,9205
27116,9205,6248,9205,7957,7957
27117,8699,6833,5264,8553,8553
27118,6870,8206,5609,5354,5354
27119,5136,5136,2101,2101,2101
27120,8771,8778,7982,5488,7982
27121,3840,1603,804,2018,291
27122,6144,5348,7982,6888,6888
27123,6837,7117,7392,8146,7392
27124,7392,8462,7392,7392,7392
27125,7057,7392,7581,7581,7581
27126,7213,7659,9019,8010,7143
27127,8537,5837,7959,8842,7345
27128,8061,8456,7450,7450,7450
27129,2776,8640,8153,8050,8050
27130,8629,8502,1409,1409,1409
27131,7669,6807,7021,7021,7021
27132,8156,8503,8879,7253,7253
27133,8734,9147,8879,8879,8879
27134,7326,7426,8831,8831,8831
27135,8366,3407,7517,865,865
27136,8003,7371,7458,7458,3576
27137,8752,1085,3068,3068,3068
27138,2676,4054,7765,4054,4054
27139,9070,5046,7739,7739,7739
27140,8991,7816,7979,8147,8147
27141,925,7628,1181,136,332
27142,1554,4531,573,1208,1208
27143,7030,9113,9214,7323,7838
27144,8007,3511,6425,7693,7693
27145,8479,8479,6444,6033,6033
27146,7988,7068,4800,4800,8454
27147,9062,2891,1974,9126,8461
27148,6305,8601,3146,3146,3146
27149,8809,8809,7392,7326,7326
27150,8452,8900,3208,7754,1688
27151,9165,4820,6246,6246,6246
27152,7401,5723,3962,151,151
27153,1819,1347,305,305,305
27154,8954,8840,7589,7579,7589
27155,4038,5986,7211,7001,8880
27156,5296,8921,6898,7875,7875
27157,7003,5868,8309,7764,8657
27158,6873,4063,2548,976,976
27159,7004,4329,4849,4849,4849
27160,3855,6286,2854,5413,5413
27161,6583,2997,4848,4848,4848
27162,8345,8819,8831,6032,6032
27163,1746,4603,7518,2110,2110
27164,7114,6545,4592,8283,4919
27165,8792,9231,8449,5285,3008
27166,7296,7937,7962,7117,7117
27167,8383,4017,8457,8457,8457
27168,8046,7981,8417,8975,8975
27169,1961,1578,1345,1861,7749
27170,8314,5020,6229,6229,6229
27171,8287,8287,8287,8287,8287
27172,7833,5612,5483,6820,5675
27173,4682,8287,4731,8287,8287
27174,3954,8480,7517,3384,3384
27175,7711,5201,6779,6779,7702
27176,8976,4460,2771,6839,6839
27177,7682,8461,902,6807,6807
27178,834,6784,2063,8780,5078
27179,1609,8144,9147,9147,9147
27180,8658,8115,8666,8666,8666
27181,8475,8713,7003,7003,7003
27182,328,2243,660,660,660
27183,382,8734,8939,8939,8939
27184,7626,6149,7667,7667,8143
27185,8611,7999,7937,7346,7346
27186,2888,8203,8956,1067,1067
27187,2330,976,1067,6709,6709
27188,8987,3076,8121,8657,8082
27189,6962,5173,7565,8513,2421
27190,8742,1502,2508,2508,2508
27191,9066,7974,5271,7045,128
27192,6213,7090,6976,8492,6976
27193,9088,5140,4811,5225,5225
27194,8816,7273,7552,4645,4645
27195,7551,2894,4576,4576,4576
27196,5652,6313,7440,7440,7440
27197,51,8896,8205,8896,8843
27198,7050,8734,7753,8490,8490
27199,9138,8155,8598,8271,8271
27200,9228,7630,3841,3841,3841
27201,8330,8031,8803,8803,8803
27202,7550,8125,8909,8289,8604
27203,9058,2516,4791,9183,5688
27204,2833,7480,2833,2833,2833
27205,37,8984,669,1309,1309
27206,8609,9210,9051,4353,8233
27207,7961,7961,5547,5547,5547
27208,5744,9220,6543,6395,6395
27209,9220,6985,5827,5994,5333
27210,6988,7647,3211,8635,8635
27211,8909,7390,8769,4635,8332
27212,4800,8650,4635,4974,4974
27213,8296,8631,7127,5262,3451
27214,9177,7473,7178,4633,4633
27215,3650,8484,5492,7063,7063
27216,1417,7319,8084,8084,7467
27217,8246,8679,7156,3110,3110
27218,7365,7802,7742,8574,8574
27219,8363,894,949,7495,7495
27220,9176,8935,7696,7696,7696
27221,9169,9169,8502,8502,7371
27222,3522,3826,2401,2521,3259
27223,7603,8511,8684,8659,8659
27224,8289,4474,7960,3147,4880
27225,6881,5757,6784,6784,6784
27226,5157,4914,8216,8216,8216
27227,8551,9228,7506,7601,7601
27228,8177,4339,7897,7897,7897
27229,2658,8523,7897,8779,8779
27230,9045,7516,7541,8901,8901
27231,8415,8629,8496,7127,7127
27232,8702,7426,4977,4977,8183
27233,8411,6876,6791,2581,6791
27234,9189,6546,8574,9049,9049
27235,2762,8224,1245,3041,3041
27236,8552,7478,9088,8008,8008
27237,8945,8934,7014,7657,7657
27238,7727,7346,7433,8498,8498
27239,6971,462,8344,7926,7926
27240,9216,8767,8252,7891,7891
27241,4345,3324,8096,8096,8096
27242,3523,7679,5815,8857,8857
27243,7168,8906,7564,7648,7648
27244,7557,7557,1309,1309,1309
27245,7557,8984,7380,7380,7380
27246,7440,4712,7142,7142,7142
27247,7114,5555,4840,4840,4840
27248,8526,6886,7004,4305,4305
27249,4945,5680,5302,5302,5302
27250,7812,8858,7618,633,8174
27251,902,6668,268,7646,7646
27252,8885,7073,7061,7061,7061
27253,9175,8536,9210,2715,9210
27254,9156,6406,8286,9210,9210
27255,6149,6110,5075,5075,5075
27256,4779,4969,4815,5108,5108
27257,4991,8223,8223,5510,5510
27258,1978,1978,7920,1347,8786
27259,7438,7951,3300,6220,6220
27260,8433,7770,7853,7042,7042
27261,8388,566,7002,7002,8887
27262,7442,7062,6405,6333,6333
27263,6186,7133,5036,8035,8035
27264,8741,7557,8363,3382,3382
27265,8363,2530,4760,6101,6101
27266,1962,606,2761,4249,7228
27267,7989,8034,2023,7696,7696
27268,8940,8444,7511,7511,7511
27269,7635,3631,8003,8003,8003
27270,7923,3101,3631,3631,3631
27271,9167,4894,4894,4894,4894
27272,9167,7238,7579,9167,8775
27273,8831,7326,5775,5775,5775
27274,7610,7610,8092,7477,8092
27275,7999,5932,9053,9053,9053
27276,7125,4514,3292,5667,5667
27277,4686,6311,6643,6123,6123
27278,9066,7224,9055,6000,9055
27279,7205,3553,3553,8627,4859
27280,7517,6495,8770,7056,6051
27281,7470,8564,5730,5730,5730
27282,7561,7565,748,9219,9219
27283,5360,4729,185,185,185
27284,7970,6305,8860,5081,6388
27285,7978,7874,9101,8624,8624
27286,8381,7106,1020,4488,7262
27287,7274,8313,7012,8844,8844
27288,6347,3588,5707,8776,8776
27289,7632,7864,8302,8302,8302
27290,5352,8726,5768,8074,5768
27291,8346,6980,4194,8231,4194
27292,7996,8128,7457,7457,7457
27293,1255,8756,4136,5418,5418
27294,6508,2114,2114,8896,8896
27295,2359,4864,8932,6409,8813
27296,7194,4434,6224,6175,7155
27297,2737,3355,7116,4123,7233
27298,4998,6918,4765,7799,162
27299,6177,5471,5804,5804,1008
27300,8547,8113,6372,6372,6372
27301,7474,3885,4706,4967,5232
27302,7728,3663,7365,7841,7681
27303,4863,5382,4093,4093,6339
27304,6448,5047,8031,7339,7339
27305,8325,2808,7870,526,8194
27306,4893,6460,5607,6446,6446
27307,7930,6260,7201,6976,6976
27308,7649,7123,5462,5462,5462
27309,7839,9130,7664,7664,7664
27310,3522,6943,7010,9171,6930
27311,6957,7921,7406,8390,8390
27312,9028,8539,7115,7115,7115
27313,5091,7804,6667,6716,5950
27314,7056,7332,3874,4415,4415
27315,8184,8600,7685,8268,8268
27316,5936,8991,4324,9224,6851
27317,9234,8118,9130,3589,9130
27318,7769,8578,7664,7664,7664
27319,9161,8484,8926,8668,8668
27320,9157,8947,9041,9041,9041
27321,9096,6066,7655,7655,7655
27322,5066,8828,9106,9106,9106
27323,9103,6944,8782,8782,8782
27324,8263,8263,741,1536,8967
27325,8263,8263,755,7702,755
27326,7019,7852,8626,7608,7608
27327,9156,2651,8215,7310,7310
27328,8582,7942,9123,6197,6197
27329,8252,8566,8773,8566,8566
27330,4016,6163,4791,4791,8802
27331,4004,7016,7298,7937,8224
27332,6815,8143,5573,5573,5573
27333,8785,5641,5583,5583,5583
27334,2414,3100,2995,2995,3346
27335,4531,7249,7548,9162,9162
27336,9198,7956,7151,8313,7065
27337,8468,976,3958,3958,3958
27338,1385,4361,7311,7311,191
27339,4931,8156,7301,7301,7301
27340,7229,3922,7863,7863,7863
27341,8337,2732,8388,8388,8388
27342,9195,4794,8560,8560,8560
27343,8652,1213,7645,1318,1318
27344,3237,3237,6396,5771,5771
27345,7443,8065,2156,8253,8253
27346,9109,6229,8304,6643,897
27347,8797,9171,6999,6999,6999
27348,9067,7857,7067,7550,7550
27349,5373,7910,4880,7806,8557
27350,8753,8109,8033,8970,8970
27351,7702,8878,7222,7222,7222
27352,8128,6976,8035,9119,8480
27353,8128,7023,8763,6127,8763
27354,8134,7694,6555,7694,6555
27355,3982,2319,8282,4559,4559
27356,8610,8610,8931,7203,8931
27357,2677,5799,4545,5559,5559
27358,7032,2420,8466,7477,7477
27359,8029,8811,651,316,651
27360,8111,9018,8912,8437,8437
27361,8418,5068,4053,7410,7410
27362,7392,7357,8598,8096,8096
27363,4784,4558,4784,4784,4784
27364,8518,7984,8844,9000,9000
27365,7776,6837,7981,7981,7981
27366,9074,7498,8220,8220,8220
27367,7706,7706,8919,8919,8919
27368,7795,7795,7177,7177,8874
27369,6951,8467,7124,2444,2444
27370,7132,7653,7037,7563,7563
27371,7882,7634,8332,7105,8332
27372,2486,6231,7421,4696,7421
27373,626,253,7185,9223,9223
27374,9118,8903,7200,7432,7432
27375,8041,6260,8235,5552,5552
27376,7548,8967,5273,3217,3217
27377,6458,492,6141,7717,5727
27378,6628,5137,7442,7442,9200
27379,8483,9221,8185,6973,6973
27380,7519,8264,8944,8944,8944
27381,7348,7699,8381,8381,8381
27382,69,1465,8001,8293,8293
27383,8633,6961,8153,951,2115
27384,7064,7064,7064,7064,7064
27385,7541,8422,8483,8483,8483
27386,7355,7635,8246,7746,8713
27387,858,858,884,56,56
27388,7240,7362,8938,8734,8734
27389,493,1262,7815,2063,1495
27390,8367,8367,7508,7508,7317
27391,4734,128,304,633,8993
27392,7885,2095,1274,101,101
27393,7509,7649,5340,5340,5340
27394,7090,6611,144,144,144
27395,3900,7123,9203,6623,6623
27396,8031,8852,7594,7594,7594
27397,5467,8540,8322,8322,8322
27398,8574,7729,8181,8181,8181
27399,8501,6650,7217,3090,3090
27400,4184,7224,7974,4773,6246
27401,870,7322,888,5791,5791
27402,8994,6953,8270,8270,8270
27403,6462,5272,8946,7552,5164
27404,8444,5956,2548,5306,5306
27405,8638,4248,6807,6807,6807
27406,8767,1405,9219,7240,8829
27407,6195,3660,7020,2485,7565
27408,7999,9008,7872,5627,5627
27409,4535,9126,5644,5644,6209
27410,816,694,2033,1944,2033
27411,8600,7235,7011,8125,8184
27412,9074,7868,8332,8332,8332
27413,8467,3267,7187,6215,6215
27414,8766,8639,3353,3660,8117
27415,6989,8246,8726,8726,8726
27416,9045,8552,8666,8375,8375
27417,7406,8926,8697,8973,8273
27418,8415,3147,7600,7600,7600
27419,7540,8877,9215,9215,9215
27420,1575,7526,8403,6984,6984
27421,6990,7990,7484,9228,9228
27422,7184,7601,8951,7379,7379
27423,8386,888,6092,6092,6967
27424,2185,844,5515,4669,4669
27425,8111,9232,6586,6098,633
27426,8232,7502,8038,8038,8038
27427,8428,7680,6730,5223,5223
27428,8232,7738,1664,8512,8512
27429,8997,8953,7730,8087,6081
27430,6555,1067,2748,4410,4410
27431,1959,7059,7737,7737,7737
27432,5039,7598,1916,5646,5646
27433,7652,7695,7517,8492,8492
27434,6384,5201,7090,6486,6486
27435,8613,8613,8613,8613,8613
27436,8378,8613,8613,4361,8613
27437,5727,8613,6141,7939,7939
27438,2831,697,5828,5828,5828
27439,8207,5582,3842,437,437
27440,7459,3848,7690,7980,7980
27441,1115,7465,1311,1311,3811
27442,3523,3505,8855,3276,3276
27443,6250,6520,6733,6733,6733
27444,448,448,3916,3403,3403
27445,8153,8859,8302,7033,7033
27446,300,8586,7500,8664,8664
27447,1959,2594,5097,9083,6948
27448,8496,8496,8240,8240,8240
27449,8648,6975,2745,2745,2745
27450,7655,8278,7923,8959,8959
27451,7876,5591,3503,3503,3503
27452,8774,8212,7753,8574,8574
27453,4652,8534,8247,7388,6651
27454,1019,7412,484,174,174
27455,4317,4361,4011,9013,9013
27456,4645,7715,6713,5556,8331
27457,2372,4937,7048,6182,7048
27458,8562,2668,3474,4344,4344
27459,3548,8441,8040,8040,8040
27460,805,1598,1353,7909,1291
27461,8781,673,8971,8110,8971
27462,7127,8891,5314,5314,5314
27463,8169,7706,8697,8188,7651
27464,5988,4635,8423,8423,8423
27465,9010,5451,6413,7662,6413
27466,7695,4478,8319,7683,1502
27467,400,2062,1448,136,136
27468,9161,7963,9161,9161,9161
27469,6189,5955,7801,6001,6001
27470,7745,7177,7178,4635,4635
27471,4331,2241,9049,8720,8720
27472,758,1206,1881,1595,1595
27473,8563,1204,884,553,553
27474,4723,9170,7108,8277,8277
27475,6684,1732,7576,7576,7576
27476,8609,8115,7608,9072,7608
27477,8168,7375,7072,3412,7072
27478,4833,2548,8802,4847,4847
27479,3668,5467,3813,3730,4260
27480,7538,8720,1275,1275,1275
27481,4123,6641,4375,4375,4375
27482,8720,9124,8485,9205,9205
27483,7211,5884,6822,7070,7070
27484,375,7640,6632,7294,7294
27485,2846,2803,2393,9223,9223
27486,1596,8739,8739,8739,8739
27487,8344,6961,8344,8344,8344
27488,8344,8293,8344,8781,8508
27489,6279,7886,7570,5979,5979
27490,8883,3511,8618,8068,8068
27491,8068,7583,8195,8195,7886
27492,8061,8279,7259,4400,3262
27493,8082,5396,6982,6982,6982
27494,7829,5786,8801,8801,8801
27495,7284,7606,4815,4815,4815
27496,6286,1546,7129,6038,6038
27497,8418,4846,4846,4846,3974
27498,8200,3353,7503,6928,6928
27499,8722,5503,7573,7573,5963
27500,5485,7710,6896,7432,7432
27501,8245,7687,6972,4094,7957
27502,9103,8584,8782,8782,8782
27503,6838,6838,7276,7276,6838
27504,7310,4573,4400,2739,9191
27505,2530,7012,2530,7435,2530
27506,1197,560,4249,4249,1990
27507,5416,4694,6014,6780,7996
27508,7807,3624,3624,7876,7876
27509,5204,2377,3156,3156,3156
27510,7217,658,8637,8637,8637
27511,984,851,444,1618,1618
27512,234,5880,902,506,506
27513,7600,8949,7693,4679,4679
27514,7774,8838,8973,8973,8973
27515,9177,8836,8991,8991,8455
27516,7795,8450,7663,9163,9163
27517,8803,4974,7886,8841,8841
27518,8354,8618,8618,8629,8629
27519,8627,8627,8627,8627,8627
27520,8627,8627,2372,2372,2372
27521,6491,1100,5727,491,491
27522,6132,8161,8993,3631,3631
27523,8280,8711,8430,7097,7097
27524,8792,222,7637,1804,959
27525,6186,8976,8976,3202,3202
27526,6419,5705,6419,4798,3738
27527,6505,6657,5851,5851,5851
27528,7976,6118,6165,5667,6530
27529,4909,4662,5184,4353,3503
27530,6105,6825,2325,2325,6447
27531,5681,4784,5639,4723,4723
27532,8321,1176,2108,37,2108
27533,7949,373,7571,8776,8644
27534,7677,8127,6837,6837,6837
27535,4059,2490,4059,4059,4059
27536,4355,4741,8729,8729,7641
27537,7360,7939,3935,4819,3935
27538,3368,7322,8435,2810,3392
27539,6450,4500,8794,6044,6044
27540,9045,3828,7379,7379,7379
27541,6492,5952,5375,3455,8045
27542,4945,5987,6823,5743,6823
27543,8522,8866,8866,8866,8866
27544,7604,6992,8109,8109,8109
27545,8768,8018,7558,7558,7558
27546,5520,5528,5794,5794,5794
27547,5642,5739,6137,5792,5792
27548,7062,5991,5751,4440,5751
27549,7332,7681,7296,7296,7296
27550,3743,7902,8198,8177,7549
27551,8024,3778,3532,9198,9198
27552,7331,7140,6969,8838,8838
27553,7058,7595,4259,8510,8510
27554,7570,8573,7560,7560,7560
27555,7768,8417,7959,5123,8740
27556,7009,7792,7508,9032,9027
27557,7582,8183,8549,9178,9178
27558,7690,7178,4974,4974,4974
27559,8642,8187,8668,7563,7563
27560,8948,7078,8648,8266,8266
27561,7558,7104,7180,7180,7180
27562,6248,7596,4382,3654,3654
27563,8838,8535,8184,7359,7359
27564,5526,1771,6302,4311,4311
27565,5830,6013,7279,5069,5069
27566,8236,7305,3642,3642,8163
27567,7972,4663,4663,8560,8560
27568,4714,6366,6575,6648,6648
27569,3219,3372,8174,8174,8174
27570,2853,7801,4948,3001,3001
27571,2711,2914,3220,3111,3111
27572,4336,1067,1196,1196,7487
27573,7355,6989,8430,6935,8713
27574,5625,8164,7494,7494,7494
27575,1054,1233,1232,582,1232
27576,83,1331,7828,2830,2830
27577,7864,4491,7224,7224,7224
27578,1216,8102,6141,7239,7239
27579,7991,8246,8371,1688,8371
27580,7991,7511,8971,5089,8971
27581,7197,2997,5179,5179,5179
27582,7615,8497,8114,8114,8114
27583,6090,7824,4623,4902,4623
27584,8223,8384,8384,8384,8384
27585,7772,4962,6659,8907,4126
27586,6931,8677,7024,8313,8313
27587,7696,6564,8585,8585,8585
27588,8499,8499,8499,8499,8499
27589,8499,8499,7091,8499,5775
27590,8640,9213,8189,8342,8342
27591,276,4066,4469,3730,4217
27592,6429,6248,9136,6288,6288
27593,7596,9115,7590,7590,7590
27594,3821,6266,3679,5922,5922
27595,9177,6086,6086,6086,6086
27596,8648,8793,4602,6086,6929
27597,7806,4633,7907,8072,8072
27598,7979,8031,9134,8695,8695
27599,8522,8836,7591,7591,7432
27600,8852,5988,4346,2638,5425
27601,6994,6520,4255,8337,8337
27602,5626,9102,7281,7281,7281
27603,7404,8258,9176,9176,7017
27604,8271,8781,8280,7261,7531
27605,2018,8376,2234,1899,1899
27606,2841,4453,7716,2690,8986
27607,8545,4362,3712,3712,3712
27608,7900,8407,7558,7558,7558
27609,502,3163,3975,1595,1595
27610,7921,8795,7900,7900,7900
27611,7769,8835,7177,8835,8835
27612,5873,7991,8359,7640,6534
27613,5117,5176,5117,5023,7227
27614,8248,7121,8065,8065,8065
27615,8519,8257,7657,7657,7657
27616,8568,4760,7268,7268,7268
27617,7852,7413,7926,7926,7926
27618,7071,8382,8968,8804,8804
27619,8428,8349,7064,8676,8676
27620,7061,8074,9088,7120,7120
27621,7206,7096,7236,7236,7349
27622,8903,6969,7140,7356,7356
27623,8918,6948,7634,8511,8511
27624,8902,7997,8309,8156,8674
27625,9050,7087,1580,8708,8708
27626,7378,3008,8126,8126,8126
27627,7879,7165,8293,9039,9039
27628,8707,6808,5086,6141,6141
27629,5328,6898,4861,5002,8433
27630,9135,8631,7889,7889,8033
27631,7127,9144,9177,9177,9177
27632,3755,8352,7119,3133,7377
27633,6982,8882,5452,1575,1575
27634,8061,1409,9019,9019,9019
27635,7326,7771,7827,7827,7827
27636,7441,8686,7441,8577,7441
27637,6851,3951,5269,4551,2418
27638,7590,9161,52,8298,8298
27639,7293,8676,8621,8621,7518
27640,1796,6181,6439,8776,8776
27641,1373,7557,8258,9031,9031
27642,7492,8726,8711,8711,8711
27643,9125,6500,8468,5493,5493
27644,2981,449,9027,8671,8671
27645,8681,7671,7208,7110,7110
27646,7900,8853,8654,8654,8654
27647,7287,7031,7287,7287,7287
27648,3766,1347,781,2156,781
27649,6319,9212,8080,5410,5410
27650,773,7052,1063,1063,1063
27651,8168,2962,5594,5206,5206
27652,7806,8625,2638,6215,6215
27653,8635,7079,8769,8769,8769
27654,5569,5910,5333,5333,5333
27655,5403,6511,6749,6749,6417
27656,6100,5440,5853,6755,6755
27657,8254,4968,2488,2488,2488
27658,5255,5273,3167,6340,8897
27659,8254,9049,8915,8254,8254
27660,8147,6992,6943,6943,6943
27661,5229,9076,8020,7206,9117
27662,7600,9076,8339,7203,7203
27663,8553,8843,4708,4708,4708
27664,8158,5850,8454,8454,8454
27665,7304,7762,8646,5467,5467
27666,7413,8315,7299,6695,8439
27667,6618,6379,4875,4875,4875
27668,5151,3076,6709,1498,1498
27669,7869,3062,4645,4645,4645
27670,8757,7740,7020,7020,7020
27671,7136,4623,8326,5092,6414
27672,8697,9234,8830,9234,9234
27673,4281,4543,4269,4269,3732
27674,5690,7128,7486,7486,7486
27675,6779,6284,3026,6523,6523
27676,7814,7257,6788,6788,6788
27677,3663,7090,6950,7101,7101
27678,7694,9164,8006,3589,3589
27679,7563,8897,7105,7105,7105
27680,6001,5219,9141,9124,9124
27681,7550,6332,6332,6332,6332
27682,5262,6429,8567,8567,8567
27683,3668,6292,7235,7350,7350
27684,4420,7929,9148,9148,9148
27685,8421,4292,7820,7820,7820
27686,9128,8844,9128,9128,9128
27687,7013,8167,7302,8167,8167
27688,6991,7017,9109,8714,8714
27689,6712,5291,4845,4845,4845
27690,9207,7581,9207,7581,7581
27691,1974,1704,93,6382,6382
27692,8402,6290,4683,8045,8045
27693,7995,8815,7383,7383,7383
27694,7425,7299,7047,7047,7047
27695,8815,8615,7589,9078,9078
27696,6564,7217,4984,6318,5785
27697,6168,4840,5879,5879,5879
27698,6618,3652,2764,9053,9053
27699,8542,5474,8542,8542,8542
27700,7676,7183,8903,8903,8903
27701,7203,6781,7794,8998,8998
27702,7276,2855,9224,4147,8396
27703,5946,9156,2824,5996,7698
27704,7011,8895,8743,6235,6235
27705,7648,7106,7942,8676,7942
27706,7019,8173,7705,7705,7705
27707,7627,8110,8621,8621,8621
27708,4712,6509,8561,6135,6135
27709,5623,3630,7996,7996,7996
27710,6125,2134,7546,4332,2705
27711,4852,6319,6783,6783,6783
27712,7626,3015,3015,3015,3015
27713,7969,6382,4734,2863,3022
27714,7697,8925,6845,6845,6845
27715,651,9153,8034,8034,283
27716,7810,7633,7277,7277,7277
27717,7351,4315,7721,2192,5606
27718,5703,5064,4860,4860,4860
27719,8532,3021,5069,4849,4849
27720,7359,4296,7093,8669,7137
27721,6963,3253,2904,7414,3398
27722,3223,3451,8084,8743,8743
27723,6045,2319,5573,4276,5573
27724,6592,8525,2951,4181,4181
27725,8922,3990,5882,8272,8272
27726,5600,5600,6353,5541,6353
27727,6099,6473,3627,7825,7825
27728,5315,3247,3905,3905,3905
27729,6169,5192,7949,6122,6122
27730,8388,7866,7002,4983,4983
27731,5133,7445,7462,7369,7369
27732,7683,7874,7305,9223,9223
27733,3169,4444,7807,6124,6124
27734,2882,5591,8828,8828,2577
27735,6053,5091,4709,5969,5969
27736,7517,4505,8712,7144,7144
27737,1326,7211,9133,264,264
27738,8532,7584,7065,7525,8074
27739,8568,8361,7357,7357,8010
27740,8451,7804,8441,8441,8441
27741,8364,8246,8126,8126,8126
27742,7800,2083,3139,6844,7536
27743,7862,2893,7859,8662,8662
27744,6119,6400,5757,5020,5757
27745,2145,90,482,482,482
27746,812,2730,6293,3000,2712
27747,2708,1461,938,938,938
27748,8663,547,8199,7347,7347
27749,2919,1337,510,7697,510
27750,7547,660,2115,6666,6666
27751,1121,8884,543,7719,7821
27752,4697,6663,6340,5762,694
27753,7417,8118,7313,6235,6235
27754,7147,5430,7072,8354,6958
27755,7244,4978,7313,7350,7350
27756,3792,8157,9072,4167,9072
27757,903,764,8679,8399,8399
27758,8851,8448,8674,9045,9045
27759,7771,8058,8551,8551,7731
27760,9216,7438,7679,7679,7679
27761,7388,7752,3590,8901,8901
27762,3093,3915,3319,4119,5003
27763,7035,7035,7729,7011,9100
27764,8095,3196,6054,6054,6054
27765,6279,8619,6518,8411,6518
27766,3266,2638,2403,3415,3415
27767,4566,6178,2943,2943,2943
27768,5959,5411,5181,5181,5181
27769,3010,2219,2716,2716,2716
27770,2488,3503,7683,8319,8319
27771,7909,2451,7557,8870,1089
27772,7648,7557,1170,7986,7986
27773,7810,8868,6971,8676,8676
27774,5955,7563,6178,8414,8414
27775,7235,7349,7533,7907,7533
27776,6543,3980,6689,6689,6689
27777,6996,7970,7181,8093,7284
27778,7042,7521,6953,6953,6953
27779,3145,8523,7515,7261,7261
27780,7881,6458,7648,9059,9059
27781,7508,9072,1459,1459,1459
27782,8536,2591,7501,6945,6945
27783,7276,7687,7568,8962,8962
27784,5631,3086,7538,7538,7538
27785,7385,7385,9164,9164,9164
27786,8624,9138,8189,8057,8057
27787,6390,8261,6791,7890,7890
27788,2045,1211,8914,6828,6828
27789,6696,7946,4594,8557,8557
27790,8529,4178,2889,5202,5202
27791,7760,4223,3003,3557,3001
27792,8629,8630,9021,9021,9021
27793,7988,8650,8088,9197,9197
27794,7805,8550,8550,7320,8550
27795,5224,8138,7086,7086,7086
27796,7195,8274,5354,6793,6793
27797,6944,6248,6501,4284,4284
27798,9012,1857,7238,8117,150
27799,6990,8440,9047,7458,7458
27800,304,555,304,304,304
27801,7517,7875,7517,8617,7517
27802,6779,6779,6675,8581,8581
27803,6191,6127,1608,9116,9116
27804,6658,8839,6576,6021,6021
27805,8878,5032,8202,8846,8846
27806,6411,5220,6658,4959,4959
27807,4995,3153,5447,5382,5382
27808,9006,7461,8525,7558,7558
27809,7244,7244,8196,8196,8196
27810,1708,902,177,8304,8304
27811,576,2738,8928,3949,3949
27812,4967,9175,4176,7080,7080
27813,7341,7022,7022,9123,9123
27814,8461,8005,4676,5786,5786
27815,6078,6828,6701,6751,6751
27816,7591,7568,8112,8112,8112
27817,8659,7651,7960,7960,7960
27818,9124,8841,7203,7596,7596
27819,1495,6962,8969,390,390
27820,8579,1578,1578,673,1578
27821,7393,2126,394,1834,1834
27822,8447,8026,6571,6571,6571
27823,4844,8287,5986,7849,7849
27824,8810,7567,7434,7434,7434
27825,2152,5070,2118,8060,794
27826,8209,8185,7874,153,153
27827,8389,9150,8389,8334,8334
27828,7139,6458,7939,7790,7790
27829,8378,7499,7427,7458,9212
27830,5563,8090,9104,9104,9104
27831,8278,8690,8380,7912,7912
27832,7863,8243,7726,9028,8640
27833,8005,7539,8212,8212,8212
27834,8220,7242,7031,7031,7031
27835,8867,7031,8866,8522,8522
27836,8730,7132,7590,7590,7590
27837,8470,7466,2261,2261,8205
27838,86,896,727,4641,4641
27839,5428,3101,5428,3101,3101
27840,5016,1647,4467,4467,4467
27841,8089,2959,5762,6099,6099
27842,7510,7744,5421,5421,5421
27843,8294,1988,510,510,8387
27844,3720,7982,5014,6572,3921
27845,9223,8199,2117,2117,2117
27846,5408,8316,8316,5203,5998
27847,939,6176,2455,6028,6028
27848,6861,5981,6281,6917,6917
27849,8633,3962,6971,7648,8172
27850,7450,8822,8521,8640,8521
27851,8122,8765,9213,8491,9213
27852,6323,5686,6601,6601,6601
27853,8423,8635,9103,9103,9103
27854,8748,8550,8220,8220,8220
27855,8003,7366,7630,6375,6375
27856,1122,504,499,8634,8634
27857,8277,3902,7275,7831,7831
27858,7191,9000,8611,8005,8005
27859,9045,7022,7937,7084,7084
27860,6973,8428,9001,9001,9001
27861,8954,7544,7544,7544,7544
27862,6831,6704,5500,5500,5500
27863,7897,7777,9045,9168,8677
27864,8683,3049,9195,9195,9195
27865,8432,3384,7901,7901,7901
27866,7901,8389,8725,8770,8770
27867,7356,8950,7513,7513,7513
27868,8927,9020,7957,7957,7957
27869,7603,2505,7886,7886,7886
27870,8145,8775,8424,2482,2482
27871,540,8386,1700,1383,1383
27872,7192,7576,7909,7380,7909
27873,2614,4542,4542,4542,4542
27874,2465,3431,2823,2823,2823
27875,4338,2915,2553,3952,5529
27876,7515,8376,5837,5837,3079
27877,7635,7230,5071,7606,7606
27878,7239,7302,8932,8003,8003
27879,8148,8148,8148,8148,8148
27880,8148,8148,8773,8724,8724
27881,8207,7224,8003,8003,6428
27882,7811,8259,8510,8510,8510
27883,5405,7202,6900,6900,6900
27884,7148,6536,9020,9020,9020
27885,8818,4881,6405,8958,6405
27886,7098,7085,5184,2352,5501
27887,5833,5884,5349,5349,5349
27888,7406,8245,5270,5270,5270
27889,8072,7882,7331,8020,8020
27890,3774,7381,5826,3946,3946
27891,5231,4297,3896,4423,4423
27892,5804,3977,4077,2661,7777
27893,8688,3288,4268,2752,2752
27894,5413,4987,6967,6967,6967
27895,5791,2083,1636,789,789
27896,5791,5342,5361,6152,6152
27897,7753,5023,8156,8735,8735
27898,9221,7138,7969,8428,6220
27899,8507,8005,8739,7867,7867
27900,4153,2063,1907,1907,1907
27901,7990,7135,7594,8129,8129
27902,8169,6951,8836,8836,8836
27903,8371,8192,1688,9068,8501
27904,4876,7804,417,9202,9202
27905,6060,5768,3123,7764,7764
27906,7310,7215,7870,8554,7870
27907,8025,7334,7925,7925,7925
27908,7064,7358,8945,7017,7017
27909,3321,4014,3321,3321,3858
27910,3894,7089,7089,7089,7089
27911,3764,2998,7089,3244,3244
27912,3952,9205,3470,3470,3470
27913,585,374,6971,374,2018
27914,9145,8172,7768,1502,4747
27915,7661,7702,8497,8497,8497
27916,6284,3280,1065,1615,1615
27917,5205,4900,5181,7048,5647
27918,6095,5584,8815,8815,8815
27919,6744,9077,6370,6956,6797
27920,6722,1704,1506,1506,1008
27921,8127,7333,7253,7050,8682
27922,191,5364,7529,6377,6882
27923,8342,8937,7357,7978,9146
27924,8129,7624,8084,9060,7918
27925,8688,3141,8929,8929,5359
27926,6496,9008,6913,6913,9111
27927,8170,7285,8918,8918,8918
27928,3795,6975,8686,8446,8446
27929,4925,3860,2705,5687,5687
27930,8156,4815,6931,6357,6357
27931,9017,5485,7512,8319,7512
27932,8197,7874,9079,7874,7874
27933,1451,7750,8206,5077,8206
27934,873,598,1645,1645,2057
27935,1670,2209,2261,1800,1800
27936,8743,9094,9015,9094,4064
27937,7375,7946,8350,8350,8350
27938,7177,8654,8841,8684,8684
27939,8056,8645,8730,8730,8730
27940,4956,5750,9117,9117,9117
27941,7000,7049,8237,7664,7664
27942,5934,3010,5768,4221,5956
27943,3699,7214,8152,7626,7626
27944,9046,8827,7731,7731,7731
27945,5039,6377,5639,5639,5639
27946,3116,2757,6636,6636,6636
27947,2583,5789,2504,4460,4213
27948,7533,7704,7795,8555,8529
27949,1598,7729,8230,7391,7391
27950,2027,7890,9034,8885,8885
27951,5590,5875,2826,3588,3588
27952,7434,8379,7229,7229,7229
27953,2622,3397,8272,2465,8272
27954,8489,8489,8489,9203,9203
27955,7723,8489,6976,6976,6976
27956,7813,1502,9125,9125,9125
27957,2871,3684,8474,7475,7475
27958,7483,3632,6990,6990,6990
27959,5460,5374,8638,3008,5480
27960,2582,2387,2651,7932,7932
27961,8085,5782,8802,3199,3199
27962,8085,6734,6287,6287,2359
27963,7637,8253,1263,738,6079
27964,7172,6955,6955,8385,8385
27965,7026,7172,8041,8590,8590
27966,7710,8739,7353,4030,4030
27967,2504,871,9128,2640,2640
27968,1125,897,145,736,145
27969,8398,8739,7746,8422,8422
27970,3013,6961,9168,9168,9168
27971,7997,7997,4772,217,5866
27972,7099,4594,5447,5447,5447
27973,7099,8506,7493,2813,2813
27974,8282,7417,3971,3650,3650
27975,9188,5054,7313,8745,8745
27976,5483,6983,3047,3047,3047
27977,7504,3928,8338,3606,3785
27978,7805,7096,8926,8140,8140
27979,8953,7827,7129,9071,9071
27980,9163,8895,8217,8217,8217
27981,3949,8071,9002,4136,9002
27982,7897,8810,3627,4003,4003
27983,4893,5646,6998,8069,8069
27984,8463,8627,6061,5462,7020
27985,7799,5115,4898,3555,4898
27986,5840,6853,5548,9179,9179
27987,6057,8975,4914,4914,4914
27988,7051,5482,9010,9010,9010
27989,8234,6197,3614,3614,3614
27990,7062,6486,4765,4867,4867
27991,6820,6866,5255,5255,6336
27992,6744,3583,7405,2823,4207
27993,8075,8075,7422,7548,7548
27994,4838,7640,5708,5641,5641
27995,207,5014,5438,6558,7697
27996,5165,8390,5165,8791,8791
27997,6248,6759,6588,6588,6588
27998,8791,9076,7037,7180,7180
27999,7827,8457,8383,6837,6837
28000,6928,7926,9089,7862,1995
28001,8207,7453,8441,8441,8441
28002,7329,9075,7417,7417,7417
28003,8051,8784,8545,8031,8354
28004,4004,3436,7765,7196,7196
28005,7246,7954,8981,8981,7482
28006,6980,7954,8981,8981,8981
28007,7545,8617,7164,8141,8141
28008,8752,5855,2252,344,344
28009,8752,3181,1218,7950,4101
28010,7840,3022,2776,8752,8752
28011,251,8174,117,7870,7870
28012,9043,7234,7328,7328,7328
28013,6960,6977,6937,7574,7768
28014,3037,2213,1181,1065,1065
28015,7278,5620,5477,4194,8002
28016,7341,1425,7341,7341,8809
28017,7127,7651,8072,9006,9006
28018,7488,7149,6747,8948,8948
28019,8788,8506,8903,8610,8610
28020,5503,8546,5848,5848,5848
28021,2906,4913,2552,8173,8363
28022,5159,6196,7342,1608,1608
28023,8316,7212,8777,8777,6935
28024,8913,8070,8173,8173,8621
28025,8913,6973,7817,7092,8126
28026,8993,7447,5253,4088,4088
28027,8277,8027,7422,8703,8703
28028,8771,1200,7732,7732,7732
28029,8102,8102,6094,7869,7869
28030,8932,4449,2913,8321,2913
28031,8373,7218,7589,7589,7589
28032,4683,8521,7858,7341,8521
28033,6984,5123,7937,7459,7459
28034,2912,8285,2945,8183,8183
28035,8947,8841,7208,7110,7110
28036,8556,3973,8129,8214,8129
28037,8618,7535,7444,7485,7485
28038,8512,3174,8675,2571,2571
28039,7643,9081,8277,8277,1236
28040,536,8662,8345,8519,8519
28041,6119,6119,6779,6779,6779
28042,8241,7422,8432,6691,7788
28043,5586,5243,8700,5353,8700
28044,7292,7183,7447,7447,7447
28045,7006,8556,4974,8978,7487
28046,7795,8918,4927,4927,4927
28047,9076,7356,8675,8807,7971
28048,9220,8118,7279,6964,7183
28049,7816,7105,8803,8803,8803
28050,4959,4769,6192,4769,4769
28051,6386,5498,6386,5589,2325
28052,6497,5654,6633,6633,6633
28053,748,186,186,186,186
28054,8232,614,7400,8528,8528
28055,4676,8806,8425,8809,8809
28056,8772,1547,8280,7471,2574
28057,7013,2285,8500,16,16
28058,7026,3631,9213,9213,9213
28059,8265,834,8265,8265,8265
28060,1094,1944,2279,2279,2279
28061,366,471,8265,8265,8265
28062,7542,7003,8676,8676,8676
28063,6935,8192,8293,8293,8293
28064,608,2115,8229,7870,7870
28065,7341,7379,1480,7530,8601
28066,3314,5127,2655,328,328
28067,7521,9127,7424,8305,8305
28068,8280,8280,7017,8994,8994
28069,7539,9210,7981,8311,8311
28070,8120,8477,7717,7717,7717
28071,8715,8339,7350,8320,8450
28072,7291,7685,8445,8392,8445
28073,8947,8140,8675,8168,8168
28074,8147,7769,2396,3955,3955
28075,8434,4877,6001,8089,8089
28076,2101,1067,882,857,857
28077,3664,5791,4478,9172,9172
28078,8077,9096,9096,6980,6980
28079,7271,6980,7649,7649,7649
28080,939,1630,7040,8008,8008
28081,8456,3355,7547,6684,6684
28082,1483,135,175,135,135
28083,1695,437,663,573,573
28084,9027,8943,6937,9221,9221
28085,8395,4277,3778,8679,8679
28086,7432,7432,8970,8919,6986
28087,7266,7190,8807,8807,8807
28088,9157,7796,5549,7676,7676
28089,1407,2184,1438,6999,1438
28090,7362,6757,7559,7559,7559
28091,7620,8403,7022,8490,8490
28092,7807,8152,2324,4155,7395
28093,6482,5745,7191,7191,7191
28094,4475,6406,7807,4277,4277
28095,3716,4364,8797,8999,8999
28096,7676,7078,8496,8465,9217
28097,3891,2736,2864,6821,2733
28098,8449,7352,8398,8792,8792
28099,8923,7544,7373,8512,8512
28100,8449,7317,8701,7393,7393
28101,8133,4645,7328,4390,4390
28102,7728,3110,7681,8523,8523
28103,9190,8357,8311,7751,8311
28104,3773,2856,8038,2613,6561
28105,8938,8938,4720,4720,4720
28106,2582,5025,4275,5370,5545
28107,7965,8807,7563,7563,7563
28108,7676,1174,9102,5013,9102
28109,7563,8983,7685,8354,8354
28110,1596,6973,7182,8192,7182
28111,7508,8422,7643,7643,7643
28112,6961,8934,8530,8994,8994
28113,7477,2366,3045,9130,3045
28114,8354,8838,9208,8997,8567
28115,6873,4063,8929,871,871
28116,8136,8973,8695,2374,2374
28117,7550,7244,8147,7979,8296
28118,7992,2816,8529,8529,8529
28119,8062,3911,8093,8843,8843
28120,7226,1055,1577,8543,8543
28121,1014,7561,1715,8543,8543
28122,9075,7119,7900,7049,7049
28123,7900,7406,7900,7406,7406
28124,7031,8715,8088,8088,8088
28125,9026,9030,8371,8371,453
28126,9110,1252,26,1050,1050
28127,1621,1493,1154,89,89
28128,7316,8506,7350,8336,8336
28129,7745,9042,9171,3654,3654
28130,7183,9161,8542,8542,7025
28131,5001,7339,8623,3668,3668
28132,8445,5972,8643,8420,8420
28133,8545,7664,7805,7281,7281
28134,7988,7154,8611,9186,7065
28135,8616,8941,8941,8196,7320
28136,7921,8748,8986,8986,8793
28137,7818,8073,7333,8092,8870
28138,8804,7446,7990,7609,7333
28139,3780,2925,8003,4236,3314
28140,8403,4437,1146,1146,3164
28141,6034,8862,8862,6360,6360
28142,8913,9027,8100,7215,8122
28143,8079,8911,8199,8356,8356
28144,7959,7275,5932,8197,8197
28145,421,8939,8475,7870,7870
28146,7090,7680,8617,8617,8661
28147,7062,7661,3352,3352,3352
28148,5470,7324,8981,7661,7661
28149,7511,9068,9181,8868,8868
28150,7648,7026,5291,803,6763
28151,8300,6459,7387,8318,8318
28152,8248,7064,8921,8921,8921
28153,9069,8758,7516,7516,7516
28154,8403,7771,7731,8758,8758
28155,8295,5624,5624,8924,8924
28156,7827,8383,8794,8794,8794
28157,2910,7763,7763,7763,7763
28158,5077,7789,6726,3296,3296
28159,891,2658,3513,3663,3513
28160,3173,4228,6509,4228,4228
28161,7650,8994,7272,4437,4437
28162,1974,1191,5903,5903,5903
28163,7355,8248,8430,8430,1627
28164,9115,6562,8347,7078,2493
28165,8358,6781,6781,6781,6781
28166,8695,7431,5219,7967,7967
28167,7349,6941,7716,7716,3898
28168,7096,7096,8926,8926,8926
28169,8698,8322,7235,7793,9142
28170,372,7249,1329,1556,1556
28171,5254,8871,5554,5554,5554
28172,142,8398,536,372,372
28173,7201,3384,8960,3384,8960
28174,7113,9143,4095,3174,3174
28175,4475,3487,3792,4475,2846
28176,6322,8246,7230,8666,8666
28177,8376,7120,8827,8827,8827
28178,7556,7275,6652,6769,6652
28179,8677,3933,8507,8507,8507
28180,8235,6914,7238,7238,7238
28181,7909,6537,5950,4955,5670
28182,7012,8952,8174,8174,8174
28183,8805,7046,8065,7272,7272
28184,8302,8302,6955,6955,6955
28185,1547,6971,1536,467,371
28186,8894,1104,8312,8026,8312
28187,1128,58,1315,1315,1315
28188,9088,7438,8536,8536,9218
28189,7141,402,1420,20,20
28190,7061,7061,7061,7061,7061
28191,5437,6669,6320,8431,8431
28192,7196,3045,8038,7147,7084
28193,5014,4840,8775,4699,3678
28194,8360,3463,6419,803,8534
28195,8047,7540,9143,8166,8166
28196,8812,3564,6060,5286,5286
28197,7517,821,7770,7783,7783
28198,7162,9053,9009,9009,6657
28199,3738,888,9149,9105,9105
28200,8940,8192,7489,7734,7734
28201,7238,9159,7705,7705,7705
28202,1132,1146,1722,1722,1722
28203,4988,5935,4799,8965,2523
28204,8527,5145,6502,4278,6502
28205,7029,4687,7463,6400,7955
28206,5398,8351,5710,6673,6673
28207,8063,4288,6003,6964,5386
28208,3157,8196,7595,6673,6673
28209,6462,8559,2868,2868,2868
28210,9028,7853,9123,8491,8491
28211,9064,8402,8598,8598,7622
28212,6759,6959,5648,4989,8175
28213,8318,9182,8375,6935,6935
28214,8690,8034,7182,8690,8690
28215,8657,7703,7788,7196,7788
28216,5545,4818,5877,6216,5877
28217,8137,5359,6564,4847,4847
28218,7918,8289,3557,8730,8730
28219,4606,8106,3860,3860,6162
28220,5246,5965,6001,5965,5965
28221,8935,5222,7265,8253,2156
28222,8677,7194,7188,3420,3420
28223,6506,7829,7298,7298,7298
28224,7523,9228,8042,8042,8042
28225,4613,7268,5574,8042,8042
28226,8993,7443,4997,1575,2381
28227,8518,6650,8518,6938,6938
28228,7999,7216,8802,8802,8802
28229,7763,8608,7115,5215,5215
28230,7870,7870,7713,8306,10
28231,2921,7167,8538,8264,8264
28232,8656,1123,2051,2051,1577
28233,9147,2508,7268,7268,7268
28234,8211,7829,8211,8211,8211
28235,8211,2457,8211,8211,8211
28236,8473,5991,6831,6675,6831
28237,3350,4123,7001,7001,7001
28238,6779,3879,5470,5470,5470
28239,9001,7934,7453,7453,2232
28240,7091,8176,8528,4595,8528
28241,7289,7625,196,196,8904
28242,8993,8466,8466,8466,8466
28243,8726,5934,8154,1575,1575
28244,9022,6595,1193,1193,1193
28245,6973,8679,8019,8738,8738
28246,3778,8039,7901,3663,3663
28247,7118,4036,6706,4007,6706
28248,4518,7750,2595,2595,3115
28249,5348,2668,3934,3934,3934
28250,2756,8071,2981,3069,3069
28251,8609,8386,3820,1509,1509
28252,6962,7862,7850,7850,7893
28253,7046,6991,9232,4644,4644
28254,8568,6993,3915,7630,7424
28255,8740,6203,9056,9056,5152
28256,8494,6068,8758,8758,8758
28257,553,1050,852,3197,3197
28258,8216,8122,7588,8678,8678
28259,5286,8534,7042,7042,7042
28260,8052,8227,8105,7656,7794
28261,7367,7287,9041,8109,8109
28262,5849,5681,5365,5900,5900
28263,51,7454,8884,6079,6079
28264,6462,6462,7609,7609,7609
28265,8096,7216,8505,8505,316
28266,4304,2457,6670,6670,6670
28267,7669,8472,8102,8360,6643
28268,5362,2105,5893,5893,5893
28269,5705,3771,6791,8942,8942
28270,5608,4922,5526,5526,5526
28271,5244,6585,6689,6992,6992
28272,7395,8984,8329,8530,7640
28273,8721,8662,7541,7541,7541
28274,7197,8449,4894,7627,8530
28275,6799,5807,6623,7023,7023
28276,5552,5552,4673,9162,8615
28277,2610,9093,7001,8763,8763
28278,824,6834,6612,6612,6612
28279,8471,7435,6837,9211,7771
28280,5837,3416,6229,5274,5274
28281,7303,8386,5448,7303,9167
28282,7348,7480,4599,7480,7480
28283,8174,1712,868,8587,868
28284,8490,8490,9018,9018,9018
28285,8211,8809,8809,8809,8809
28286,8034,4317,9043,9129,9043
28287,3977,7865,2508,9148,9148
28288,8456,3674,8456,8456,8456
28289,7295,8540,8103,8103,8103
28290,8154,7678,8473,9162,9162
28291,1604,1604,1028,1028,2239
28292,7812,7874,8740,8038,2924
28293,2541,8226,8905,8090,8090
28294,1981,816,821,821,1318
28295,7104,8973,7570,7570,8007
28296,5935,8647,5334,6059,5224
28297,2598,8669,2613,7402,7402
28298,8047,8890,9226,7807,9226
28299,7378,7534,8929,7494,7494
28300,8848,6980,6980,6980,9199
28301,8513,481,2056,2146,2146
28302,1149,1400,3933,3933,1700
28303,7165,8173,8775,8389,8775
28304,1127,7317,8449,7856,7856
28305,4094,4070,4602,7896,7896
28306,3196,4865,3391,3391,3391
28307,3054,2174,4710,3391,3391
28308,8416,7659,7168,7305,3641
28309,7388,8067,5268,3453,6716
28310,8544,8190,8190,8190,8190
28311,6837,8773,8948,8852,8852
28312,7392,9071,7117,7981,9022
28313,6738,8409,8437,8186,8180
28314,1979,2253,668,9059,668
28315,8615,8984,7052,7249,8615
28316,7258,5571,4859,6857,6857
28317,7549,8954,2390,2390,2390
28318,4334,2629,4118,3106,3106
28319,2807,2330,2717,2717,2717
28320,4004,2370,3523,3523,3523
28321,8469,5608,7228,8416,8638
28322,7414,7065,7426,9190,7621
28323,6263,8534,5534,8463,8463
28324,8944,1627,8235,8157,9167
28325,9167,9222,7317,8865,8865
28326,7430,4070,9164,8931,8931
28327,8377,7127,7390,6943,6943
28328,7208,7498,9234,7163,7163
28329,547,6611,6611,401,7336
28330,4998,8750,7985,8750,7985
28331,7066,8617,7066,7066,7066
28332,9022,512,7435,8845,8845
28333,4923,6923,8046,9200,6716
28334,7829,2908,6496,6496,6496
28335,9226,6711,7929,7929,8771
28336,2359,1388,8166,5794,8546
28337,4981,6282,6270,7056,7056
28338,8836,7979,7979,7979,7979
28339,2900,8962,9188,8577,8577
28340,5795,8631,4633,8643,8556
28341,3781,2351,4480,4480,4480
28342,2660,7762,8278,8734,8734
28343,7265,60,4872,7970,5139
28344,2628,4163,7988,8493,8237
28345,7704,7876,7965,7292,7292
28346,8841,9076,8525,7656,7656
28347,8067,8173,3614,7326,7326
28348,1730,1433,1032,1032,1564
28349,7768,8917,8302,7275,7275
28350,8849,60,949,966,966
28351,9206,1248,5680,2927,1739
28352,681,2063,7648,181,181
28353,5672,5891,7961,8168,7961
28354,7431,7595,6190,7152,7152
28355,7843,8131,9106,8931,8931
28356,7947,6759,8565,8288,8288
28357,8653,6696,6266,7834,7834
28358,7375,8106,6988,6988,6988
28359,6934,2806,6057,9062,7707
28360,4394,5422,7833,4017,4017
28361,8683,5895,5204,5204,5204
28362,8821,124,7364,740,740
28363,7646,8976,8821,8539,8539
28364,7807,9120,4768,8679,8046
28365,8137,9129,9194,9194,8074
28366,8734,8413,1415,7564,7584
28367,8113,5828,8199,7284,7284
28368,669,491,2289,357,357
28369,7702,7878,7878,7878,7878
28370,6278,6831,8569,8497,8497
28371,7279,7177,7292,8108,8108
28372,7801,6288,5262,5262,5262
28373,824,7145,2410,2410,7106
28374,5532,5205,5708,8413,8413
28375,5134,4838,6330,6844,8815
28376,7974,6819,6976,6976,6976
28377,7320,8292,8571,8571,8571
28378,7384,7203,8926,7421,8926
28379,7634,8282,3226,8130,8130
28380,6939,5343,4906,4906,4906
28381,5302,8281,9032,5172,7814
28382,6939,5131,5641,6191,6191
28383,8767,7932,7937,8679,8767
28384,9055,7008,7597,7083,8153
28385,8667,8190,1708,1708,1708
28386,8386,7885,226,7260,860
28387,8652,956,7221,163,7221
28388,7043,7909,669,7557,7557
28389,8318,6287,5393,3350,3350
28390,5062,5802,5024,5024,5024
28391,8376,8532,7230,1460,7230
28392,8520,6290,8079,4891,5748
28393,6982,8146,7392,7392,7392
28394,5215,5215,5215,6496,6496
28395,9197,4646,4641,4641,4641
28396,6326,6162,7533,7570,7570
28397,7252,5259,8877,5430,8877
28398,3724,7049,6080,6521,6521
28399,7729,8350,8645,7461,7417
28400,7025,5750,7801,7206,7801
28401,1405,16,8008,8523,8523
28402,7777,8876,8762,9036,9036
28403,4542,5468,6259,6259,6259
28404,7922,9039,6780,6066,6066
28405,8447,7246,8560,8480,8480
28406,7246,6571,3410,3410,3410
28407,8414,6588,6001,6001,6001
28408,7687,7921,8219,2312,2312
28409,7178,4956,3667,8584,8584
28410,8754,8294,6476,6098,6098
28411,6061,6061,7480,9183,9183
28412,3726,8820,6655,6655,6655
28413,8127,8409,7908,7908,7908
28414,8333,5786,8042,8042,8042
28415,1089,512,8873,8589,8589
28416,5396,8678,9186,9028,9028
28417,8378,5863,2185,2185,2185
28418,3902,1793,4361,5222,4361
28419,7336,7336,7336,7336,7336
28420,467,9150,7218,7218,7193
28421,7521,8157,8299,3933,3933
28422,5190,8989,5854,4506,4506
28423,6495,5414,6922,6012,6012
28424,5836,5758,6550,9201,8167
28425,8279,7141,7130,7141,7141
28426,7492,5084,4730,5407,5084
28427,7731,7994,8384,5452,5452
28428,6041,4783,4254,3262,6802
28429,8632,4317,2660,8152,8152
28430,5864,8164,8951,8286,8286
28431,8211,8490,8924,8945,8924
28432,7505,7610,6782,6720,6720
28433,7841,7290,9206,8490,8490
28434,7930,3642,9010,8954,8954
28435,8117,7365,6216,6216,6216
28436,279,177,1408,1408,1408
28437,7198,2327,9012,9012,9012
28438,8652,8692,7201,7201,7201
28439,86,1109,8839,8114,7917
28440,7126,7126,8475,8171,8171
28441,7618,780,264,264,264
28442,1255,7517,9150,2117,1669
28443,7480,4615,5788,5788,5788
28444,6139,5269,5590,3667,3667
28445,9108,7243,4515,7243,7243
28446,7242,2813,3873,6963,6963
28447,7685,4367,4000,2802,4000
28448,2864,7488,3438,8999,8999
28449,7800,7159,8314,8029,8029
28450,5389,6801,4650,6546,6546
28451,7692,6357,9109,9209,7682
28452,8683,3665,4132,4132,4132
28453,2279,1509,9150,1986,1986
28454,7305,3475,3874,4132,4132
28455,8915,4769,5477,5477,5477
28456,4873,5557,7790,5997,5997
28457,4743,5437,1331,7056,7056
28458,5895,4670,4409,5919,5919
28459,5042,7509,5923,4844,6495
28460,3217,4535,6909,6909,4893
28461,6683,5724,7872,7872,7872
28462,8951,2629,7188,6104,6503
28463,566,7575,6198,7797,7797
28464,7125,4378,8680,3413,3413
28465,8173,1947,3959,727,3346
28466,7401,4947,5107,4793,4793
28467,7481,5107,5092,5092,5092
28468,8955,3663,8981,8516,8516
28469,1174,5047,1831,1831,1831
28470,7051,5768,4806,9163,9163
28471,2996,3974,5799,7036,7036
28472,7887,7194,6996,8180,7707
28473,5698,6112,6765,6765,6342
28474,8824,8824,2550,3580,3580
28475,4933,5183,5993,6681,6681
28476,7227,7227,8971,8971,8971
28477,3742,8065,3742,1029,1029
28478,7262,6039,8459,7435,7435
28479,2744,7713,7756,8677,8677
28480,8264,8792,8670,8670,8670
28481,2912,2530,4161,7191,8388
28482,7214,7214,5264,5985,7214
28483,5712,8553,5355,4966,5956
28484,7214,7214,7214,7214,7214
28485,1952,4857,4995,6326,6326
28486,853,1471,8304,627,627
28487,5616,5551,5911,6343,6343
28488,8611,891,2378,8907,8907
28489,6674,6534,6674,8786,8786
28490,8607,7032,7115,7115,7115
28491,1389,7452,7767,9083,9083
28492,8913,8070,8019,8776,8019
28493,3750,3896,2425,5214,5214
28494,5788,7186,5554,3516,2620
28495,6852,7626,6195,9056,6195
28496,4108,4515,3107,4251,4251
28497,6234,6781,9225,9225,9225
28498,8188,5474,9161,4786,4786
28499,7604,7604,8542,7039,8336
28500,8844,8934,8781,7334,7334
28501,8612,3965,3851,4047,4047
28502,8701,4425,7833,2341,5039
28503,6711,6711,4819,7861,4060
28504,7304,5829,9016,5771,5771
28505,141,3548,191,191,2184
28506,7783,4715,8712,4262,4262
28507,8003,8847,2611,7474,4861
28508,8209,7472,8194,7003,7003
28509,8106,3618,4288,7291,7291
28510,7418,7093,7835,9073,9073
28511,8631,7591,7313,7566,6951
28512,9041,9041,7653,7208,7208
28513,8600,7367,7417,8841,8841
28514,8572,8654,7868,7037,7177
28515,1405,394,4344,4344,4344
28516,8491,8954,8938,8061,7404
28517,8879,2362,8806,8153,8153
28518,4645,7700,8504,8504,8504
28519,663,7101,8469,663,663
28520,8823,8823,3062,8823,3062
28521,8526,6650,5124,5124,5124
28522,7216,7083,5829,7932,7932
28523,5320,7978,1029,1029,1029
28524,5295,7568,888,817,817
28525,6557,6746,3065,6268,6268
28526,5642,5646,5971,6730,6730
28527,6934,7912,8585,6082,6082
28528,7365,2492,7841,7841,7841
28529,7159,6990,4772,6937,8632
28530,7667,7551,7883,4783,4783
28531,7480,7460,7460,7460,7460
28532,8139,5288,6515,6515,6515
28533,5232,4434,6657,4434,6833
28534,7695,7085,7186,7186,8823
28535,6959,8762,7649,7649,5015
28536,7123,4998,8615,7052,7052
28537,7881,7126,1746,2708,737
28538,9078,9078,1498,8615,8615
28539,7885,8257,8257,8257,8257
28540,255,8943,8367,8367,7393
28541,8633,371,956,956,956
28542,7251,8695,3584,7933,7933
28543,7889,8836,8033,8033,8033
28544,7791,3275,2775,3144,3144
28545,8344,1850,1712,142,722
28546,7448,7240,7846,7846,585
28547,8253,7999,8989,1703,1703
28548,8983,7010,7420,7049,7049
28549,8991,8903,8903,7329,7329
28550,4684,7787,8196,3603,8196
28551,7942,9000,9033,4096,4096
28552,7805,8948,9217,9217,9217
28553,7319,3047,7588,4763,4763
28554,7503,6968,9059,9059,9059
28555,9121,7489,6935,6935,6935
28556,7781,8205,7593,9081,9081
28557,2407,4851,7461,8393,4851
28558,4785,6371,2466,4625,4625
28559,6902,4088,4684,4754,4754
28560,6187,5739,4952,2893,2893
28561,6015,7397,8732,8732,8732
28562,7803,6352,5730,5446,5446
28563,7184,8367,7937,9128,7804
28564,8357,4434,4831,4831,5179
28565,9208,5968,3397,3397,6162
28566,4106,2359,6419,1849,1849
28567,357,8579,8579,9140,8398
28568,8469,9095,8119,8619,7976
28569,5726,4535,4535,8391,4535
28570,8952,3983,7457,2919,2919
28571,7915,8859,3453,3453,3453
28572,2282,3266,717,1226,760
28573,4766,3030,8514,5290,4588
28574,7864,8532,7017,8934,8934
28575,1029,8634,7378,7822,8360
28576,7282,7682,8459,7682,7682
28577,3921,5522,8145,4488,2994
28578,6183,6672,6788,6788,6788
28579,8221,8221,8064,8064,8064
28580,6384,7789,4645,8069,8069
28581,8497,1758,2007,8,8
28582,8763,5399,7562,7555,7555
28583,401,845,1979,1979,1979
28584,2604,8683,3466,3466,3466
28585,7715,6756,4998,8754,8754
28586,7401,3970,4440,5991,4440
28587,6123,8935,7224,7224,7224
28588,8993,9129,6104,5508,5508
28589,8316,6088,4454,8488,8488
28590,8514,8049,7579,8504,8504
28591,7956,8456,7844,8073,8073
28592,8530,7352,9081,7293,7293
28593,5221,5961,2387,3818,3818
28594,7660,8443,8205,8443,8443
28595,5349,5864,5147,5147,5147
28596,8070,7746,8070,8070,8070
28597,4437,3586,3616,3492,3492
28598,7541,9218,7046,7046,7046
28599,8921,8342,4491,7864,7864
28600,7423,9066,6674,6674,6674
28601,7357,9216,6057,6488,6488
28602,5089,8448,7216,7216,8873
28603,2703,5804,4397,4848,4848
28604,9128,4390,7614,9178,9178
28605,8776,7261,1456,8825,8825
28606,7958,7092,3439,8024,8024
28607,3842,8779,8844,8844,8844
28608,8799,3820,7491,7301,7301
28609,9084,8499,8476,7984,8135
28610,1791,1394,7249,7836,7836
28611,3251,4524,3785,3662,3662
28612,4043,2686,2735,2735,3647
28613,4099,4540,2881,4477,4477
28614,462,8173,350,350,350
28615,8029,7293,7040,7040,7040
28616,7862,9089,9089,9089,9089
28617,7867,8626,8097,1527,8097
28618,1764,323,664,38,38
28619,1465,8792,1240,8025,8025
28620,141,8870,3902,8705,8705
28621,7937,7061,7753,7574,7574
28622,7639,7525,7727,9221,9221
28623,40,346,1349,1023,1023
28624,1319,1319,2061,2061,2061
28625,5465,7419,1571,2014,2014
28626,1296,1050,749,2126,7784
28627,8857,8341,8696,2640,2640
28628,7448,8001,536,2296,2296
28629,8765,9045,8216,8216,8216
28630,8898,8293,8157,8157,8157
28631,7351,8829,8061,8061,8061
28632,8326,6384,6658,6658,6658
28633,7045,4821,7397,7615,8221
28634,7814,4844,4867,6112,4867
28635,8816,6187,6362,8627,6362
28636,5456,5869,5640,5801,5801
28637,8373,3160,4136,8463,8869
28638,8795,8109,8654,8654,8654
28639,3724,8006,7583,4215,4215
28640,1976,7805,7177,7177,7177
28641,7394,7016,4332,4332,4332
28642,2994,2067,5838,5823,5823
28643,8486,5819,3113,3113,3113
28644,5089,949,7237,6347,6347
28645,6956,9222,1016,1016,1016
28646,4905,1872,1872,4905,4702
28647,6043,5290,8213,5589,5589
28648,4677,5182,5712,5851,5247
28649,6888,5803,4802,5666,5666
28650,5222,8186,191,191,191
28651,8589,8148,8180,9071,9071
28652,7220,7763,7815,6984,7815
28653,7281,7550,4995,4995,4995
28654,9102,2423,7195,7195,7195
28655,5626,8909,8466,5425,5549
28656,7316,7957,7267,7267,7267
28657,9067,8838,7420,7676,7676
28658,8635,8020,3668,6054,8060
28659,7995,8530,7593,8452,8452
28660,1383,7391,3179,8199,8263
28661,8617,9059,8523,4016,4695
28662,1055,263,1425,5759,1014
28663,8553,6797,2523,2957,2957
28664,3516,364,8985,4766,4766
28665,7532,8776,7764,7764,7764
28666,8676,8441,8665,8943,8943
28667,7802,8272,7080,8487,7080
28668,6509,6596,7695,6887,7695
28669,3566,8083,8436,6811,7090
28670,6923,3902,7832,7832,7832
28671,8618,8291,5476,5476,7594
28672,7331,8465,8140,8140,8030
28673,7096,8948,9042,8684,8684
28674,9016,7514,8522,7053,7053
28675,7527,2866,7124,7316,7316
28676,7287,9074,7285,8466,8466
28677,7518,7643,7643,7643,7643
28678,7450,8607,8721,8293,7897
28679,3612,7272,7867,7867,8315
28680,6268,8710,7874,3631,4449
28681,7641,3929,3355,2530,3355
28682,5157,5018,8368,7054,7393
28683,7458,4423,8637,3766,3766
28684,4110,3413,694,4910,8346
28685,8194,2566,2566,2566,1649
28686,8710,7440,7463,7463,7463
28687,5873,8955,5840,6779,6779
28688,7492,5768,7831,5768,5768
28689,8826,6486,8826,5801,8826
28690,3983,8811,8368,5495,5495
28691,8826,6486,8826,8826,8826
28692,5474,7200,7281,7281,8088
28693,1952,4453,5988,5988,5988
28694,5478,7595,8196,8196,8196
28695,7179,4315,1213,8269,8692
28696,9095,8137,8309,8870,8861
28697,7783,6932,6932,6932,6932
28698,7301,8417,7433,7433,7433
28699,2996,8566,8995,8995,7438
28700,7176,7032,8216,8216,8216
28701,5923,2902,510,8077,466
28702,7649,5807,7649,6763,6763
28703,9116,6399,7189,7121,7189
28704,8233,7841,7192,7870,7870
28705,4565,6260,4893,4893,4893
28706,8319,3487,7775,7775,7775
28707,8836,8522,9217,8510,8510
28708,5449,8867,9185,2400,2400
28709,7905,8296,8273,7540,7540
28710,8603,8955,8955,8955,8955
28711,8750,8747,7660,7660,7660
28712,733,886,8263,8263,7972
28713,8822,8061,8398,7064,8398
28714,8721,8607,8257,8216,8216
28715,8709,7571,4191,3498,3498
28716,3045,7816,8291,8291,5253
28717,8795,8931,8426,8426,8426
28718,8227,7281,6943,9235,9235
28719,7221,3933,7521,453,453
28720,5822,7820,7601,949,4760
28721,8253,8899,8808,9039,9039
28722,3078,2411,7607,3041,8744
28723,9225,8745,8635,7865,7865
28724,3400,8338,4055,4055,4055
28725,8614,3929,3929,3929,3929
28726,7673,7673,7101,8792,8792
28727,6989,9154,7673,6989,6989
28728,2407,6691,4008,4803,4803
28729,5287,7251,7150,7150,7150
28730,1595,2749,4010,8962,8962
28731,7841,7539,9154,9154,9154
28732,8586,8586,7544,8952,8952
28733,1081,7317,1826,8019,8019
28734,2937,4081,1633,5984,5984
28735,5164,1002,4273,4540,4540
28736,7774,7152,7785,8572,8572
28737,4036,8824,4599,2055,4599
28738,4036,1656,5520,4220,4220
28739,4106,3418,6424,5506,5506
28740,6124,8772,3503,5912,5912
28741,3179,4891,7066,6893,6893
28742,2645,4277,7901,7901,7901
28743,8594,5242,8699,5210,5210
28744,6047,8820,6819,7383,6819
28745,9078,7286,7660,7660,7660
28746,8508,7345,5079,9040,9216
28747,8448,7345,6479,8713,6479
28748,2321,7192,2376,2921,2921
28749,7986,3034,4176,4944,4944
28750,4933,5342,5342,8359,8359
28751,5696,5510,9066,5510,5510
28752,1029,7813,7812,4447,8408
28753,5250,2970,6073,6786,6786
28754,8156,7877,8804,9088,8804
28755,7060,7710,8304,3304,3304
28756,7060,3467,9202,6237,6237
28757,9221,6962,8441,8070,8070
28758,8226,8690,7728,7728,7728
28759,5602,6072,5602,5602,5602
28760,8701,8507,7008,7937,7937
28761,9054,9055,5440,5440,5440
28762,6757,5274,7458,8461,8461
28763,5023,5101,5023,5023,5023
28764,7027,9164,8407,6954,8407
28765,7093,3760,8926,8926,8926
28766,6954,8087,7816,7067,7816
28767,5276,7850,4774,7763,7763
28768,8464,8975,7505,316,7581
28769,5725,5149,5725,5725,5725
28770,676,594,2613,7233,8362
28771,3503,4471,7876,8890,8890
28772,8692,2191,1029,1174,1174
28773,4053,7674,8724,8397,8649
28774,8975,7846,8829,8829,9228
28775,8276,2232,7046,8822,8822
28776,3621,6625,5606,5606,5606
28777,8154,6065,6237,5320,5320
28778,7790,6270,8660,7622,7130
28779,5403,7085,8680,6075,8680
28780,5052,8846,8680,8680,8680
28781,6117,5273,8749,2679,2679
28782,2296,8441,7519,7519,7519
28783,1127,8264,8591,8591,8591
28784,8388,8776,7012,4860,4860
28785,6199,5597,7224,8427,8427
28786,2658,8974,3263,3263,3263
28787,4478,9181,7659,8774,8774
28788,5696,8223,7565,7565,8384
28789,6038,6038,7995,7995,3270
28790,9066,9066,9066,8223,8223
28791,5674,5749,6115,5859,6115
28792,2906,4357,6497,6497,6672
28793,3278,2915,2545,2545,2545
28794,8058,8464,7989,5123,5123
28795,9219,9219,7135,7424,7424
28796,7877,7404,6982,8590,8197
28797,7961,7414,8558,7805,7805
28798,5058,6069,8351,4717,4717
28799,6986,8803,8803,8571,8888
28800,8935,7046,9176,9176,9176
28801,7902,8606,2975,2975,8135
28802,8267,8149,9062,9062,9062
28803,8658,8097,7750,7628,1538
28804,7364,7456,9174,9174,9174
28805,6558,7012,7489,7307,7307
28806,6517,6119,6225,8436,8436
28807,7722,5289,7327,7327,7327
28808,7555,5039,6186,6186,7495
28809,7405,8130,3584,7417,7417
28810,7791,7839,9205,9205,9205
28811,8891,7418,8604,7359,8604
28812,7303,8856,8133,8133,8133
28813,7965,8210,8660,8660,8660
28814,8441,8954,7856,7856,7856
28815,8277,2055,4852,4613,4613
28816,5062,2321,8714,5828,5828
28817,5828,5828,8703,8703,7919
28818,6439,2114,1498,8015,8015
28819,520,1001,664,638,664
28820,2552,7013,4603,8576,8576
28821,4629,4849,6335,8458,8458
28822,3977,8123,8346,8346,8346
28823,8133,7938,7169,7169,7169
28824,7313,8031,7907,7558,7558
28825,7096,8362,7957,8948,8948
28826,7497,8088,8108,9118,8691
28827,7934,555,7797,7797,7797
28828,7934,1127,1430,1430,1430
28829,768,8229,9059,9059,9059
28830,8496,7706,8217,7128,7128
28831,7148,2866,7309,8240,7309
28832,7148,7656,7235,7235,7447
28833,4076,8512,8267,8267,8267
28834,4211,2595,3777,3777,3777
28835,7508,8738,8371,8914,7584
28836,7900,8841,7960,8980,8980
28837,7444,8147,8888,8888,8571
28838,8052,8450,8555,7591,7591
28839,8605,6063,3720,3720,3720
28840,7001,7911,7911,5216,5216
28841,8000,7911,7911,6573,6573
28842,7336,9048,8851,7289,7289
28843,8832,7042,7051,7051,7051
28844,516,1357,1357,1687,1687
28845,7500,8870,4818,6973,8070
28846,4477,2691,3518,3518,3518
28847,4209,2503,4554,4670,4391
28848,5429,5386,7985,7431,6743
28849,6972,5882,9130,9130,9130
28850,6309,8699,1241,1241,1241
28851,8143,5748,8923,8923,8923
28852,7597,6720,5707,9107,9107
28853,3503,8476,6700,6983,6983
28854,3798,5883,6895,6895,6895
28855,9221,8171,8312,8113,8946
28856,7363,8115,9034,7295,7295
28857,4550,395,4665,1235,597
28858,8488,8528,6205,5727,5727
28859,5967,6168,8883,5174,5174
28860,3114,7453,8930,8500,8500
28861,1850,2115,8929,8029,8029
28862,8381,7658,7146,8153,8703
28863,8599,8599,8599,8599,8599
28864,7053,7331,8653,8354,7068
28865,8052,8084,7127,7187,6131
28866,7490,8108,7414,8084,8084
28867,7570,7900,8339,8618,9124
28868,7787,5676,5417,4748,9233
28869,9091,4540,2558,2558,2558
28870,3509,9091,9091,9091,9091
28871,6804,4776,2388,6380,6380
28872,7885,8725,7593,417,417
28873,1355,2451,8725,8725,8725
28874,1773,7579,1875,7668,7668
28875,7064,9216,8155,8155,8155
28876,7064,7734,7032,7032,7032
28877,7274,8008,7146,7962,7962
28878,3033,2540,7137,7137,7137
28879,4028,2597,3978,6181,6181
28880,6329,8614,8327,7955,7955
28881,8071,8046,2534,3232,3232
28882,7531,7956,7724,7724,7724
28883,5869,6236,2524,5328,2524
28884,7073,7389,9118,7716,7716
28885,8227,7907,7206,6992,7563
28886,9060,9177,8647,8273,8273
28887,7986,5498,6802,1294,6583
28888,9019,7622,7612,7612,7612
28889,8468,3977,7612,7612,7612
28890,7675,2084,7675,829,829
28891,6936,4682,7023,2971,2971
28892,8473,8683,8785,3627,3627
28893,7313,7180,8239,7801,7665
28894,7568,8088,6988,6988,7787
28895,9235,7037,8240,7825,9100
28896,135,6632,6211,5755,5755
28897,9140,9140,9140,9140,9140
28898,9140,9140,9140,9140,9140
28899,8523,7054,6989,7054,8475
28900,7852,7348,8609,8609,8609
28901,7773,6220,5736,5736,5736
28902,3668,8867,7527,7527,9142
28903,7693,2692,8379,9130,3364
28904,8909,3154,9016,9016,7420
28905,6613,6424,6499,6499,6499
28906,8213,6563,8260,4448,4448
28907,3425,5239,4193,4193,4193
28908,962,1364,191,173,173
28909,8951,7274,9095,8199,8199
28910,4506,4209,7125,4209,7125
28911,7679,8804,7034,8804,8804
28912,7512,8383,6695,3902,3902
28913,8994,8728,1330,1330,1330
28914,5827,6717,5642,5642,5642
28915,3374,3487,5976,7537,7537
28916,6124,6720,7246,3922,3922
28917,9049,7118,7118,7599,7599
28918,7354,8083,7317,7317,7317
28919,8690,8389,8013,5699,8392
28920,4478,4768,6912,9143,9143
28921,4938,5901,6525,2577,2577
28922,8821,9120,8013,4353,4353
28923,6953,8993,7752,7752,7752
28924,7345,8421,8065,8065,8065
28925,6017,4965,8203,586,7265
28926,7283,3697,2906,2906,2906
28927,7085,5220,7701,5136,5136
28928,3456,7171,9054,9054,7683
28929,7881,6183,5873,2089,7179
28930,455,7814,7955,2285,1249
28931,9166,7020,8310,8310,8310
28932,8298,8544,7018,6257,8917
28933,7341,7032,8606,4806,7990
28934,8383,9026,5149,5149,5149
28935,5155,4465,4925,5384,5384
28936,8158,4438,5784,2789,2789
28937,8789,2576,7738,8889,8889
28938,5010,6097,5209,5209,5209
28939,4706,5090,5957,4798,4798
28940,5966,5113,5622,5927,5927
28941,1460,6076,429,388,388
28942,6973,8081,8865,8532,8865
28943,8172,2433,1417,1417,1417
28944,7944,9088,2608,3612,3612
28945,8937,8917,9212,7427,7427
28946,7875,5836,6898,7038,6898
28947,6784,141,3409,3409,5767
28948,6116,6962,351,5515,5515
28949,8488,8664,6009,5879,5879
28950,7648,7802,7650,7159,7159
28951,236,8158,7571,7949,6082
28952,8314,4688,5340,5598,5598
28953,7926,8318,7489,7489,7489
28954,8657,8856,8847,8257,8959
28955,1184,3568,5360,5360,5360
28956,7115,8175,8057,6324,6324
28957,7051,4938,7657,8295,7657
28958,7823,7823,6984,8146,8544
28959,8793,7349,8573,7992,8573
28960,7079,7128,742,742,742
28961,7010,7010,8616,7900,7900
28962,5349,5201,6679,5733,5733
28963,7164,7684,7210,7210,7210
28964,4355,3948,5005,5005,5005
28965,5986,5833,8159,8159,8159
28966,8159,6244,8159,8159,8159
28967,8247,4745,4745,4745,4745
28968,2225,1879,1326,222,547
28969,8679,4866,5228,8762,8762
28970,8262,304,1949,1228,1228
28971,5919,6444,5712,5014,5712
28972,7354,8876,5,3419,3419
28973,5743,3351,5247,6598,5225
28974,7531,1759,7398,7398,7398
28975,48,1230,402,9206,891
28976,2653,9223,8421,8421,8421
28977,7404,7013,8898,6439,6439
28978,8154,6810,7593,7593,6928
28979,7343,1688,6956,9081,9081
28980,7355,8045,8764,8727,8727
28981,8994,7532,7735,2311,8316
28982,3382,7981,4489,8974,8974
28983,8829,7446,7446,7753,7753
28984,6982,6778,5916,8505,8505
28985,4506,7446,7446,3493,3493
28986,771,7885,9201,9201,8025
28987,7017,1154,883,1331,1331
28988,108,9044,8400,8400,8400
28989,4483,4483,9183,7812,7812
28990,2329,8634,1981,1981,1981
28991,5223,3293,5179,5179,3034
28992,5788,3118,7323,8513,8513
28993,9143,8164,7378,7378,7378
28994,6957,8166,7199,7199,7199
28995,7678,3838,5487,3727,3727
28996,1642,1258,1446,2207,2207
28997,4433,8882,3350,4565,4565
28998,8173,8870,8157,2451,2451
28999,7897,3382,7261,8844,8844
29000,6961,6961,9085,9085,9085
29001,7175,7479,8535,6235,6235
29002,8697,7805,4974,4974,4974
29003,7694,5955,5405,9188,4633
29004,5914,5641,6027,6027,6027
29005,6770,4700,4993,5687,5687
29006,7442,4870,6210,7186,7186
29007,5993,4818,2661,2661,2661
29008,4483,6924,4323,7930,4323
29009,5967,7056,5460,5460,5460
29010,8702,3792,8024,8024,8024
29011,7768,8520,8448,8868,8442
29012,7230,4407,5393,7871,5393
29013,9079,6541,9020,8245,8245
29014,8557,7765,7127,8686,8686
29015,8973,7479,5913,5913,5913
29016,8454,8168,9117,9117,8478
29017,7279,5590,6326,8791,8168
29018,6052,8105,9115,8980,8980
29019,7058,8572,8931,8681,8681
29020,8031,7356,8018,7076,7076
29021,7127,8169,4241,3917,3313
29022,7229,4254,3311,4614,2955
29023,6072,8640,6934,5310,5310
29024,3495,3520,6603,5851,5851
29025,7693,8558,7693,7693,7693
29026,5007,3395,7000,4246,4246
29027,6101,8056,2489,7086,7086
29028,4352,3590,3590,3264,3590
29029,9184,6094,8705,8705,8705
29030,9184,5370,6094,5308,5310
29031,8751,7848,7469,8394,8394
29032,8317,8664,9032,9032,9032
29033,7938,9053,8497,8497,8497
29034,8215,7568,2387,2387,2387
29035,5836,6006,8673,2390,8673
29036,7332,6686,5702,5702,5702
29037,7226,7226,7226,5624,7226
29038,8543,6527,832,832,832
29039,5759,7866,5126,5126,6483
29040,5448,5503,8944,5448,8944
29041,4489,906,5083,2937,2937
29042,7370,3842,7561,7561,7561
29043,4897,7505,8096,7827,7827
29044,9017,6027,3416,3416,3416
29045,7262,8243,4076,8092,8092
29046,7993,3297,4487,2560,2560
29047,6695,8057,5379,6960,6960
29048,7724,8574,7438,8318,8318
29049,7945,7405,7152,9164,9164
29050,5055,8592,7596,7596,7596
29051,7140,7603,5972,7671,6189
29052,7600,9233,6215,6215,6215
29053,7356,7163,7634,8354,7594
29054,6162,4853,3184,3730,3730
29055,5665,8646,7097,7097,7097
29056,6804,5467,6870,6870,6870
29057,4978,5771,5481,4820,5210
29058,5368,5807,5601,5601,5601
29059,8080,5220,5220,5220,5801
29060,650,7695,7545,8880,8880
29061,8984,8652,2058,7052,1267
29062,7257,1299,7249,7249,7249
29063,8064,7207,8480,7628,7628
29064,7111,7835,7152,9108,9108
29065,6944,9098,8237,7729,7729
29066,7769,7385,8715,9007,9007
29067,4686,128,2588,7842,7842
29068,8789,224,4942,4942,4942
29069,5837,1085,536,536,536
29070,7625,7625,8537,8537,8537
29071,6983,9080,1308,7815,7141
29072,8574,6479,8190,7575,7601
29073,9099,9099,7423,8722,8722
29074,413,1458,5489,5762,5489
29075,9099,9099,7938,7492,8528
29076,8935,7484,2311,2311,2416
29077,8403,7050,6960,8151,8151
29078,8490,8429,5514,7853,5452
29079,8852,8184,9188,7634,7634
29080,8018,8125,7809,7563,7563
29081,7600,8195,6836,8354,8354
29082,8609,3905,1194,8749,727
29083,5855,6533,5372,6161,7758
29084,9104,6545,6284,7911,7911
29085,7769,8556,6551,5887,5887
29086,6215,7957,6231,6231,8460
29087,8506,7967,6988,7787,7787
29088,7366,7966,6504,9000,9000
29089,7301,8794,9178,9178,9178
29090,7858,8767,7388,7829,7506
29091,4193,5881,7125,6862,4828
29092,3026,5265,5265,5265,6196
29093,7342,6786,4898,6677,6677
29094,5851,4677,4677,4677,4677
29095,8472,7300,3588,3588,3588
29096,2296,7475,3649,5487,4472
29097,7430,9041,8377,7550,7550
29098,7566,8322,8322,8322,8322
29099,9134,2335,3522,4260,8220
29100,7293,8115,8144,8025,8025
29101,8811,8425,959,8299,8299
29102,8025,390,2076,2076,2076
29103,9042,7110,8465,7124,8465
29104,8697,7540,9217,9082,9208
29105,9042,8807,7356,7356,7356
29106,7640,4409,6998,6576,6576
29107,6351,5294,5562,9105,9105
29108,6514,5647,5792,6132,5792
29109,6945,8120,6935,6935,6935
29110,7181,7357,9193,8727,8727
29111,8010,6935,7352,7352,7352
29112,6247,7504,471,844,1199
29113,484,1789,2127,2127,2127
29114,1314,1174,519,8481,8481
29115,1511,1088,1707,1345,631
29116,8371,5786,5786,8348,8348
29117,8441,1995,8207,8258,8207
29118,8980,8926,7053,9142,9142
29119,8836,6332,8291,8291,8291
29120,7359,9171,7566,7566,8012
29121,8045,3839,7042,7042,8819
29122,7525,6837,7569,7569,7569
29123,8199,8402,6837,6837,6837
29124,8623,7267,8353,7321,7321
29125,9118,8686,8162,9217,9217
29126,7183,4843,2799,8789,8789
29127,8514,7802,7659,7659,7659
29128,5428,8900,7462,3933,7021
29129,8741,8741,8741,8741,8741
29130,6456,8260,6347,5291,5291
29131,7658,8448,9055,8010,8010
29132,5089,7804,7670,3794,3794
29133,8788,8788,8788,5219,5219
29134,8351,8118,2966,7808,7808
29135,7276,7666,4748,8012,8012
29136,8645,8645,7096,7096,7096
29137,7350,8273,7231,9042,8476
29138,9161,5027,7356,7356,7356
29139,7897,6982,7151,8137,8137
29140,7877,9109,7131,8713,8713
29141,8167,8065,8253,8253,7512
29142,9040,9018,7022,9018,7829
29143,6837,2580,3743,3743,3743
29144,8688,7310,8156,8156,8156
29145,9006,7664,7671,7287,7287
29146,7839,8240,8970,8970,8358
29147,6972,8445,8618,7961,2312
29148,7610,1380,3771,4456,4456
29149,8747,2927,8747,8747,7799
29150,5644,6852,4406,5496,5496
29151,6047,7302,3164,3164,3164
29152,7207,8880,5446,8880,7077
29153,7475,8287,5884,4731,4731
29154,7965,4662,3110,3110,3110
29155,7050,3997,3676,1193,7993
29156,9156,8942,9188,9188,9188
29157,8207,8192,7925,7925,7726
29158,6628,8113,7515,6973,7975
29159,9044,8954,9231,7003,7003
29160,9218,9216,9216,9216,9216
29161,8293,7673,8729,8207,8207
29162,8293,8777,8055,7746,7746
29163,8177,5611,5312,1200,4196
29164,2776,6468,8121,4890,4890
29165,7734,1796,7303,9166,9166
29166,8595,8148,8773,8148,8773
29167,4638,6057,5957,5957,5957
29168,9206,7936,7539,7141,7141
29169,7029,5287,7513,7513,7513
29170,4720,4720,4720,4720,6616
29171,6165,5681,6050,6021,6021
29172,1453,3021,7301,7301,7301
29173,7477,8467,8414,8414,8414
29174,9217,8332,7882,7315,7315
29175,3190,2521,4633,2966,2966
29176,7979,6647,2871,2871,2871
29177,6804,6494,2973,6034,6034
29178,8925,7985,5496,6713,6713
29179,2622,5264,3588,7565,7092
29180,4701,7463,6350,5953,5953
29181,7359,8843,8635,8347,8347
29182,6348,5106,7984,8401,8401
29183,7848,5875,7045,7045,7045
29184,8952,7336,8026,8026,526
29185,9028,7274,4683,8674,8674
29186,6993,62,9045,8811,8811
29187,3647,7656,8565,8744,8744
29188,8769,8438,8072,8227,8184
29189,8798,9091,3412,8511,4803
29190,7308,4038,7442,2211,2211
29191,5992,5612,5992,4831,5992
29192,6995,7192,8634,8399,8399
29193,8447,7711,3995,3995,9203
29194,6924,7764,2919,2919,2919
29195,3332,3149,3073,3918,3918
29196,8262,6065,3015,6774,6774
29197,3929,6774,2648,7813,7813
29198,8693,3270,7879,9012,9012
29199,4952,8488,7991,4773,4773
29200,6012,7974,6293,6293,6293
29201,6330,5131,8815,5385,5385
29202,2707,2016,2014,1136,75
29203,1613,2707,3366,3366,604
29204,3317,6297,3961,3961,3961
29205,6468,8114,3566,3566,3566
29206,4626,4898,8826,8826,8826
29207,3713,6404,4861,7528,6782
29208,8693,27,8761,40,2207
29209,2846,4160,3956,3956,3956
29210,7828,8310,7469,7469,7469
29211,7345,2421,8057,8057,8057
29212,8151,2975,8180,6936,6936
29213,3130,7274,6817,3602,3602
29214,9151,7031,8095,7794,7794
29215,8841,8841,7067,7067,7067
29216,6332,7961,8950,8950,8407
29217,9042,8289,7889,5421,5421
29218,7806,8188,8872,6588,6588
29219,7037,7010,6943,7390,7390
29220,6081,6683,6561,6471,3364
29221,7967,7905,8895,8877,8877
29222,6332,8558,5429,4436,4436
29223,5474,5474,8625,6861,8625
29224,7441,5474,8838,8838,8838
29225,4843,7316,5972,8623,8623
29226,8849,5884,5986,4841,4841
29227,7077,6788,5618,6075,6075
29228,7996,8880,7875,7875,7695
29229,8878,7895,8043,6993,6952
29230,7335,4904,6168,7494,6168
29231,7947,7018,8384,7423,7423
29232,5967,4814,4867,4867,5969
29233,6606,8064,7701,6677,6677
29234,8049,7764,8902,7169,7169
29235,8899,8767,4335,4335,5292
29236,5718,6889,7071,6839,6839
29237,8463,7626,8933,8933,8933
29238,7360,7245,7020,8050,8050
29239,585,1527,7648,8172,8172
29240,1270,7179,462,9089,1712
29241,7957,5417,6248,8350,8350
29242,8339,7180,9075,8396,8877
29243,6588,3398,2801,8933,4780
29244,5733,5446,8680,8680,8680
29245,5140,6562,6919,8129,6919
29246,6560,7085,8331,3027,8331
29247,2420,7357,5717,8954,7969
29248,8140,7744,8697,7795,7795
29249,8797,6190,6555,8797,8797
29250,8823,8880,6192,3308,3308
29251,8816,6397,5186,6614,6679
29252,2608,6967,7640,8747,9133
29253,9034,9034,6937,9034,6937
29254,9034,9034,8199,9034,8185
29255,9034,9034,9034,9034,4167
29256,7619,8412,7314,7314,7314
29257,1308,1370,628,844,844
29258,7061,8246,9001,8100,8100
29259,7006,7563,7663,8184,8184
29260,7795,8835,7634,8599,8599
29261,7795,8134,6948,6948,6948
29262,5247,7197,8971,2114,2114
29263,4837,5623,5623,7249,7249
29264,6989,7751,7764,7998,7998
29265,7734,8873,8498,8111,8216
29266,8739,350,8739,8739,8739
29267,7885,7885,8137,8137,8137
29268,7019,7336,7317,7293,7293
29269,8652,7293,8898,7293,7293
29270,8738,9039,7521,6806,6806
29271,8991,7163,7886,8438,8438
29272,8407,8168,8460,7566,7385
29273,8031,7025,2309,2309,2309
29274,7754,5123,9032,9032,9032
29275,8348,4317,3436,7229,3564
29276,5182,8208,7923,891,4271
29277,8239,8352,3359,9164,7486
29278,7037,7292,7805,7805,7805
29279,8188,8240,8788,8610,8610
29280,2490,7788,7736,8667,8271
29281,7523,7220,8369,8369,8369
29282,8975,8975,8975,8975,8975
29283,8262,8435,8435,8435,8435
29284,8613,781,957,633,1841
29285,8979,455,6952,8774,8878
29286,8836,7801,6332,8217,6332
29287,6332,7280,7208,8217,8217
29288,7163,4633,7128,8217,7128
29289,7215,2965,7032,7032,7032
29290,9153,1892,8746,8746,8746
29291,5338,2564,6859,5341,5341
29292,7594,7099,7329,7417,7417
29293,8517,6525,9137,9049,9049
29294,3466,8069,6950,8013,8013
29295,7053,2745,3666,4215,3785
29296,8290,8715,2481,3760,3760
29297,8533,7162,8782,8782,8565
29298,4466,2554,8266,8266,8266
29299,5491,5557,6593,6593,6593
29300,6059,8390,3001,3001,3001
29301,4975,5748,5037,2487,2487
29302,5310,6684,5145,5145,5145
29303,4353,5830,9052,9052,9052
29304,6562,9055,8939,8939,8939
29305,6181,8933,2661,8614,8614
29306,7656,3245,8249,1104,3959
29307,6915,7481,7708,7246,7246
29308,8242,7001,8123,8236,8236
29309,247,7750,2214,2214,2214
29310,5681,5251,4660,5822,5822
29311,8532,7751,8149,8149,8149
29312,7990,8412,6257,6936,6936
29313,9036,8640,7450,4218,7450
29314,8503,7018,8727,8764,8764
29315,9123,6960,5152,7050,5152
29316,8602,6437,5475,5475,5475
29317,7482,8032,7263,7263,6675
29318,8231,7482,7723,7258,7258
29319,4826,6413,6413,7657,6413
29320,2640,2663,6197,8566,6739
29321,1201,9123,8403,7181,7181
29322,1063,600,769,1603,2049
29323,76,1288,478,478,478
29324,1559,2129,890,104,104
29325,4966,8599,8273,8510,8510
29326,7600,5219,7493,7693,7493
29327,5636,7611,8454,7000,7000
29328,7844,8309,8725,7712,7712
29329,8412,7511,8984,8984,8984
29330,7041,7564,8472,8472,8472
29331,6038,8064,8886,8886,8886
29332,8325,4350,2190,2221,2221
29333,7216,8425,6668,6668,6668
29334,3984,6894,6816,5955,5955
29335,4546,4791,5854,4689,4689
29336,8379,3404,8743,8846,8846
29337,3162,2528,7835,7835,7835
29338,8744,4611,8033,8533,8033
29339,8926,4027,4997,3302,3302
29340,8745,7011,8237,7805,7805
29341,8852,7805,7651,7651,7651
29342,8510,8556,8558,8558,8558
29343,1201,7102,7483,1793,1793
29344,6990,7919,4819,114,114
29345,7433,3689,4668,4668,4668
29346,7544,8821,8536,8679,8679
29347,6010,8532,2463,2463,2463
29348,7084,7153,3199,8554,5284
29349,4434,8152,7876,4478,4478
29350,4498,3010,7655,1297,1297
29351,8272,8047,4172,4172,4172
29352,4275,6168,5140,5140,5140
29353,335,5,626,1214,1214
29354,7380,7494,8185,8185,8185
29355,6121,4804,7479,7479,7479
29356,8623,9016,6929,6929,6929
29357,8059,2521,8648,6215,8648
29358,7682,7682,8982,7682,7682
29359,8523,453,9027,7307,7307
29360,8959,7310,8512,7741,7741
29361,7118,2416,8127,8817,8817
29362,8934,7531,9231,9231,9231
29363,9080,8345,7511,7511,7511
29364,512,5276,8371,512,512
29365,8682,8374,9180,8806,8806
29366,7057,7989,7057,7057,3622
29367,8387,510,1988,4628,4628
29368,3949,8447,8663,8663,8663
29369,8310,7930,8985,9090,9090
29370,3079,6953,8674,3083,3083
29371,8713,8944,8591,7393,7393
29372,7172,7239,7635,7998,7998
29373,6460,3738,5096,4999,4999
29374,8967,6426,7974,7974,7974
29375,8015,2854,6460,6460,6460
29376,8389,8154,8586,8528,8586
29377,7610,5873,5873,5873,5873
29378,7508,3717,8174,8174,8174
29379,8623,3212,9108,5373,5373
29380,8931,7603,8599,8214,8059
29381,8169,8136,8836,8836,8836
29382,7885,722,8075,8075,8075
29383,8632,7885,7413,7413,7413
29384,7643,7167,8519,8865,9059
29385,8223,7707,6644,6644,6644
29386,9081,6976,7615,7615,4645
29387,8064,6952,7343,7343,7790
29388,6893,8964,2880,2880,2880
29389,2473,6039,3874,3874,3874
29390,8109,7654,7112,4478,4478
29391,7092,8305,7092,8621,8621
29392,8932,6165,8311,8019,8019
29393,7648,7672,9193,320,320
29394,1539,2115,6979,2115,2115
29395,5615,8000,5562,8000,5562
29396,7715,4805,6144,6144,6144
29397,7997,7032,8598,8598,8598
29398,8738,2421,9132,2421,2421
29399,3130,9196,8155,8155,8100
29400,5976,8480,5545,5545,5545
29401,4941,3149,2354,2354,2354
29402,8269,5817,5418,5418,5418
29403,7956,7894,7841,4038,4038
29404,372,9221,1527,951,951
29405,8725,7193,7681,8113,7681
29406,8115,8527,8639,8639,8639
29407,1971,9110,405,8709,3616
29408,8009,4296,3143,2948,1289
29409,89,432,249,249,249
29410,4226,7950,3911,7902,7902
29411,7504,4369,4923,2504,2504
29412,933,6458,40,40,40
29413,7904,8489,7878,7878,8603
29414,3738,3777,7222,8015,7222
29415,6945,7632,8340,7567,7567
29416,760,903,1993,8513,8513
29417,8677,4384,7241,7871,6390
29418,5125,6096,4753,2710,6485
29419,4948,4696,3007,2827,2827
29420,6136,6904,4785,4785,4728
29421,4476,1633,1564,8242,8242
29422,3773,8319,3219,6259,6259
29423,7755,8047,3778,3736,3778
29424,8134,6234,4495,4495,4495
29425,8768,2728,8668,8668,3859
29426,9192,8288,2365,1348,1348
29427,7699,7571,7363,7467,7467
29428,8644,1078,1369,2665,2665
29429,8885,8885,8679,9051,9051
29430,3978,3091,2639,2857,2857
29431,4786,3686,8592,8592,8592
29432,4070,8919,4532,2900,2900
29433,9004,7563,8296,2309,2309
29434,7795,8168,7795,8618,8618
29435,7563,8555,8125,8181,8181
29436,5786,8490,7506,7506,7506
29437,8882,7581,7581,9211,9211
29438,4298,3435,4997,2453,8127
29439,5831,7137,5047,7254,7254
29440,4083,5417,9014,9014,9014
29441,4813,8659,4436,3637,3637
29442,7127,8320,7473,8866,8866
29443,8496,6943,7805,7805,7805
29444,7693,8927,8118,8352,8118
29445,6894,8106,7910,7910,7910
29446,6988,4332,6162,7644,7644
29447,3668,8949,4436,8063,8791
29448,7869,3726,1712,1712,1712
29449,2023,2270,37,2270,2270
29450,1979,163,1882,504,504
29451,9074,6081,7769,6436,8162
29452,1348,8970,53,1573,53
29453,8339,8748,8748,8095,8748
29454,8499,7033,7423,7848,6952
29455,7944,2915,8879,8879,8879
29456,8614,7610,3004,3004,3004
29457,6852,2871,3920,3920,3920
29458,6990,1836,8362,8362,4136
29459,2716,3665,2875,4444,2875
29460,6596,534,4991,4991,4991
29461,7810,8075,1678,937,7542
29462,1158,2159,484,612,612
29463,4149,8843,7336,7307,7336
29464,7877,8218,2407,7753,7753
29465,9221,8676,7658,7307,7307
29466,8798,5034,4178,6425,6425
29467,4496,8744,6840,7595,7595
29468,8991,8184,8445,8445,8445
29469,7679,9147,7446,6881,6881
29470,7574,4353,7438,8429,7438
29471,9160,7341,8005,8425,8005
29472,6905,5529,4706,5511,5511
29473,2991,3080,2575,2575,2575
29474,4000,3843,8113,8632,8632
29475,5489,4893,9137,5548,9137
29476,6893,9203,7173,7173,7173
29477,5011,5963,6763,2971,2541
29478,6914,6517,8575,7783,7949
29479,5791,213,8560,8560,8560
29480,8967,4793,6062,8504,5833
29481,2891,2734,5331,5331,5331
29482,7284,7908,8665,5793,5793
29483,6810,2665,6391,8488,6962
29484,7296,7620,8383,8383,8383
29485,8827,8917,8251,8251,8251
29486,8349,6817,4291,8464,8464
29487,4332,8608,8348,6428,7980
29488,7461,8052,7825,8986,8986
29489,9208,7533,9106,8354,2752
29490,2700,5819,5839,3113,3113
29491,8552,8433,7699,7699,7699
29492,9110,7998,6550,8709,8709
29493,3669,5552,3631,9167,9167
29494,4864,4742,4742,4742,6498
29495,2644,9201,3815,2114,5428
29496,8891,754,9041,9041,9041
29497,8991,8991,7857,7067,7857
29498,7035,7737,7128,7178,7178
29499,7480,1599,6293,4503,6293
29500,6874,8413,5117,7432,7432
29501,4619,6104,4834,6557,6949
29502,7473,8460,5988,5988,5988
29503,8753,4560,8675,7235,7235
29504,7408,7321,8059,7078,7408
29505,8221,7048,8497,8497,8497
29506,8221,6486,8324,8324,8324
29507,8221,7066,8324,8221,8324
29508,8464,9046,7435,8758,8758
29509,7981,7999,7477,8437,8437
29510,8608,8873,9173,8315,6568
29511,8227,7570,7868,7868,7868
29512,7235,8948,8745,8745,8745
29513,8195,9117,5430,5430,5430
29514,7292,4976,7285,7285,7285
29515,7356,7059,7563,6916,7594
29516,7281,8697,8535,7331,8535
29517,2273,6190,9118,9118,9118
29518,7961,7596,9115,9115,9115
29519,7535,8950,8445,8529,8529
29520,8203,7575,7601,7601,7601
29521,9187,124,7237,4837,4837
29522,5343,7015,4817,6186,8575
29523,8033,6836,5262,7527,7527
29524,8645,7486,7331,7331,7331
29525,7010,7651,8510,7304,7304
29526,6922,4805,6914,6619,6619
29527,7043,4334,8952,7125,7125
29528,4210,3150,7098,7914,7098
29529,7482,9063,8410,8410,8410
29530,8575,6777,9013,7518,7518
29531,1948,1948,1781,6998,6998
29532,8870,8441,9051,7867,7870
29533,7081,5563,8428,7969,7969
29534,6935,9190,3977,3977,3977
29535,1466,7366,771,8729,8729
29536,9109,8437,8111,8005,8005
29537,7268,7788,7145,7145,7145
29538,8312,6462,8177,6101,6101
29539,123,6257,7042,8305,9160
29540,7764,8305,8436,7890,7890
29541,2793,4134,3742,3742,3742
29542,6791,6321,5837,7952,5837
29543,8553,9123,7720,8403,8403
29544,1796,1532,2143,2143,2143
29545,8157,7012,8110,8110,8110
29546,8050,8205,894,4603,4603
29547,7283,5694,4123,6037,6037
29548,5223,5415,5256,3379,3379
29549,5976,6934,7271,7112,6127
29550,4997,7523,6375,3614,3614
29551,3902,7786,8704,8670,8241
29552,1320,8853,3612,2352,3963
29553,8980,8636,6694,6694,6694
29554,9233,6622,5672,5672,5672
29555,7242,7329,7058,7796,7796
29556,8568,7012,7411,2831,2831
29557,5018,6503,9101,1607,5454
29558,7042,8050,8507,8507,8507
29559,9185,7418,9102,5003,7676
29560,6900,6235,6235,4279,4279
29561,8618,8136,6951,7540,8112
29562,9121,8851,8367,9147,8367
29563,8048,8257,8721,7307,7311
29564,7054,7539,7151,9129,7024
29565,5594,7266,8072,8072,8072
29566,1718,7513,8307,5636,5636
29567,3364,7739,5007,7079,7079
29568,8932,6672,8166,8166,8166
29569,7547,4077,8729,8729,8729
29570,2424,4840,4619,4619,4619
29571,6627,7048,5060,5060,5060
29572,6596,8936,8760,8760,8760
29573,7439,5847,6740,5592,5592
29574,5665,2705,8672,8583,8583
29575,7575,8442,8945,8945,8945
29576,7582,8019,3736,6960,6960
29577,6167,6907,6907,6907,6907
29578,7705,8725,9119,9119,9119
29579,6509,5099,4752,9183,9183
29580,8429,8476,9196,7772,9196
29581,8116,8537,7018,5952,5952
29582,6962,7915,7272,5123,5123
29583,8156,7788,7478,7478,7478
29584,9088,8142,3130,8143,8143
29585,7427,8461,7837,7837,8498
29586,8121,7022,7969,7969,8679
29587,6965,6282,2,7893,7893
29588,7827,7993,8383,8383,8383
29589,9164,7794,8291,8187,8187
29590,3714,7243,9108,2450,2450
29591,8986,8214,4104,7359,2491
29592,8410,6831,7555,7376,7555
29593,8581,7823,8495,8693,645
29594,6611,8719,8663,1791,7974
29595,8084,7178,8237,8803,8803
29596,8623,8191,7031,8919,8217
29597,8289,8697,9118,7053,7384
29598,4064,8986,8888,8888,8888
29599,7603,7177,6001,5132,7570
29600,4786,8947,3892,8872,8872
29601,8374,8053,6596,7095,7095
29602,8703,9168,7532,7157,7157
29603,7978,7531,9101,7275,7275
29604,7951,8898,8591,8452,8621
29605,8113,7327,8441,8375,8441
29606,7247,8293,8442,6935,8940
29607,4864,3631,8932,8932,8932
29608,8491,5448,7784,7784,7784
29609,8161,2392,7553,3620,3620
29610,8971,8901,2416,2416,2416
29611,8682,3254,3383,8956,8945
29612,8428,8388,7016,7887,2855
29613,8243,7969,8146,8146,8146
29614,8243,8929,7489,8827,8827
29615,7427,7423,7108,8727,8727
29616,7289,9101,8499,7585,7585
29617,7371,9154,8502,8502,8502
29618,7792,5624,8135,8135,8135
29619,16,9072,2831,7851,7851
29620,8630,2818,9017,1298,1298
29621,6982,7690,7045,7690,8594
29622,6623,4765,4724,5873,5873
29623,6112,5385,6370,7759,7759
29624,6213,6693,6213,7633,7633
29625,7135,8554,7959,8400,9045
29626,7625,8969,7097,5284,5284
29627,2965,6474,8735,8735,8735
29628,8743,7787,8684,7150,7150
29629,4993,5429,5429,5429,5429
29630,8336,9217,4474,5460,2366
29631,4227,8349,5436,1546,1546
29632,3130,8975,5789,7160,8687
29633,181,93,8859,93,93
29634,6602,2526,6149,6149,6149
29635,5836,6723,5454,5813,5813
29636,5713,4169,7454,7454,7454
29637,8742,3998,6239,6498,6498
29638,145,8137,8972,501,501
29639,6650,8606,7991,8074,8074
29640,9000,8544,8271,8382,8382
29641,5786,8017,8937,6962,7120
29642,7284,7505,5157,5157,2776
29643,2045,2289,717,760,7213
29644,7793,4095,6999,8007,8007
29645,594,1490,8720,8720,1192
29646,6945,7915,8483,8120,8120
29647,8517,8856,8725,8725,8725
29648,8722,5396,3350,6141,6141
29649,7031,7899,8240,8240,8240
29650,7287,8610,7031,7031,7031
29651,7604,8926,8835,7490,7490
29652,8616,1196,9014,2396,2396
29653,6521,9197,7568,8423,8423
29654,5955,5887,8134,5270,5270
29655,7463,2657,5867,841,841
29656,8035,5163,5647,5647,5647
29657,6777,7397,7645,7645,7645
29658,2994,7819,7300,4843,4843
29659,1959,1320,7496,2312,2312
29660,8106,7223,6963,6954,6954
29661,1409,7257,8073,7456,7456
29662,7500,7398,8284,5237,5237
29663,8492,7398,8333,4819,4819
29664,7733,8320,7037,8653,8558
29665,2733,8147,9006,7432,7367
29666,6024,8328,8328,8328,8328
29667,3955,7854,4190,2386,2386
29668,7000,8007,8888,8510,8803
29669,8903,8266,7105,9094,9094
29670,8365,7513,7124,8980,4244
29671,4258,4135,8030,8030,8030
29672,3056,8650,8052,8052,8052
29673,3743,7573,2285,6458,9222
29674,3529,2377,3077,3045,3045
29675,3821,3545,2937,2764,2764
29676,8043,6032,7392,4897,7464
29677,8859,7424,8968,5427,5427
29678,7188,8764,8764,8764,8764
29679,1790,6305,93,7559,7559
29680,9173,7091,7679,7679,7679
29681,3237,5145,7717,7717,7717
29682,7188,7042,7830,4630,6702
29683,7146,4576,7310,8804,8804
29684,8103,8241,8954,8244,7227
29685,7231,7329,7304,7244,7304
29686,9161,8918,7321,7110,7110
29687,4761,8887,6231,6760,6231
29688,8250,7688,8108,8140,8140
29689,7385,8998,9235,7206,7206
29690,7163,6992,8753,7594,7594
29691,7366,4664,7536,6931,6931
29692,8380,8714,9232,7064,7064
29693,8421,7355,9109,7239,7239
29694,2075,247,2274,2274,2274
29695,8319,3100,8389,8071,8071
29696,8334,7376,8071,8334,8071
29697,6329,9085,2902,4406,4406
29698,7271,6623,3441,7914,7914
29699,425,8381,860,860,860
29700,8744,4178,5058,7285,7285
29701,6086,2519,7059,7059,7059
29702,9205,7535,7486,8445,8445
29703,7965,4753,7279,7279,7279
29704,4800,6851,9023,4147,9023
29705,9117,9041,8320,8320,8320
29706,8301,7682,8156,5101,5101
29707,4853,7199,7199,7199,7199
29708,7877,8583,5585,8583,8583
29709,8725,8391,8960,7395,7395
29710,8435,7091,8016,8016,8016
29711,8435,3513,7938,8832,1502
29712,7313,8535,7208,7313,7313
29713,8922,3573,8052,7309,7309
29714,2408,6280,5112,5001,7655
29715,3669,8940,7617,7576,8795
29716,6479,7182,7734,7734,7734
29717,7026,8590,8041,8519,8041
29718,8695,8007,5857,8325,8325
29719,2886,3333,4943,4943,6067
29720,8169,5394,2816,5875,5875
29721,7262,8504,7262,7262,7262
29722,9002,3917,4136,4136,4136
29723,8964,9054,8586,8586,8586
29724,9031,8896,560,7038,7038
29725,8709,7168,8075,8075,8075
29726,7453,1995,7797,7648,7797
29727,7589,7589,7926,8264,7926
29728,4998,7249,7579,8652,8652
29729,7249,7589,7168,7627,7627
29730,9113,3282,6955,2831,2831
29731,5732,5121,4535,7798,5121
29732,669,7545,8492,7193,8298
29733,6893,8128,8473,8960,8960
29734,5938,8469,7098,7098,7098
29735,8086,6920,1599,4689,4689
29736,7515,568,2285,1879,1879
29737,7404,8597,8979,8979,8979
29738,7725,7869,7777,7777,7777
29739,7180,8748,9152,9152,9152
29740,7180,8020,8196,8239,8239
29741,8931,8007,4993,8941,6964
29742,4482,2786,6410,8604,8604
29743,1647,8112,7132,7132,7132
29744,7533,8481,7604,8162,8162
29745,3150,7985,3874,8086,8086
29746,6293,4673,6820,6820,6820
29747,5718,1298,3372,8843,8843
29748,3253,2406,3584,3584,3584
29749,7834,4608,9075,8450,8450
29750,6653,2733,5017,5054,2789
29751,5299,4880,5354,2873,2873
29752,4667,5470,2604,2604,4409
29753,7793,8680,2679,5766,5766
29754,3659,2331,4637,8288,7873
29755,2564,2393,7905,7359,7199
29756,3493,7624,4689,4689,4689
29757,7192,8312,8009,8009,8009
29758,5254,2822,2919,2919,2919
29759,2846,2571,2571,2846,2846
29760,7539,8025,7713,8776,8776
29761,6073,6286,5518,6347,762
29762,7302,7212,8676,8873,8873
29763,6288,7634,7313,8353,7313
29764,7665,7967,7174,7174,7174
29765,8983,8169,9067,9067,9067
29766,7407,3842,2451,7531,8570
29767,8591,9167,9167,9167,9167
29768,7573,7336,7897,8954,8293
29769,2696,9116,3032,5872,2715
29770,7118,7118,7456,8738,8738
29771,8016,6886,6228,2387,8771
29772,5530,4635,6001,6001,6001
29773,6964,6743,7279,7279,7279
29774,5417,4611,8571,8635,9073
29775,7507,7183,7634,7634,7634
29776,8063,7685,1174,1174,1174
29777,8686,8510,7287,7473,7473
29778,7011,8698,7384,7473,7473
29779,9188,7570,7276,7190,7276
29780,8266,4455,7254,6789,8888
29781,8608,8899,8135,8711,8135
29782,1409,8582,8057,7757,7757
29783,7464,5310,6993,7455,3908
29784,6319,4843,8594,8594,8843
29785,5386,7025,4584,7961,7961
29786,6373,6348,8163,8163,8163
29787,633,9229,7757,8194,8194
29788,9002,8806,7262,8809,8809
29789,7343,7531,8412,7848,8016
29790,2793,8082,7830,8477,5451
29791,8951,8430,6493,6493,6493
29792,3095,2658,2629,7227,7227
29793,6052,7626,5186,4768,4768
29794,8995,3364,7199,5590,8533
29795,7767,8720,7348,7365,7365
29796,8166,3455,4846,4846,4846
29797,1850,7824,6347,5866,9107
29798,8277,4983,5892,5892,5892
29799,2847,7719,7363,968,968
29800,8976,6783,8166,8716,7619
29801,7077,8103,5335,5335,5335
29802,9120,8596,3529,7540,7540
29803,8986,6947,8230,9100,9100
29804,7600,7987,7961,3876,3876
29805,5140,6563,6313,6313,6313
29806,8528,2492,8528,8528,8528
29807,8528,7817,7154,8878,8878
29808,8528,7445,6338,6338,6338
29809,5197,5197,4745,5833,5833
29810,6979,5554,3505,6650,6650
29811,5834,6823,2691,2518,5557
29812,871,8099,1684,8523,8194
29813,2684,2417,7917,7917,7917
29814,9208,8938,2588,2588,2588
29815,5229,2377,6190,8949,8949
29816,5441,5910,5313,8353,5313
29817,4591,1855,3270,4950,7943
29818,3970,6284,4600,5378,5378
29819,9078,8747,7576,7931,7931
29820,8958,8581,7015,7015,7015
29821,6939,8863,6786,6786,4999
29822,5620,5923,4677,5489,5489
29823,4733,5048,5844,6028,6028
29824,1982,173,1696,1696,1696
29825,9206,3240,7792,8831,7581
29826,7260,8850,2553,2553,5204
29827,6273,3973,5429,4436,4436
29828,8196,6541,9005,4496,7626
29829,8835,7479,8573,7769,7769
29830,5476,6815,4088,6636,6636
29831,6969,7006,7809,9007,7809
29832,4962,4776,6959,7543,3041
29833,8877,9098,3804,3212,6383
29834,4848,3264,8353,5054,5054
29835,8374,7877,7674,7674,7674
29836,7682,8312,7083,7690,7690
29837,6977,6977,8498,8498,8498
29838,6523,8038,3665,3252,3252
29839,3247,5210,8164,5210,5210
29840,7763,8871,6065,1029,1029
29841,5093,3840,4606,2796,5860
29842,7906,4007,7211,4685,5847
29843,1422,8516,4591,4591,4591
29844,510,663,8389,7305,8141
29845,5038,8787,4878,7522,7522
29846,8960,6623,8628,7142,7142
29847,7870,585,12,8386,8386
29848,8865,7862,956,778,778
29849,7650,6368,7307,7307,7307
29850,7417,8542,7900,7049,7049
29851,7148,8973,6943,6943,6943
29852,8196,7971,7566,7566,4212
29853,3620,9181,9029,5023,5023
29854,9046,8606,8606,7283,6488
29855,8465,7666,6821,6654,6345
29856,7651,7765,5373,7093,7093
29857,6109,2929,4279,4279,9233
29858,7430,4070,4495,4495,4495
29859,8807,8572,8748,7653,9073
29860,5521,8997,7403,9136,5368
29861,4633,8715,5405,6930,8018
29862,9074,8983,8686,3259,3259
29863,4455,8636,7566,7566,7566
29864,2853,3054,4043,3645,3645
29865,7333,7947,7009,2407,2407
29866,8186,7141,7392,7392,7392
29867,8719,7982,6799,8992,7930
29868,511,4310,1279,1563,1563
29869,8226,2308,8626,8137,8137
29870,5140,3372,7571,6079,6079
29871,7308,6971,5024,8799,8799
29872,2303,209,733,1782,1782
29873,7055,3548,8015,4603,4603
29874,7064,8421,8873,3079,3079
29875,8568,8276,8280,7221,7734
29876,7026,9109,6961,2416,9189
29877,5482,8406,6032,6032,6032
29878,3416,7999,7969,7969,7969
29879,8804,8402,7333,8767,8767
29880,8877,4943,5701,3397,3397
29881,2598,4855,5705,4978,4978
29882,7235,6673,4560,8239,8239
29883,6504,6568,8347,8347,8347
29884,9029,7404,8961,8639,7365
29885,3841,8142,4708,534,8672
29886,8694,6940,8052,8052,8052
29887,8744,8414,8350,3573,3573
29888,7868,8525,6943,6943,6943
29889,6724,8957,6740,4876,4876
29890,5221,5411,2516,3173,3173
29891,7876,7683,2939,5718,5718
29892,7328,8527,5117,5117,5117
29893,7184,7065,4390,7145,4390
29894,9101,7847,7802,7802,7802
29895,1482,148,458,499,499
29896,1583,1583,898,1896,2024
29897,2116,248,1975,1975,1975
29898,7550,8320,8240,7148,7148
29899,7408,7473,9185,9185,9185
29900,7124,9082,5563,8540,8540
29901,6673,8743,7968,5549,5549
29902,7933,8610,9151,8610,8610
29903,2450,2857,8084,3399,3399
29904,8444,6991,7804,7804,7804
29905,7929,4698,7229,2660,7229
29906,6479,7302,5272,8518,8518
29907,7839,7152,8191,8191,8191
29908,8320,8291,8052,9100,9100
29909,8529,7634,4148,2735,4148
29910,9086,6933,8020,8020,8020
29911,7916,8556,8793,8339,8339
29912,7550,7983,7739,7739,5530
29913,3944,9115,2778,9021,3646
29914,8702,8428,8257,8246,8246
29915,9110,764,7378,7867,7867
29916,7789,5864,5154,8159,4858
29917,2730,5500,5032,5458,5458
29918,7814,7924,8820,8820,8820
29919,8383,7776,8046,8608,8608
29920,8369,5192,7995,8587,8587
29921,4705,7117,7892,7892,7892
29922,8187,9144,7811,8332,8332
29923,7420,9070,6215,7079,8748
29924,5142,4684,7816,7816,7816
29925,8686,8030,8983,9098,7563
29926,8853,8567,7158,7158,7158
29927,6969,8686,8004,7025,7025
29928,8804,7639,8539,8539,8539
29929,8804,8879,9019,8804,8804
29930,9113,6668,6732,6885,6732
29931,6267,8841,7244,7244,7244
29932,8715,8006,8557,4099,4099
29933,7706,8169,7706,7390,7390
29934,8428,3118,7568,8428,8428
29935,889,9095,6220,8585,6220
29936,7768,7146,8314,7742,8717
29937,7638,3397,8646,8646,8646
29938,6215,9070,8266,8266,8266
29939,7957,7839,5141,7839,7385
29940,2273,7918,7988,1595,1595
29941,4076,3384,8879,8879,8879
29942,2757,1297,7876,7876,7876
29943,8222,8231,9002,449,147
29944,7321,3540,7147,7147,5734
29945,3990,3647,6054,8623,8623
29946,7999,8852,8092,8340,8340
29947,7999,8923,5656,5117,5117
29948,9178,9173,7830,7639,7830
29949,7542,8709,7225,7225,1410
29950,7307,951,7489,8868,8868
29951,4127,1910,1793,2298,1793
29952,7209,7738,9036,9036,9036
29953,3933,7042,8961,7042,7082
29954,7081,1746,7365,7365,7365
29955,9053,5164,8372,8518,7575
29956,9026,8193,8845,8845,8845
29957,8508,7772,8608,8608,8608
29958,9180,8161,2453,8812,8812
29959,7083,8951,8771,5296,5296
29960,8471,8417,8582,8582,7008
29961,5895,7534,6063,6063,6063
29962,7534,8387,7914,8039,8514
29963,6912,4483,4277,4277,4277
29964,7359,8698,3955,3955,3955
29965,7704,7826,2963,4427,4427
29966,4584,7250,2957,2957,2957
29967,7943,7360,8869,8869,8869
29968,1217,218,8359,1704,2916
29969,7943,4031,8435,8463,8463
29970,8514,8334,1428,1042,1951
29971,1649,3800,8391,7678,7678
29972,8656,9193,3777,8840,4587
29973,2746,8784,5314,7663,4410
29974,7816,7811,8201,4532,2313
29975,3359,3054,4543,7399,7399
29976,5674,2752,8059,7586,2401
29977,7389,2553,5267,5267,5267
29978,6940,3760,3515,3515,3598
29979,5243,8208,2552,5794,5794
29980,7648,7870,1995,1995,1995
29981,390,744,319,319,319
29982,9027,8675,8937,8100,8210
29983,7176,8229,5775,7310,7310
29984,7478,7692,8537,7989,9088
29985,5041,8408,8472,8472,8472
29986,9038,8533,8142,5264,5264
29987,9181,9088,8121,7906,8448
29988,8647,7195,3130,8007,8007
29989,8396,7105,7570,9190,9190
29990,7755,6601,8068,5314,7104
29991,7570,7490,6992,8610,8610
29992,8696,9041,9134,8031,9135
29993,7430,7811,8484,8484,8484
29994,8736,8219,7444,7558,7558
29995,8481,3821,8125,8977,8991
29996,9004,8584,8330,8147,8147
29997,3441,5796,6993,7879,5775
29998,8232,8499,9166,8968,8968
29999,3173,3173,5870,4891,4891
30000,2109,7537,8728,8728,8728
30001,7917,5993,1564,547,547
30002,6899,7207,8456,8456,8456
30003,3160,6888,3173,4394,3173
30004,7701,8326,7881,7881,7881
30005,6779,8516,6285,3352,3352
30006,9126,6027,4699,8053,8053
30007,7209,6960,4698,7229,7413
30008,7036,3878,8067,6866,6866
30009,5510,5439,8864,2810,2810
30010,8703,7659,8741,8741,8741
30011,7495,9223,7970,8608,8608
30012,3939,3863,4199,2495,2495
30013,3491,1496,8025,8293,8293
30014,8211,2421,7770,7770,7770
30015,8903,8983,7540,8227,8227
30016,8610,8610,7031,7242,7242
30017,8867,8645,7651,7651,7651
30018,5342,7051,5837,4228,5837
30019,3176,8814,3220,3097,3448
30020,8309,2320,4977,4977,4977
30021,8229,8532,8597,651,651
30022,9111,8718,7696,7696,7696
30023,1512,1426,1426,1426,1426
30024,9176,6961,7810,7810,7810
30025,16,3842,372,1684,1684
30026,8822,8808,8765,8765,8765
30027,7962,7351,8267,8100,6101
30028,8382,8503,7625,8034,8034
30029,8551,9056,9216,6229,6229
30030,7696,8001,8001,8530,8530
30031,8246,9184,8612,8258,3453
30032,7696,7734,7014,8344,8344
30033,7713,9180,9193,7567,3933
30034,7042,8082,8920,8920,8920
30035,7712,7712,7712,4874,4874
30036,7393,4760,8527,7038,7038
30037,5064,7304,4606,8899,8899
30038,9145,8632,6942,6942,6942
30039,5644,158,272,272,272
30040,6367,6476,6457,6576,6576
30041,3706,7775,8331,8331,8331
30042,8123,8123,8123,8123,8123
30043,7043,7400,4220,9087,9087
30044,7881,3900,4521,8628,8628
30045,3827,5851,7020,7142,8368
30046,7403,8079,8079,7020,8079
30047,4623,7295,8879,8456,8456
30048,7783,2366,7251,7251,8336
30049,4254,7214,5996,7701,7701
30050,6503,3471,2824,2824,2824
30051,9038,8772,5943,7468,6125
30052,6441,2630,2738,2738,2738
30053,6687,8047,5828,9183,6886
30054,7935,6914,6461,6461,6721
30055,141,128,465,1055,1055
30056,7678,7173,9096,7914,7914
30057,8050,8192,9069,8767,7138
30058,8457,2321,8135,3711,8135
30059,7301,4192,7677,7677,7677
30060,7581,8739,6459,8061,8837
30061,5685,7892,7034,8521,8521
30062,7455,7984,6474,6474,6474
30063,6821,8789,6933,6933,2032
30064,7031,8784,8748,9235,6943
30065,8438,8004,9007,9007,9007
30066,2589,5728,6520,6520,6520
30067,8121,8199,8121,7378,7378
30068,6643,8514,4708,4708,5241
30069,8617,8223,8221,8221,8221
30070,7711,7702,8955,8955,8955
30071,5855,8064,8869,8869,8064
30072,7686,7684,4825,4825,4825
30073,4634,8360,8864,8864,8864
30074,8458,4825,6319,8531,8531
30075,8991,9015,8978,9163,8978
30076,7105,7313,7331,7331,7331
30077,7960,8970,8866,8866,8866
30078,7052,7555,7052,7052,7052
30079,8456,3282,4565,8602,8602
30080,6164,8436,7265,4603,4603
30081,8212,6466,6287,5068,5068
30082,8702,7925,7014,8781,8441
30083,5816,7585,6238,6952,6952
30084,8003,3364,4221,4352,4352
30085,7658,9129,9129,9129,9129
30086,3794,7890,6513,8993,8993
30087,9208,4353,4434,4434,4434
30088,3449,2507,3069,3487,3487
30089,4077,6401,8319,9092,2764
30090,8025,8530,8280,8808,8808
30091,8025,8216,8971,8258,8157
30092,5916,7358,7531,9193,9193
30093,891,8527,7672,8101,7672
30094,4982,5250,6587,6587,6587
30095,5239,6252,6773,4735,4735
30096,2575,9175,7199,3736,3736
30097,5023,6082,8185,9132,9132
30098,7378,9158,6228,6228,4353
30099,8860,7056,5067,6560,6560
30100,1947,227,273,2059,2059
30101,5900,5543,5350,5852,5350
30102,8523,8729,8729,8729,8729
30103,9058,8790,7817,7817,7817
30104,2115,8868,8946,8943,8943
30105,8917,9048,9071,9071,9071
30106,8537,7989,8043,7181,7181
30107,8034,7989,7959,7989,7989
30108,7527,7486,3359,3359,3359
30109,6694,8698,7235,7889,7889
30110,1976,6975,9100,7325,7325
30111,7935,5951,6278,7327,9031
30112,8385,9107,5951,8716,8716
30113,6707,7609,7697,8023,8023
30114,7259,8464,8582,8582,8582
30115,512,9026,6738,8975,8975
30116,8190,8632,8713,7998,8713
30117,2883,3660,3244,3244,3244
30118,8486,7435,8935,8632,8935
30119,7884,3174,2571,7113,7113
30120,9205,3345,7791,7791,7791
30121,8525,4094,3729,6972,6972
30122,9124,7535,8485,6392,6392
30123,4826,328,4977,4977,4977
30124,1251,2211,2267,989,2267
30125,6774,7402,3374,2385,2385
30126,7673,8583,8968,7864,6488
30127,8779,4936,8146,8146,8146
30128,7752,8727,8773,8773,8773
30129,9169,7682,5101,8160,8160
30130,7333,8406,8244,7216,5101
30131,9026,4928,5768,8845,8845
30132,2473,6348,9038,8514,8514
30133,3821,4565,3684,4444,3684
30134,4478,5591,7303,9198,9198
30135,8167,8713,2311,6996,7575
30136,4597,7700,4869,8993,8993
30137,7478,8508,8207,8738,8738
30138,7208,8970,9224,9224,9224
30139,7418,8377,8991,7600,7600
30140,7011,8031,9074,9074,9074
30141,8990,2384,5109,5109,5109
30142,7545,4920,4060,153,153
30143,5855,4591,8869,8869,8869
30144,8149,2311,8935,8935,8935
30145,2156,7601,3453,8781,8781
30146,3998,8808,8935,8935,8935
30147,8214,7195,8618,8618,8618
30148,7180,9152,7988,8947,7988
30149,7965,7540,9003,6259,2771
30150,6955,7013,4874,4874,4874
30151,6955,6955,6955,5061,5061
30152,6955,9213,7637,7637,7637
30153,5293,6862,2660,8431,3278
30154,5919,9162,6063,2997,6063
30155,5556,3410,5840,5840,5840
30156,3747,3226,3212,7071,7071
30157,6806,5128,7071,7071,7071
30158,9088,3436,7626,3905,3905
30159,9188,7730,5253,5253,7183
30160,8545,8948,6821,6821,6821
30161,6253,4127,4109,3438,3438
30162,7700,7632,4663,4663,4663
30163,6051,6051,8232,8232,8232
30164,6165,8013,9054,7612,9054
30165,8237,7190,3846,2710,4279
30166,4756,7058,7688,7795,7795
30167,6215,5449,8807,7235,7235
30168,6345,8841,7385,7992,7992
30169,8557,7420,6429,8893,8893
30170,7816,7793,7910,7910,7910
30171,7010,7148,7037,8095,8986
30172,7706,9075,9041,7857,7857
30173,9067,7979,8496,8496,8838
30174,7577,3545,6225,4739,6225
30175,4857,8557,8557,9023,2733
30176,8411,4172,2789,5140,6959
30177,4546,8894,6209,6487,6487
30178,4535,8894,8894,8894,8894
30179,9051,8123,2901,3036,8894
30180,6347,8278,2387,9000,8734
30181,9210,6685,5146,6275,6275
30182,7327,8632,6763,8171,7902
30183,6962,6996,4965,4021,2533
30184,4894,8615,7425,7155,7155
30185,5321,6509,5892,6013,6013
30186,8403,8937,8588,8588,4004
30187,6982,8010,7433,8611,8611
30188,2661,5702,2611,8733,8605
30189,8809,3254,9204,8374,8374
30190,1638,817,8311,8311,8311
30191,8873,7314,8994,8994,8994
30192,1713,8203,3815,8317,8317
30193,8456,8456,8456,8456,8456
30194,8395,8725,8456,8456,8456
30195,5742,9028,8244,7051,7051
30196,8724,7588,8701,8701,8457
30197,8418,8218,8767,8767,8767
30198,7147,4679,5701,5701,5701
30199,8974,8168,4631,8949,4631
30200,5007,5405,4094,4094,4094
30201,7588,7884,3558,0,0
30202,5707,4407,2803,7388,7450
30203,8607,8607,6220,4457,6220
30204,8852,1638,8239,8852,5875
30205,6673,6845,7577,7577,5736
30206,3843,3463,5529,3463,3463
30207,8570,5203,8246,7622,8246
30208,4320,5830,7301,7301,7997
30209,3351,6677,9183,7996,7996
30210,7498,2529,4441,7359,7359
30211,3397,7704,7093,7093,7093
30212,4328,3522,3789,7685,7685
30213,8898,1430,1430,1430,1430
30214,8126,8792,8779,8293,8293
30215,8608,8115,8583,8583,8583
30216,8085,8616,5696,5696,5696
30217,7032,7588,7710,7181,7181
30218,8666,8189,8308,8308,8308
30219,7573,8591,8591,7413,7413
30220,7007,7007,8023,5552,5552
30221,4998,8615,8615,8615,7007
30222,2819,4579,2675,4109,8087
30223,7937,3130,8100,8100,8100
30224,4555,3963,7672,7672,8739
30225,3020,8011,2908,7792,7792
30226,4705,5274,5916,5916,902
30227,8544,7731,7792,8471,8471
30228,8645,8645,8063,6964,8195
30229,7236,8567,8414,7889,9157
30230,7968,9161,7132,7313,7671
30231,8655,8518,7525,3902,3902
30232,7371,9196,8155,7371,7371
30233,6449,8551,7051,9000,7051
30234,8931,8748,7761,7761,7761
30235,8584,6551,5055,5055,8643
30236,8616,8616,7049,8642,8835
30237,7566,9004,9015,9015,9015
30238,6429,8933,8973,7025,7025
30239,6944,8237,8522,7498,7498
30240,7042,8477,3742,8403,8403
30241,8920,6960,5379,5379,5379
30242,9028,3635,7387,7892,7184
30243,9098,7591,8872,7036,8715
30244,7671,8675,7563,7971,7971
30245,8239,8616,7349,7349,7349
30246,8946,8008,8498,9032,8498
30247,7848,7282,9053,7876,8226
30248,7295,7942,8548,7884,7884
30249,8054,3119,7753,7753,8054
30250,7905,3226,5140,2963,2963
30251,8054,3082,8054,8054,8054
30252,3472,7694,3157,7128,7128
30253,4654,7835,7473,7473,7473
30254,8974,6620,5217,5217,5217
30255,263,3911,7757,7757,7757
30256,8175,5696,7449,8043,3959
30257,8366,3407,5848,5848,5848
30258,6976,2956,6839,6839,6839
30259,771,5350,3959,4967,4967
30260,6976,6600,5159,6196,5583
30261,7525,7830,7388,7388,7388
30262,7382,7005,951,951,951
30263,7639,7525,7966,7966,8498
30264,8594,8744,5829,5829,5829
30265,7092,5845,7626,4335,4335
30266,8594,8744,3902,8594,3902
30267,9143,7233,6995,2849,6995
30268,8396,7162,9171,3729,6944
30269,6987,4132,9190,2846,9190
30270,7192,5181,1331,1331,1331
30271,2818,7360,5957,5957,5957
30272,5720,6163,762,6449,6449
30273,7785,4263,8106,2509,2509
30274,7651,8872,8332,4635,7957
30275,9217,7356,8830,7676,7676
30276,8168,9100,8108,7563,8618
30277,1174,8222,1003,118,1003
30278,4690,8616,1575,6815,6815
30279,7627,8412,7181,8870,9032
30280,791,7539,390,390,8765
30281,776,6961,8946,7247,7247
30282,9099,8229,8242,7428,7428
30283,7326,6290,8507,8507,8507
30284,7176,9045,7837,7837,7837
30285,2027,8720,594,519,519
30286,2132,1003,7319,594,594
30287,8720,8720,8720,8720,8720
30288,6106,6980,6316,6262,4695
30289,1144,8481,3113,2676,2676
30290,0,2375,2888,7228,3660
30291,7474,7219,3441,7091,7091
30292,8673,5992,6669,6669,6669
30293,7980,6293,7836,7836,7836
30294,783,1030,1041,322,322
30295,7347,8029,7576,2847,8029
30296,8530,7557,7131,7131,7131
30297,8239,7825,7349,7349,7349
30298,8807,8230,6963,8653,8866
30299,8986,8339,8240,9235,7794
30300,7078,8838,7292,8450,8450
30301,8698,7331,9074,9135,9135
30302,7058,8891,7320,8557,4088
30303,8308,9027,7800,8774,7146
30304,7784,7531,8264,6810,6810
30305,222,8842,8738,8313,8738
30306,3931,8332,7313,8973,8830
30307,8353,5253,6231,7321,5262
30308,8328,8131,5820,7963,8131
30309,7628,7249,7249,7249,7249
30310,1327,9078,2829,2829,2829
30311,7592,7007,7249,7249,7249
30312,7709,224,5898,5898,5898
30313,6807,6716,5254,5254,5254
30314,9049,8133,8341,7328,8502
30315,5462,8431,7090,7090,7090
30316,6648,6407,7598,5094,5010
30317,6648,4881,4881,4881,4881
30318,1050,1050,768,768,768
30319,8537,8001,8781,8901,8901
30320,7877,7997,8520,6996,8402
30321,9221,8040,9040,8293,9040
30322,4004,8375,7658,7768,7768
30323,7443,8519,8029,8739,8739
30324,4047,9128,8702,8702,8702
30325,8042,8466,8594,6321,6321
30326,6595,5558,4060,8360,4060
30327,8288,7795,7801,8962,8962
30328,8134,7414,8134,7563,9098
30329,8266,8578,7905,7905,7905
30330,3169,7303,6711,7764,7764
30331,2808,2738,2395,3201,3201
30332,8395,9022,7427,7766,7851
30333,431,7683,2214,2214,8719
30334,6970,6296,5221,7044,7044
30335,9060,6707,7077,7654,7654
30336,8654,8654,8654,8572,8407
30337,8654,8654,8654,8654,8654
30338,8654,8654,7285,6943,7285
30339,7639,7639,8982,8982,8982
30340,8366,8366,8100,7727,7727
30341,7658,8611,9221,7884,7034
30342,7121,4748,6711,5667,5667
30343,6402,7689,8561,8796,8796
30344,6014,7204,7463,2548,2219
30345,7125,8463,1253,7545,8469
30346,7081,8843,4848,8722,2316
30347,8683,7914,8581,9150,9150
30348,7463,8880,7323,7323,7323
30349,5733,6335,6335,3507,3507
30350,8436,7522,7924,6674,8880
30351,8272,2789,6815,6791,6791
30352,7461,7385,7653,7745,7745
30353,4100,3094,5678,8254,8254
30354,8127,6626,6377,6531,6531
30355,7625,6386,7966,6386,5296
30356,5153,7474,8762,6855,6855
30357,7140,1757,7316,7960,7960
30358,7671,8004,7039,8950,7769
30359,7497,7676,8788,8788,8788
30360,7926,8486,7317,7317,7092
30361,7736,7890,7176,7176,7176
30362,9027,3640,7255,8777,8777
30363,4139,6074,6418,6191,6191
30364,5646,3463,6552,2359,2359
30365,7642,3062,6509,4731,4731
30366,8865,7958,7903,893,893
30367,7853,7852,8885,5992,5992
30368,8375,8376,7817,3008,3008
30369,5332,6638,8790,8790,8790
30370,8003,8253,1210,8639,7282
30371,8388,3631,8619,9046,9046
30372,8743,5547,6189,6189,6189
30373,6840,7093,5831,5955,5955
30374,5547,7285,7367,7367,6954
30375,2301,1207,8709,8709,8709
30376,7122,827,885,6669,6669
30377,8770,6330,8114,4746,4746
30378,9089,9089,135,135,7869
30379,7380,7348,8199,7365,7518
30380,1850,316,8940,8940,8940
30381,8685,7589,7934,8419,7934
30382,5468,7518,7561,7561,7561
30383,8979,3865,3865,8200,8200
30384,1767,7412,5603,7641,7641
30385,6194,8303,2483,5870,4073
30386,4569,7403,8614,3588,3942
30387,6961,9189,8361,8507,8507
30388,8115,8137,8115,8115,8115
30389,7549,8677,2921,7736,2921
30390,7896,5913,5913,3599,5972
30391,7965,7550,2577,8362,7540
30392,3242,2355,4394,3045,3045
30393,6969,6969,7497,7497,7497
30394,2749,5981,5433,2816,2816
30395,7231,7971,7231,7231,7231
30396,7993,4557,8308,8308,8574
30397,8375,6499,473,4915,7765
30398,8072,4474,7765,9163,7035
30399,7184,8917,7682,7682,7682
30400,8065,8371,7314,8676,8676
30401,9013,5243,7682,8901,8901
30402,1236,8344,145,8935,8935
30403,8979,8001,8676,7601,7601
30404,1981,511,2049,2049,2049
30405,4420,4977,8226,8397,8397
30406,9123,8151,7512,8429,8429
30407,9123,8817,8057,8057,8057
30408,8730,7665,9117,8647,8647
30409,7651,8953,8646,7918,7918
30410,7835,8239,7774,7933,7933
30411,7742,7952,1453,8941,8941
30412,6155,5287,4504,8310,8310
30413,7773,6924,6010,6010,6010
30414,8670,4280,8300,7902,7902
30415,4966,5320,196,3458,3458
30416,1180,7156,6684,8427,1627
30417,8052,8030,8686,9086,7408
30418,6851,8919,3928,3928,3928
30419,8947,8654,7063,8998,7420
30420,5202,7664,3589,7839,7839
30421,8841,7320,8888,9152,9152
30422,4064,4611,9103,9103,9103
30423,7183,8654,7900,7653,7653
30424,7787,7325,7377,7377,7377
30425,7664,7604,7745,7653,7653
30426,6962,6442,5189,5189,6116
30427,8312,7617,8380,8380,8380
30428,3324,1230,363,2609,9125
30429,7356,7177,7313,8998,8998
30430,9042,8087,7595,7595,8510
30431,7983,9233,5936,5936,5936
30432,3047,2824,3445,5224,7036
30433,8773,8705,9184,9184,9184
30434,6837,4638,6834,6290,6834
30435,7796,7267,8353,7110,7110
30436,7096,6231,7079,5262,5262
30437,7195,3054,3573,5795,5795
30438,7197,7817,7165,7165,7165
30439,8061,8590,8398,7508,7508
30440,8944,8104,7955,7955,7327
30441,8577,7235,7291,7291,7291
30442,4635,2346,8529,3309,6501
30443,7916,4748,8188,8188,8188
30444,7837,7731,7829,8042,8042
30445,8740,7050,8061,8061,8061
30446,8211,7022,7829,8252,7022
30447,7856,7713,2359,8475,8475
30448,8734,7867,7115,8920,8920
30449,8312,8644,9213,7669,9213
30450,7773,1366,8003,300,300
30451,288,6597,8366,3739,3739
30452,8448,9128,8144,7506,7981
30453,7615,4965,6722,2927,6722
30454,8747,8048,8747,8747,8747
30455,7615,6600,5963,7759,7759
30456,7357,7585,7459,7018,9055
30457,8687,7962,7864,7864,7864
30458,8764,8406,8568,8568,8568
30459,3202,7209,5900,7471,7471
30460,8116,7980,560,8470,8470
30461,8040,8167,9232,7802,7802
30462,7469,6191,7828,7828,7828
30463,7783,8002,4665,4665,4665
30464,8633,6976,7211,264,264
30465,9045,8120,8401,8679,8679
30466,9046,8146,5813,4652,5813
30467,8151,6474,8831,8831,8831
30468,8691,8648,8887,6425,6425
30469,3997,3468,7755,7755,7826
30470,8668,3534,9144,7634,7634
30471,8483,6458,8483,7270,7754
30472,8200,7106,8658,7862,7862
30473,8597,8144,9085,6709,6709
30474,7260,6191,5974,5186,5186
30475,1817,7186,7344,2774,7344
30476,8128,6704,6112,4765,4765
30477,7087,7630,6017,6017,6017
30478,8921,7357,7731,8551,7731
30479,7302,7637,8422,2451,2451
30480,8270,4472,3435,3435,3435
30481,7771,8271,8211,8211,8211
30482,7846,4613,7026,7026,7026
30483,7406,7835,8788,6963,7058
30484,9118,7320,7148,7806,8511
30485,8033,7420,2374,7737,7737
30486,9083,8195,8426,8426,8426
30487,9164,7566,8986,8506,8506
30488,7406,7287,3898,7688,7688
30489,8309,8149,8968,8968,8968
30490,7864,4437,222,6010,6010
30491,8975,4712,8371,8371,8371
30492,4469,4008,4492,4492,4492
30493,5219,3786,9215,7063,7444
30494,6551,6620,8593,5567,5567
30495,8135,5815,5815,5815,5815
30496,6000,8580,7042,7209,7209
30497,9069,8537,8369,7776,7776
30498,8212,8995,8774,7696,7064
30499,2139,9110,8607,9129,9129
30500,8172,1605,9154,9154,9154
30501,8873,4655,8758,8758,6738
30502,8975,7115,6057,7018,7018
30503,8945,8734,7609,8261,8261
30504,5906,2446,7117,7253,7253
30505,8180,7057,9071,9022,9022
30506,8276,8261,7220,7892,7892
30507,3029,8630,3693,8962,8962
30508,8214,7533,7716,7933,7933
30509,6030,8506,6972,7704,8219
30510,8916,2970,5934,5473,5473
30511,7284,8548,8270,8270,8270
30512,6331,8845,7088,6568,6479
30513,8535,7035,7132,742,7011
30514,8947,8493,7390,7206,8358
30515,7178,7320,9152,9152,9152
30516,8464,5514,7528,7528,7528
30517,8812,8533,9189,6982,6982
30518,3383,6652,8046,8046,8046
30519,9135,8220,7124,7124,7124
30520,7058,9188,8353,8353,8353
30521,7039,7868,8572,9073,9073
30522,9070,8645,9130,9130,9130
30523,6480,5797,5528,5444,5444
30524,8134,8268,8919,7586,8931
30525,8004,4756,7663,7663,7663
30526,8188,7854,7414,8268,8268
30527,9144,7163,7287,7979,8169
30528,5873,7875,8489,3169,8141
30529,7347,760,8456,8456,8456
30530,5159,3933,6623,6623,6623
30531,3963,7353,2961,8165,8165
30532,4394,4918,5039,62,5039
30533,1311,7906,7434,8058,8058
30534,8315,7768,8040,9109,8280
30535,7970,8110,7453,7453,7453
30536,6973,8676,8868,8868,8868
30537,7210,8785,3322,3322,3322
30538,6685,7922,7466,7466,7466
30539,6980,8387,4475,4959,4959
30540,9123,8261,6257,8507,8507
30541,7371,7388,7962,7388,7388
30542,8817,9155,8309,9160,9160
30543,8718,9206,7884,7181,7181
30544,7952,8327,8812,7409,8812
30545,3828,9084,8457,8457,8457
30546,101,1684,8189,8189,8189
30547,5892,6563,5138,5138,8298
30548,9231,8367,7017,7017,7017
30549,7396,8512,7396,7396,7396
30550,8676,9060,8873,8774,8774
30551,7151,7247,7247,7247,7247
30552,937,1345,733,1670,1670
30553,4595,8229,8422,7253,8491
30554,6415,1883,8503,6337,6337
30555,7499,7784,8805,8805,8805
30556,8228,3179,2793,2793,2793
30557,8587,8812,5829,2820,2820
30558,4891,6702,8910,8910,8910
30559,5402,8236,7120,7120,7120
30560,6236,9050,5431,5629,4945
30561,7351,8121,7065,7065,7065
30562,7247,3564,1331,303,1961
30563,921,8422,9072,9072,8097
30564,3616,7549,6088,7813,7813
30565,768,7815,1772,6458,6458
30566,5543,4021,5543,5543,5543
30567,8070,8192,8246,6550,6550
30568,7008,8008,7239,8153,7082
30569,8906,8726,7106,7797,7797
30570,7918,7331,5530,5530,5530
30571,9235,8540,9151,9161,9161
30572,8697,7647,3096,4427,3668
30573,8188,7203,7183,7183,7183
30574,9235,3584,3561,3561,3561
30575,7961,8106,7600,7595,7595
30576,8437,8518,7942,7008,7008
30577,8444,7516,9071,7008,7008
30578,7650,7871,5639,7622,7622
30579,6152,2783,7773,4291,4291
30580,151,1574,870,870,870
30581,8583,9001,8870,834,834
30582,5710,461,6235,5112,5112
30583,7190,8188,7096,7006,7006
30584,9188,8830,7479,8798,7235
30585,5936,8162,1718,8307,8307
30586,7174,8793,5960,6536,5960
30587,8535,8336,6840,4633,4633
30588,7132,8931,7653,9100,9100
30589,8950,7785,7957,7868,7093
30590,7406,8788,8496,7406,6954
30591,8403,8403,8403,9228,3902
30592,6977,8667,6837,8945,8945
30593,3435,9021,3711,3711,2461
30594,8975,7514,8711,8711,5514
30595,3523,7504,8279,8279,8279
30596,5985,8280,6203,9180,6203
30597,8782,8654,7729,7729,7729
30598,7487,7487,8112,7563,6992
30599,8753,6941,8950,7550,7550
30600,3316,8131,7195,6279,6279
30601,8351,7244,6673,5219,5219
30602,5697,3397,4800,4800,4800
30603,1712,419,221,221,221
30604,7073,4569,1409,2312,7988
30605,8067,7142,9191,2874,2874
30606,7877,7341,5519,5813,8461
30607,7884,2986,8502,4242,4242
30608,7822,9210,8729,8729,8729
30609,7180,9015,8445,7596,7596
30610,4684,9106,3737,8675,6109
30611,7595,7591,8239,8947,8947
30612,3413,7125,6029,6523,6523
30613,3413,2412,5501,4811,4811
30614,4838,4685,2847,2847,2847
30615,1790,1518,1636,1636,1636
30616,7999,5215,5985,8608,8608
30617,7942,8620,8819,8182,7682
30618,2357,6984,7908,7908,7908
30619,8218,2874,4047,7582,7582
30620,5352,4401,3590,7939,7939
30621,2401,7603,7739,7739,7739
30622,3785,5206,4602,4602,4602
30623,8006,8789,2543,2543,2543
30624,8146,6817,6057,9046,8425
30625,8908,8809,8295,8160,8295
30626,8042,7525,8624,8544,8544
30627,2594,5530,4716,5277,5277
30628,2355,8105,8105,4112,8105
30629,5530,8947,5229,5229,5229
30630,3955,7177,7385,7664,7664
30631,7084,3154,7513,7513,7513
30632,8012,8052,2617,6383,6383
30633,8517,7044,8744,6263,3902
30634,1351,1234,8334,1827,7273
30635,4769,5562,6240,6191,6191
30636,7749,633,208,6722,9026
30637,64,823,491,826,826
30638,3372,9025,8864,7615,7615
30639,7563,8788,6994,8496,8496
30640,5264,7431,3529,8106,8106
30641,9188,9224,8129,7063,7063
30642,7382,8873,7138,7138,7650
30643,8403,9209,5932,8923,8923
30644,7169,8346,5029,7303,7303
30645,8385,9145,6095,1016,9145
30646,7969,7259,9146,7978,8924
30647,5086,6684,7871,7284,7871
30648,7426,9071,7304,8286,7301
30649,8804,7333,7426,7426,7426
30650,7426,7301,7426,7426,7426
30651,5982,5149,5248,4642,6828
30652,6848,5119,6319,6716,8348
30653,8707,5525,4664,5525,5525
30654,8983,7183,8715,7653,7653
30655,8012,4594,4907,4907,4907
30656,8895,8909,7430,6930,6930
30657,8571,8748,4611,8358,8358
30658,9115,8986,8888,7729,8888
30659,4064,7063,9164,7039,7039
30660,8273,8698,8697,8697,8697
30661,7078,5304,6988,5013,5013
30662,9042,7058,7418,7418,7418
30663,6825,5139,7245,7245,4905
30664,7720,681,8786,8786,8786
30665,5573,3372,3003,5635,5845
30666,9100,9100,7498,7027,7027
30667,9100,9100,9100,9004,9004
30668,8986,6954,7408,8926,9117
30669,5697,3821,6034,4397,4397
30670,5253,8230,8230,7384,7384
30671,8273,7473,8991,7796,8991
30672,8961,8157,2591,7273,8708
30673,8419,9213,1050,2087,2087
30674,5413,8913,6092,6967,6967
30675,1174,1573,8565,8565,8565
30676,6990,8304,1196,1196,1196
30677,8134,7905,4612,1595,1595
30678,7068,8188,7432,8650,8650
30679,6958,2855,5300,5300,3973
30680,8653,7868,7479,5474,7406
30681,3255,7902,6321,4997,6203
30682,8551,8348,7650,7650,7650
30683,7289,7146,7289,7042,7042
30684,7770,7194,9221,9095,9095
30685,8307,6754,8857,7032,7032
30686,8428,8448,7032,7032,8216
30687,9057,4929,3328,6325,5567
30688,3107,8350,9205,8012,9205
30689,8056,8592,8056,8056,8056
30690,9018,8544,8989,8873,7788
30691,8845,6324,6324,6324,6324
30692,736,8860,7622,5621,5621
30693,8838,7420,8635,8635,8635
30694,8056,8004,7105,7105,7566
30695,7137,8020,7798,8450,8450
30696,7563,7765,6398,8636,8636
30697,7868,8535,3428,4241,4241
30698,9006,2823,6326,6326,6326
30699,7438,3902,9046,7427,7427
30700,7804,8437,6306,6778,6778
30701,7146,6643,6206,6206,6206
30702,995,6839,8324,8692,8324
30703,4793,7062,8463,8463,8463
30704,2994,5643,5607,5607,3752
30705,6479,9128,8523,7531,7531
30706,8834,7696,8971,8971,8971
30707,8773,8518,7051,7051,7051
30708,7971,7563,7093,5027,7093
30709,8172,4047,70,2331,7677
30710,8893,7044,8684,2582,2582
30711,5979,6288,7063,7063,7063
30712,7039,7037,7769,8853,8853
30713,8529,7664,7839,8571,8571
30714,8870,7525,7679,7884,7884
30715,8703,8270,7532,7609,7609
30716,0,7478,7990,7990,7990
30717,8328,8140,8618,8618,8618
30718,8291,8181,8181,8181,8181
30719,5626,1668,4976,4976,4976
30720,8776,8144,7756,1489,1489
30721,5009,8576,3983,8356,8356
30722,8553,9158,2331,2331,3419
30723,7299,7567,1405,1373,1373
30724,8827,8366,8224,8224,8224
30725,8786,834,348,2143,2143
30726,4694,4716,3883,6252,3883
30727,6543,5354,4762,4762,4762
30728,8745,6954,8533,8926,8926
30729,5625,7013,660,660,660
30730,6203,9163,7368,6357,6357
30731,8677,7998,7970,7970,7970
30732,7540,8390,4709,9086,8256
30733,7591,8396,7252,7252,7252
30734,5339,5945,7577,7577,7577
30735,7262,7293,7154,7154,7154
30736,8398,9231,425,425,425
30737,7428,8898,8424,7573,7573
30738,9183,9183,5688,8772,6870
30739,3364,9183,4172,1320,1320
30740,6354,5622,6399,4752,4752
30741,7785,3417,7694,9015,9015
30742,7498,2355,8201,8339,7774
30743,8550,7590,7479,8109,8109
30744,2109,7917,8984,8633,8633
30745,1561,2047,2047,145,2247
30746,8124,7380,8124,8124,8124
30747,7504,7268,8969,7387,7776
30748,8402,8718,7459,8182,8182
30749,8551,8498,8372,8372,8252
30750,7390,8572,8572,9073,9073
30751,8031,8697,8217,8291,2374
30752,7979,7315,7785,9074,9074
30753,8061,3523,7505,4030,4030
30754,7478,7850,8100,8857,7351
30755,5379,8058,8417,8417,8417
30756,8582,8285,8924,7753,8924
30757,8156,7141,6953,6953,6953
30758,7301,8425,4487,8773,8773
30759,3729,7134,7538,8888,8485
30760,4108,6571,8683,3410,3410
30761,2529,6364,5475,2897,2897
30762,7216,6837,8490,8182,8182
30763,7682,7371,8490,7891,9018
30764,6938,3512,7887,7887,7887
30765,8998,7809,6234,8642,8642
30766,6189,7809,6933,6836,6933
30767,5778,7809,7331,7183,5714
30768,5164,8343,8253,8253,8253
30769,7355,8533,417,9200,7908
30770,7511,8934,7453,7453,7453
30771,2827,6336,4582,4582,4582
30772,2527,8193,7720,2453,2453
30773,2439,4311,7268,2523,2523
30774,8758,8333,9026,8155,8155
30775,3882,5190,1002,1002,1002
30776,8058,8660,6357,9209,9209
30777,1852,1852,1852,8868,8868
30778,7217,8842,9111,8212,8212
30779,8366,7735,6996,7239,7239
30780,4790,4819,1852,8780,1852
30781,5250,6786,8619,8619,8619
30782,256,1248,9153,9153,9153
30783,6979,417,7371,7371,7371
30784,7274,8527,8527,8527,7699
30785,8009,8527,8527,9129,8527
30786,8961,7453,7197,7518,7518
30787,7307,8702,2769,2965,2965
30788,3612,7154,7949,7194,2385
30789,5346,5120,5616,6255,5616
30790,7807,6987,3174,9120,9120
30791,3663,4045,8846,7101,8846
30792,9067,8184,9094,9015,8836
30793,3990,7377,6588,9108,9108
30794,3654,7801,8947,5750,5750
30795,8842,2267,2267,1702,1702
30796,7620,8343,8250,4420,4420
30797,9109,8155,7710,2640,3954
30798,6972,8250,7137,7137,7137
30799,3471,8351,7865,3845,3845
30800,6448,5859,5300,7072,8354
30801,8878,8242,8242,7087,7087
30802,8878,7898,8878,8878,8878
30803,8340,6035,8524,7154,7154
30804,7266,3522,7498,7498,7119
30805,8938,7965,8350,8927,8893
30806,8351,7946,4549,7417,4549
30807,7274,2629,8241,8241,8241
30808,5873,5470,6051,6051,6051
30809,6051,5470,6051,6051,6051
30810,7265,2552,8805,9064,4781
30811,7026,8422,9121,7726,9121
30812,1930,7061,9221,8929,8929
30813,7614,8314,8621,8621,7021
30814,1228,610,1949,1949,1949
30815,67,791,622,9,9
30816,6611,7775,4550,2545,2545
30817,5919,5092,5470,5992,5992
30818,8077,1986,1267,7263,7263
30819,8376,8065,8868,8868,8868
30820,4849,7508,6643,6643,6643
30821,8371,9010,8422,8422,7712
30822,6450,5932,6483,5665,5665
30823,6479,6786,5093,5093,5093
30824,8366,8551,8300,7184,7184
30825,4146,8592,7406,3359,7406
30826,7739,4190,6131,7315,6131
30827,8535,8018,8291,7111,7111
30828,7663,8803,6215,7987,5474
30829,8227,8650,7175,7175,7175
30830,8051,8909,9233,5549,4654
30831,8228,7778,1070,1070,1070
30832,72,2744,8966,7306,7306
30833,8023,8023,6803,6803,6803
30834,7058,8511,7905,7905,7905
30835,7787,9171,8506,8550,8550
30836,7309,7566,9100,7316,7316
30837,7956,7608,8199,8199,8199
30838,8113,921,7192,7192,7192
30839,1419,8677,3013,3759,3759
30840,8374,7734,8908,7033,8806
30841,8548,7891,8801,7847,7847
30842,8518,8267,8267,8667,8667
30843,2965,1907,6305,6305,6305
30844,9138,7530,6264,7366,7837
30845,5828,8701,8714,7768,7768
30846,8768,7190,7663,7663,7663
30847,8730,7349,9188,9188,9163
30848,7235,8573,7086,7011,7086
30849,8674,7588,3843,7735,3843
30850,7396,4400,8275,6264,2457
30851,7817,8202,7571,7571,7964
30852,4036,8306,1043,2213,2213
30853,7173,5105,4234,5148,5148
30854,7370,8796,4262,3956,3956
30855,7247,7519,8690,8690,8690
30856,3612,7021,7272,7272,7272
30857,1519,1519,588,2075,8039
30858,865,638,7165,6684,6684
30859,7323,7557,8113,2104,7380
30860,8906,4747,8176,8176,8176
30861,9002,8775,8775,8775,8775
30862,7028,3181,8182,8182,8182
30863,5838,6808,3179,8327,9056
30864,8704,8704,6396,3237,3237
30865,6386,2936,5391,5391,5391
30866,8704,8704,8494,4422,4422
30867,9176,9031,8207,8676,7453
30868,7422,3700,7993,2387,2387
30869,1831,8049,8713,7156,7862
30870,8342,5152,6881,8801,8801
30871,8551,8660,5574,3405,5574
30872,8025,8371,7293,7293,7293
30873,7507,8668,7384,8506,8506
30874,8240,7805,8051,8535,8535
30875,7031,7604,8600,8600,8600
30876,7688,8731,7076,4068,4068
30877,4612,3781,3369,2851,2851
30878,8033,2775,8220,8220,8220
30879,6293,7561,8489,8489,8489
30880,8249,7715,7020,6196,6196
30881,6547,7615,6844,8324,8324
30882,7293,8934,8120,7358,7358
30883,7532,5117,4437,8361,8361
30884,4966,7752,681,7525,7525
30885,7981,8741,7531,8979,8979
30886,8316,9109,8607,8305,8305
30887,2571,8441,7017,3134,3134
30888,6375,4655,8758,8758,8758
30889,8518,7727,7942,7942,7942
30890,8314,8417,8270,8857,8857
30891,7877,6817,7274,8076,7274
30892,8414,6215,8926,9225,9225
30893,7527,7158,7067,9041,8698
30894,7890,7770,8951,7310,7625
30895,7224,8539,5514,8057,8057
30896,651,1398,1226,634,1971
30897,8540,8991,7507,8540,8540
30898,7570,7795,8510,8140,8140
30899,8031,6963,8743,7183,8743
30900,7364,9159,8310,9159,7323
30901,7165,3008,7156,7348,7348
30902,3772,2578,5912,6334,2589
30903,7970,8070,8010,8412,8412
30904,7518,8597,7197,8984,8984
30905,7518,8171,2451,8665,7131
30906,9074,7390,8986,6948,8986
30907,7025,5027,7178,5253,7178
30908,3667,3275,6570,1886,6570
30909,7481,7397,8816,7347,2330
30910,1949,7810,7927,7695,7422
30911,7571,6161,5372,5372,5372
30912,9193,8262,8262,8262,8262
30913,6400,8223,7814,7955,7955
30914,6505,3127,4751,6979,6979
30915,3804,6929,5812,5812,5812
30916,7414,8268,7309,7309,7309
30917,553,9057,9131,9131,9131
30918,8773,7679,7978,7679,7326
30919,8279,7939,880,880,880
30920,7396,7112,7112,8675,7112
30921,1909,479,8742,8742,8742
30922,8734,8252,7379,7379,7379
30923,8318,150,4412,7234,7446
30924,7242,7276,7158,8268,8268
30925,7796,7096,8926,8645,8645
30926,7127,4995,8138,8390,8390
30927,8542,6080,8947,8947,8947
30928,7693,2853,7325,8604,7099
30929,5926,7266,7132,7132,7132
30930,7511,8519,7026,7026,7026
30931,8315,8257,8856,8856,8293
30932,6991,7247,7620,8198,8198
30933,9235,7349,7010,7533,9118
30934,1959,3337,8522,2500,2500
30935,5700,3539,6940,7968,7968
30936,8519,7478,8113,8113,8113
30937,6989,8253,8713,7131,8713
30938,2552,2552,8993,8993,6955
30939,8006,6940,4330,5013,3633
30940,6603,5142,8578,7385,7385
30941,7737,6943,7843,5778,7175
30942,2575,8740,2378,2378,2378
30943,7891,4192,8355,8857,8857
30944,3425,6388,6018,5793,5793
30945,179,1442,8255,1964,1964
30946,9223,8969,7262,8620,7261
30947,7649,6461,6461,6461,9222
30948,3760,7093,3760,3760,3760
30949,7498,3003,4362,9020,9020
30950,2450,7039,8668,3586,3460
30951,7394,4969,7804,7804,7804
30952,5624,5624,7433,3425,7950
30953,5505,6466,5349,3477,3477
30954,7662,8149,8248,7864,7864
30955,7620,1757,8964,9112,9112
30956,7718,3882,8551,4826,5849
30957,7521,8899,8735,8735,8735
30958,8425,7877,7877,8459,8459
30959,7199,51,5627,7959,7959
30960,8049,7348,7156,7317,8305
30961,5221,6123,7459,3782,8315
30962,8662,7500,8954,7544,8870
30963,7659,8940,7890,9174,9174
30964,7351,1466,9147,7042,9147
30965,8934,7296,51,2463,2463
30966,3150,4060,8763,8763,8763
30967,8306,7895,4841,8504,8504
30968,8459,6077,3065,3065,3065
30969,1226,2734,8752,5898,4676
30970,834,1127,107,107,107
30971,8146,5089,4914,5089,7115
30972,7009,8773,7084,8252,8252
30973,3622,8773,7505,7106,7505
30974,7228,7118,8050,8951,8050
30975,8106,5960,4804,6158,6158
30976,7676,9014,9014,9014,9014
30977,742,9142,7420,7420,7676
30978,3382,4894,6810,6810,6810
30979,219,2230,7725,7725,7725
30980,8632,7393,8137,8137,8137
30981,8263,2270,1469,1469,7237
30982,5991,7237,5732,7048,9122
30983,7246,7708,6915,7708,7708
30984,7932,7194,9200,9200,9200
30985,7494,7608,7494,7494,7494
30986,262,1469,1362,1362,1362
30987,9081,4916,7875,7875,7875
30988,4063,127,7556,8280,6931
30989,3995,8960,7517,7517,7517
30990,7230,8868,9221,9060,9060
30991,6962,9001,512,512,8870
30992,7500,8707,8952,7585,7879
30993,7480,7305,7532,7532,7532
30994,8952,7684,7684,4811,4811
30995,2997,2997,5718,2329,5718
30996,6720,7442,6542,6542,6542
30997,8078,6534,4660,6726,6726
30998,6910,8881,5680,8605,5680
30999,8293,8062,1154,1805,3491
31000,7484,8976,5367,5367,8587
31001,8439,8083,8885,8885,8885
31002,7160,8624,8115,4897,8115
31003,8575,8293,8257,8315,8257
31004,6652,5949,5282,6018,6018
31005,8136,7932,7655,7655,7655
31006,7196,3364,6499,2483,2483
31007,8510,7304,7979,7600,7600
31008,2361,6286,5266,6060,6060
31009,6409,6661,6399,7996,6713
31010,8233,7133,7764,8432,8432
31011,7534,7643,7573,7197,7197
31012,8029,8690,9048,8777,8777
31013,1593,7341,1014,1014,1014
31014,7184,7184,9101,8210,8210
31015,8120,7625,9027,7181,8412
31016,8149,7696,9218,7973,9218
31017,7278,5238,6697,6077,6077
31018,7641,4677,6874,6874,6874
31019,30,1605,1496,326,326
31020,8284,5813,5813,5813,7858
31021,6881,9123,8945,8812,8817
31022,9062,4676,8005,8005,8005
31023,8784,8087,8496,8496,8836
31024,6536,6536,7063,7128,7128
31025,7570,8991,8484,8217,8332
31026,8348,8361,8430,8430,7275
31027,2416,9109,8951,5215,8951
31028,9207,8503,5933,5933,5933
31029,7809,8465,6969,7497,7497
31030,8874,8836,7067,6948,7067
31031,8330,8330,8793,8980,8980
31032,7819,5710,8056,8056,8056
31033,9076,7510,2191,2273,2273
31034,7819,4244,4804,5939,5939
31035,8050,8127,6982,6982,6982
31036,2868,9043,8312,8250,8250
31037,7989,7625,7692,7727,7727
31038,9143,3802,3929,3929,3929
31039,4666,4573,7867,3646,7867
31040,3223,4204,8653,8631,8631
31041,3546,2882,8199,7365,8199
31042,7491,7407,7797,8930,8930
31043,3933,8419,5468,8979,7197
31044,8870,8183,7314,7314,7314
31045,7576,2833,1956,847,847
31046,8677,3933,4236,4525,4525
31047,7247,72,7847,6957,7467
31048,4882,4970,6586,6586,6586
31049,5178,4682,8764,5221,4248
31050,7375,7967,8641,8641,8641
31051,8736,7961,4710,8196,8196
31052,7808,9220,8274,5447,5447
31053,7455,534,8724,2643,2643
31054,1311,304,1707,208,208
31055,3382,7564,7564,8561,8561
31056,7566,8600,8239,5474,5474
31057,8931,7868,7900,7900,7900
31058,2309,7287,8636,8798,8636
31059,7259,7289,8726,8726,8726
31060,6065,5846,6044,6044,6044
31061,7259,7115,7674,5451,5451
31062,7690,7199,8198,8198,8198
31063,7824,4759,8250,6264,3909
31064,5434,7161,3771,3771,3771
31065,6246,7758,6722,2033,6722
31066,221,8613,8613,2023,2023
31067,5708,453,5769,6347,6347
31068,7176,1405,8677,1405,1405
31069,7336,8228,6376,7975,6376
31070,1426,869,9160,1774,9180
31071,7987,8052,8052,8330,7785
31072,7558,7417,9164,1573,1573
31073,8426,8838,7049,7049,7049
31074,8383,8180,9209,7748,7748
31075,6977,6807,6854,8402,8461
31076,5862,5502,6982,7451,7451
31077,8512,7625,8476,8218,8476
31078,7886,8545,8112,7140,7140
31079,8018,8108,7025,7025,7025
31080,8264,6709,1437,499,499
31081,7097,7138,9132,9221,9221
31082,8724,7450,8834,8267,8267
31083,7875,6939,8910,8627,8627
31084,7181,8724,8342,9027,9027
31085,7923,8412,7347,7413,7347
31086,7149,6266,435,435,435
31087,9108,9205,6469,5764,5764
31088,8986,7591,3060,7190,7190
31089,51,9169,2895,7139,7950
31090,8667,8429,9175,6485,6485
31091,8366,8383,8279,8279,8279
31092,5164,4598,7388,4923,4923
31093,8505,4676,6860,6881,6881
31094,8946,8943,2986,9052,9052
31095,9228,8342,7837,8061,8061
31096,8640,8361,8153,8153,8153
31097,3372,4403,3620,3620,7454
31098,1477,8737,2142,2142,2142
31099,1656,1656,1656,1004,1004
31100,8190,7065,8190,8190,8190
31101,8385,8208,7890,7890,8208
31102,4698,5371,8360,8360,8360
31103,9188,6479,7998,7239,7239
31104,7698,7698,8197,8197,8197
31105,7997,8401,8402,6984,8428
31106,8241,9029,6459,9084,7083
31107,9073,8188,9007,9007,9007
31108,8112,8675,8830,7163,9234
31109,6969,7665,1798,7479,7479
31110,8057,8551,8817,8817,8817
31111,8649,8649,7050,7748,6150
31112,8216,7379,7526,9123,9123
31113,7698,7698,8142,2484,2484
31114,8963,2312,4545,4545,4545
31115,805,968,7017,7017,7017
31116,6954,7774,7563,6986,6986
31117,6954,7124,8698,8698,8698
31118,7876,8753,7049,7319,7319
31119,7565,5723,4229,7742,7742
31120,8914,4353,7409,8624,4456
31121,8914,7334,8774,8313,8313
31122,8904,7108,208,651,651
31123,8029,8660,8408,7334,7334
31124,8045,7679,8045,7314,8045
31125,6059,6118,5006,7329,7329
31126,7787,8999,7560,7560,7560
31127,7704,8256,7839,8642,8642
31128,6944,8584,5772,5590,6988
31129,4748,9103,6894,6894,6894
31130,7965,4070,8697,7498,7498
31131,7008,7326,7253,8711,8711
31132,8215,8164,6065,6065,6065
31133,8734,4627,7253,8462,8462
31134,1193,3458,7920,7920,6661
31135,6741,4305,5724,5724,6506
31136,7387,7970,7181,8093,8779
31137,7461,5242,7382,5693,7382
31138,3728,4129,6220,6220,6220
31139,8372,8943,8085,8085,7966
31140,7771,7731,8568,8568,8568
31141,8464,8271,93,9206,9206
31142,7771,7692,8342,8412,8412
31143,8692,6895,9016,9175,9175
31144,3653,1017,2941,2941,2941
31145,10,904,247,1372,1372
31146,8841,8970,7158,8838,8838
31147,8140,7350,8866,8866,8866
31148,9142,8545,6988,6988,4244
31149,8112,1757,8545,7350,7350
31150,8926,8396,7195,5262,6601
31151,8789,8650,8506,7367,7367
31152,7848,9140,8183,7726,8065
31153,7396,2575,8024,7156,8024
31154,7296,8019,8399,9044,6935
31155,5186,5705,2493,7454,8548
31156,3254,7853,9147,9147,9147
31157,8137,7722,9000,9000,9000
31158,6831,7258,6704,8661,8661
31159,510,7914,6980,6611,6611
31160,7342,1585,8663,8469,8661
31161,9111,3618,7543,5574,2629
31162,5553,7865,6938,3190,8982
31163,9000,9216,8690,8690,8690
31164,7570,8166,8158,8158,8158
31165,7321,5112,7187,7187,7187
31166,8140,8522,8108,8108,8108
31167,5857,5351,6025,6218,6218
31168,5771,5454,8874,8783,8783
31169,9131,7805,8072,8072,8072
31170,9041,7128,8377,7979,7979
31171,7329,7566,8866,8788,8788
31172,5714,7158,8610,8610,8610
31173,8678,1142,1426,8055,8055
31174,512,8624,3935,8182,8182
31175,3942,8780,7102,2895,2895
31176,7209,8568,8975,5836,5836
31177,8674,6807,7116,1307,1307
31178,1737,1852,5375,5813,5813
31179,8471,7981,7423,7423,7505
31180,8827,7120,3902,8611,8667
31181,7357,4655,6483,6483,5454
31182,7835,8625,8573,8573,8743
31183,5262,6332,7510,8973,8973
31184,7350,8353,8675,8353,8353
31185,6253,7540,3997,6471,2733
31186,2589,4327,4441,4441,4441
31187,8675,9185,4179,5259,2413
31188,3990,3397,5882,7520,7520
31189,8897,8354,6195,6195,7196
31190,5228,6973,6411,4890,4890
31191,7519,1936,4,292,292
31192,7568,8699,7851,9009,9009
31193,8737,314,970,1434,2017
31194,6444,8668,6972,8877,6972
31195,7868,8684,7390,7390,7390
31196,8970,7979,7527,7527,7527
31197,7582,8397,7804,7846,7846
31198,8428,8375,8298,7156,7156
31199,8293,7404,1800,7101,7101
31200,8241,7051,8055,8832,8055
31201,9155,4807,4708,4698,4698
31202,7051,7188,9029,7477,7477
31203,7876,7300,7624,7624,7624
31204,8736,5066,9205,9141,9141
31205,8874,6781,6992,6992,6992
31206,7367,9041,9134,9134,9134
31207,8610,7497,7158,8807,9082
31208,7200,7479,7031,7276,7276
31209,7816,8789,7806,6190,6190
31210,8919,5936,8184,8184,8184
31211,7035,2334,5820,5405,5405
31212,9221,8551,9000,7966,7966
31213,6801,6907,4936,6445,6445
31214,9228,8383,8457,7891,6977
31215,186,1079,8786,51,51
31216,7129,966,7129,7129,7129
31217,1002,7989,8812,8812,8812
31218,5724,7913,8335,8335,8335
31219,8471,7108,8471,8471,8471
31220,8701,7712,8940,8940,8940
31221,7633,4947,5641,5641,5641
31222,9059,5552,8615,8615,8615
31223,6844,1612,8452,3555,3555
31224,1590,1971,1480,484,1353
31225,349,8099,6962,165,1732
31226,7855,16,7217,7217,7217
31227,3843,8164,5794,4500,4500
31228,9198,8066,9198,9198,9198
31229,3050,3590,3050,3050,3050
31230,8435,7262,7448,7448,7448
31231,8806,3384,7938,3777,3777
31232,3384,7207,7938,8154,8957
31233,8543,7343,7224,7224,7224
31234,8231,8092,7895,7262,7262
31235,8900,871,871,871,871
31236,3357,3297,4329,3709,3709
31237,4311,3606,3905,4574,4574
31238,4169,4020,6995,2392,2392
31239,8851,123,4437,8741,4423
31240,8831,7009,7477,7477,7477
31241,8975,8608,7528,7115,7115
31242,7357,8507,8048,8048,8048
31243,7978,8374,8374,7253,7253
31244,424,9199,8968,9199,9199
31245,4613,6229,6320,5151,5151
31246,7575,7378,7181,8929,7181
31247,8822,660,8702,8702,8702
31248,7306,7040,4841,2919,2912
31249,8607,7864,8483,7364,7364
31250,6618,7780,5628,5628,5628
31251,7960,8353,8691,3662,8691
31252,5224,4390,7140,8807,8807
31253,8926,6312,8446,4560,4560
31254,8551,7427,4627,4627,4627
31255,3721,3677,3172,4290,4290
31256,7009,5786,8667,8667,8667
31257,8779,7639,7008,7082,7082
31258,560,7299,2440,2261,2261
31259,8366,8180,2416,7239,7302
31260,8791,7865,7865,7166,7865
31261,7865,7865,7624,7624,7865
31262,8100,6938,6938,3614,3614
31263,8156,8804,8182,8182,8182
31264,5485,8744,8767,5485,7229
31265,3059,2660,2508,2508,8009
31266,1930,8300,3376,7788,7776
31267,8275,7800,8611,8808,8808
31268,8367,8451,8451,8017,8448
31269,5310,5408,6319,6319,6319
31270,7341,7858,8640,9123,9123
31271,7478,8461,4291,7366,7366
31272,8155,7984,8598,7792,8403
31273,8672,3202,8595,8595,60
31274,8477,8873,6627,8711,6627
31275,7447,7049,7031,8031,8031
31276,6234,8004,8686,8686,8686
31277,8245,8555,7473,8999,8999
31278,2285,2287,774,50,50
31279,8842,7710,8403,8403,7366
31280,1388,7838,6782,8222,1104
31281,8396,6759,8209,8209,8209
31282,8445,7560,8669,8720,8669
31283,5818,8052,7315,8947,8947
31284,9131,7190,4635,4635,8571
31285,2801,5965,6064,6064,6064
31286,8675,8550,8830,5027,5027
31287,8666,8658,2783,8946,8021
31288,1252,7903,526,7713,7713
31289,1995,7453,1796,7165,7165
31290,3000,7289,7022,7022,7022
31291,6375,7973,7346,6229,6229
31292,7451,8155,7738,8794,8794
31293,2809,2430,2872,2872,2872
31294,6131,5425,6025,4908,6140
31295,5210,4790,5896,910,910
31296,5595,7272,7387,7387,7387
31297,6336,2461,3083,8053,8142
31298,8261,8271,9129,9129,9129
31299,7133,3118,6806,8008,9210
31300,657,6101,8677,6356,6356
31301,7748,7937,7800,9109,9109
31302,8975,7505,6738,6738,6738
31303,8417,7505,8406,7505,7505
31304,5452,8062,2562,2562,2562
31305,3054,3330,4582,2480,2480
31306,7656,7533,9131,8691,8691
31307,8336,9131,9144,9144,9144
31308,7980,8725,8452,7352,7352
31309,7557,7297,1427,1427,1427
31310,4959,7288,694,7623,7269
31311,8134,1757,8108,8108,8108
31312,8420,6812,8784,8784,8784
31313,4279,9131,7361,7361,7361
31314,7889,8353,6234,6234,6234
31315,7896,8291,7235,7498,7498
31316,5017,5549,8909,7183,5530
31317,8590,5588,9213,6132,8173
31318,7172,6955,7172,7784,7784
31319,7172,7013,7172,7411,7172
31320,8430,7505,8430,8430,8430
31321,7108,8471,8471,7858,7858
31322,7731,3523,7858,7581,7858
31323,7771,8690,8844,8844,8844
31324,8025,8258,8776,9031,7197
31325,9040,8908,8477,8477,7830
31326,7897,8945,8508,8508,8508
31327,7870,405,7870,7852,7852
31328,7268,8777,5079,8019,8019
31329,4758,2565,4657,7322,7322
31330,5094,1458,6331,6800,4677
31331,8719,8617,6370,6370,6370
31332,8590,5157,5157,9107,9107
31333,5951,8041,8041,7013,7013
31334,3000,7578,8022,2408,2408
31335,7928,3305,9043,9043,9043
31336,8566,8276,7259,7731,7731
31337,9216,7427,8127,7446,7529
31338,7490,9124,8481,8481,8481
31339,2266,1900,451,2094,2094
31340,8230,7651,8455,6954,6954
31341,7065,8401,7508,7508,7508
31342,7906,6301,4779,5225,5225
31343,7184,9218,8521,8521,8521
31344,4998,741,1194,7838,3501
31345,2937,8614,7201,7201,7201
31346,8387,1988,7675,7675,4132
31347,7510,2616,5462,5004,5004
31348,4088,5636,5636,7235,5636
31349,8030,8691,7361,8691,6231
31350,9069,7008,7220,9138,7220
31351,8718,7083,8817,8817,8817
31352,7018,6667,5630,7871,6667
31353,7432,8542,7235,8753,8753
31354,3888,8653,8084,7704,7704
31355,5262,6948,7806,9037,9037
31356,8643,5990,6179,8850,8850
31357,7059,5937,4877,4877,4877
31358,6821,8835,2887,2887,2887
31359,5149,4655,4655,8687,8687
31360,7788,9071,7057,7057,7057
31361,7083,7792,8471,8471,8471
31362,8354,7349,7384,7349,7349
31363,8390,8836,8991,8558,8558
31364,7510,6988,8962,4786,4786
31365,8505,8444,8582,7050,8727
31366,7772,7065,7937,7937,8532
31367,2640,8830,7620,7575,7575
31368,8718,8917,7346,7346,7346
31369,7084,2625,6912,6808,7402
31370,356,869,869,869,869
31371,6725,7217,4423,5971,5328
31372,7216,8153,8598,8598,8598
31373,4779,5106,7991,5497,4738
31374,2289,1199,1199,1199,1199
31375,978,3766,1452,1478,1452
31376,7458,4423,2184,2184,2184
31377,8106,5404,6267,5404,3561
31378,7127,7381,5704,8573,8573
31379,8481,1389,1258,1258,1258
31380,8130,6588,7600,7704,7704
31381,8377,9234,8926,8668,8095
31382,8396,4560,8636,8872,7809
31383,7609,6207,5271,5271,5271
31384,9101,7051,5665,5665,5665
31385,6991,7679,7727,7727,7727
31386,9209,8744,7639,8089,6123
31387,8149,8678,4923,7672,7672
31388,8580,7728,7484,7484,7484
31389,8556,7331,8922,7907,7907
31390,7787,8529,7688,7688,7688
31391,8891,8643,7000,8130,4346
31392,5485,8241,5685,5685,5685
31393,8882,8437,7505,7505,7505
31394,1200,8019,8566,8679,7969
31395,7112,4447,2937,7741,7741
31396,8267,7597,6907,8449,8449
31397,8244,8552,8133,8267,8267
31398,7356,9233,8217,9233,9233
31399,7309,8991,6986,7979,7979
31400,8872,7251,8872,3591,3591
31401,8639,3516,8056,8485,8485
31402,8907,4985,5866,5866,5866
31403,7363,6970,5284,5284,5284
31404,8136,7178,8645,3603,8645
31405,7983,5710,8650,6884,6884
31406,8084,7124,8841,8616,8841
31407,3140,1695,998,2161,366
31408,6962,8207,8099,7893,7499
31409,4853,7770,8133,8670,7008
31410,4644,5164,5169,7902,7902
31411,8172,6126,2965,5359,6546
31412,8439,8057,9123,8301,8301
31413,1718,7497,8887,8784,8784
31414,6263,8007,8610,4560,4560
31415,7418,8636,4532,4532,4532
31416,7686,4861,5883,6557,6686
31417,9107,6701,9053,6111,6111
31418,7978,8764,7539,8189,8189
31419,7766,3603,9108,9108,9108
31420,9106,7766,4349,2577,4349
31421,8352,3603,7175,7175,7965
31422,8201,3786,8201,8201,9215
31423,9100,8496,8051,8931,8931
31424,8970,7406,8798,8798,8798
31425,7025,6969,7025,7025,7025
31426,8105,7244,9074,9074,9074
31427,2799,7177,461,461,5714
31428,2313,9007,7000,9164,9164
31429,7158,8983,7158,7331,7331
31430,7739,8635,4939,4939,4939
31431,3728,8736,7418,7916,7377
31432,8347,3650,7325,7590,742
31433,9053,1233,8885,3458,8341
31434,3631,4454,7505,4897,4897
31435,7423,7057,7423,7057,7423
31436,8988,9199,7216,7216,7216
31437,7316,6760,8691,8691,5316
31438,7604,8087,9131,9131,9131
31439,7140,7124,7124,9217,9217
31440,8714,8270,7032,9132,9132
31441,7581,8544,7115,8285,8285
31442,5946,6257,6150,6150,8066
31443,3813,8162,7058,7948,7058
31444,5449,9177,4927,4927,4927
31445,7479,8636,5594,5594,5594
31446,4876,6438,6031,7436,7436
31447,3911,7392,8121,7032,8121
31448,7459,7042,8779,8005,8005
31449,8935,8421,7829,7829,7829
31450,7571,5505,5232,4598,4598
31451,7714,8065,7016,7016,7016
31452,8052,8950,8950,8950,8950
31453,8684,8292,8654,8654,8654
31454,8496,8986,8147,8986,8986
31455,8849,6039,8536,6039,6039
31456,8228,7521,6706,3004,3004
31457,5554,7975,2487,4790,4790
31458,8648,2500,9177,9177,9177
31459,6946,8446,6226,8691,6226
31460,4466,4466,8479,8479,5988
31461,4076,3252,8832,4411,4425
31462,9133,5655,4437,4437,4437
31463,3078,8351,4978,4978,4978
31464,8565,6948,4924,8196,8118
31465,4402,4445,2851,2837,2837
31466,6087,7242,4787,6941,6941
31467,8182,9169,6837,6837,6837
31468,4198,8740,7353,8271,8271
31469,7724,5164,7768,8502,8502
31470,2423,9007,3130,8105,8105
31471,2837,1348,6059,6059,6059
31472,5818,6739,3457,6969,2355
31473,7516,8464,9019,8295,8295
31474,4760,7459,5588,5231,9018
31475,5934,6380,3243,2818,2818
31476,8311,2778,4016,7698,7698
31477,4089,7017,7673,7084,7620
31478,7065,8367,7582,7582,8300
31479,7965,8020,7128,7178,9152
31480,7146,8268,3909,7199,7199
31481,7690,8166,7304,7304,7304
31482,7791,8291,3289,3226,4147
31483,8105,7105,8095,8095,8095
31484,8352,8052,7384,6954,6954
31485,127,9232,8065,7511,7511
31486,8939,8690,9035,9035,9035
31487,7829,7588,8777,8969,8969
31488,8072,8866,8788,8788,8788
31489,7488,3647,6253,8631,8631
31490,1647,6963,8022,8022,8022
31491,275,2057,1060,1060,1060
31492,2211,5172,7823,735,735
31493,8260,6817,6703,6889,4809
31494,6944,8748,9188,8018,7769
31495,4974,5955,4748,7801,7801
31496,8130,7232,7111,4284,5300
31497,7392,7731,7117,7738,7738
31498,7763,8284,9219,9219,8706
31499,8739,3902,7433,6983,6983
31500,5610,5981,5125,3755,3344
31501,4633,9233,4124,4124,4124
31502,3725,2837,5392,6833,6833
31503,5109,6331,6325,6325,6325
31504,8483,8652,6330,6330,6330
31505,7931,6515,6129,2732,3461
31506,7200,6747,8289,8289,8289
31507,3875,9015,3396,3396,3864
31508,8556,7349,8828,8828,6781
31509,4644,5854,5221,5221,5221
31510,163,7643,8944,8944,8944
31511,2553,7890,3308,6347,6347
31512,7106,8776,9031,8690,8690
31513,8398,8258,7046,8945,8945
31514,7998,8422,7443,7327,7327
31515,4786,8866,7381,7381,6555
31516,9098,9098,1196,1314,7291
31517,4088,6323,4495,7291,7405
31518,7050,7738,8582,8809,8809
31519,8425,7275,8566,8295,8295
31520,8773,8812,7981,7981,7981
31521,8632,8192,7856,2274,2274
31522,8528,7938,7262,7262,7262
31523,8774,2453,7396,3376,8210
31524,7693,8351,8949,4679,7961
31525,4730,2799,3354,6499,3354
31526,9108,5788,4471,3293,3293
31527,8483,7726,8530,7609,7609
31528,7453,7293,8827,8827,8827
31529,7652,671,7781,1535,671
31530,8873,7772,8111,8372,8111
31531,7966,7394,8286,7229,8527
31532,9154,7265,8527,7151,7151
31533,9223,6999,7031,7031,7329
31534,7354,4478,8113,8013,8013
31535,5069,7229,5724,6257,5724
31536,8142,6881,9111,9111,9111
31537,7928,8343,4420,9175,9175
31538,6127,4810,5225,5564,5564
31539,2613,7017,9079,8267,8267
31540,7597,8552,9036,7097,7097
31541,6961,7575,8468,7575,8468
31542,8045,7696,8058,8764,8764
31543,4683,8229,8786,5602,1014
31544,7314,8271,316,316,316
31545,8310,7435,4595,4595,4595
31546,6169,4997,8812,8620,8620
31547,5554,7879,7669,8092,7879
31548,9001,8701,8591,7317,7317
31549,8856,7734,6935,6935,6935
31550,421,8929,7648,7648,7648
31551,7032,9138,8718,4836,7115
31552,8845,7516,8437,8437,8437
31553,8417,7346,8844,9154,8701
31554,9208,9082,7124,7124,8496
31555,8004,8977,6747,8336,6747
31556,5955,5750,4717,4717,4717
31557,6943,7729,7868,7729,7868
31558,1804,5934,7230,7230,7327
31559,4612,2656,4362,4094,4094
31560,9197,2753,7402,7402,7402
31561,7279,6673,8407,9108,8407
31562,8782,8147,4654,4654,4654
31563,8196,8736,7134,7134,7134
31564,8986,4974,7359,7603,9042
31565,8191,8358,9233,9233,9233
31566,8701,7289,8608,8608,8608
31567,7272,7984,8649,8649,8649
31568,6550,4437,7042,7265,7265
31569,6983,2476,1930,1930,1930
31570,60,1050,720,1191,1191
31571,6074,5355,2381,6919,3039
31572,4937,5488,2372,2372,2372
31573,7561,9119,6260,4916,4916
31574,3663,4947,5477,6658,5477
31575,4346,9177,3898,8296,8296
31576,7140,9185,7384,7053,7053
31577,3295,8635,5501,6564,6564
31578,8857,8574,6141,6141,6141
31579,8312,7726,7544,7544,7544
31580,7619,9064,9044,8040,8040
31581,5845,2820,4966,2424,2424
31582,5735,7641,6129,6129,6129
31583,4698,6042,6042,6042,5422
31584,5589,4730,534,6507,6507
31585,6626,8945,8440,8440,5166
31586,6321,5502,9082,7594,7309
31587,8873,4655,6738,6738,6738
31588,7556,7259,7829,7829,7829
31589,9129,9128,7065,8040,8040
31590,7712,8579,7722,7722,7722
31591,385,378,7859,4400,3068
31592,7003,7168,7270,7040,7040
31593,2733,7063,7785,8893,8893
31594,8697,8227,6943,8227,8227
31595,8572,8931,7287,7671,8184
31596,631,1331,4876,4876,4876
31597,2996,3129,3129,7884,3129
31598,9173,6926,8164,3979,3979
31599,8278,9051,9198,8164,8164
31600,8073,8690,4682,4682,4682
31601,1020,9060,1252,8944,8944
31602,8047,3343,6266,8411,8411
31603,6117,7924,3703,3703,3703
31604,8630,7577,4560,4560,4560
31605,9006,7200,7053,7053,8230
31606,7039,7507,7031,7785,7785
31607,8339,7384,7473,8788,8788
31608,7184,6977,8476,8945,8476
31609,2134,4474,7199,8416,8416
31610,8278,9188,4874,4874,4874
31611,7839,7960,7287,8681,9152
31612,7420,7796,8168,7795,7795
31613,7835,9235,7175,7175,7175
31614,9073,7350,7653,7563,7563
31615,7350,7971,7971,7971,7971
31616,3000,4765,4681,5574,6125
31617,2782,9094,9094,9094,9015
31618,7900,7418,7067,7067,7067
31619,8919,6345,3584,7235,7235
31620,9225,6954,7716,7716,7716
31621,7316,9070,8686,8686,8686
31622,7309,9118,8841,9135,9135
31623,7032,7906,7906,9186,7906
31624,8766,7182,7046,7046,7046
31625,2115,9140,1233,9169,9169
31626,7649,2971,4871,5146,5146
31627,7649,7649,7537,7537,7537
31628,7649,6936,7342,7342,7342
31629,2421,8829,3263,2105,2105
31630,610,464,7257,1647,7790
31631,8354,7674,5454,9033,9033
31632,3049,1451,9150,9203,9203
31633,9150,7336,7675,7675,7675
31634,9150,3449,6980,8617,2117
31635,8287,6514,6768,5816,5827
31636,1422,1545,467,467,467
31637,9165,5039,6936,6936,6936
31638,6967,8589,8182,4698,4698
31639,5617,6574,6675,4157,6675
31640,8693,5350,9097,9097,9097
31641,8810,8038,5223,8232,5223
31642,5214,6094,7360,7360,5630
31643,8810,7705,6319,7463,9183
31644,9085,7885,8419,8419,8419
31645,6966,8900,1688,8200,8200
31646,1167,543,2074,459,459
31647,7772,7696,7727,7727,7727
31648,8582,6994,8714,8714,7523
31649,7923,8624,7923,7923,7923
31650,7912,7893,8714,8483,7302
31651,7247,9034,7870,7870,7870
31652,7525,9129,8716,5293,8142
31653,6065,8896,7829,7829,7829
31654,8676,8940,8246,7532,7532
31655,7902,2700,8427,6684,529
31656,7438,7855,8554,6990,6990
31657,8312,4456,7770,8660,7770
31658,7853,4815,7192,4089,4089
31659,3706,5335,3553,3570,8518
31660,5836,8090,5696,8552,8552
31661,8766,6305,8151,8151,8151
31662,6101,8224,7284,8779,8779
31663,9032,8034,8043,7989,7989
31664,7746,8508,7884,8135,8135
31665,8655,8837,8301,8301,8301
31666,7314,8665,7713,7003,7003
31667,1405,8029,8934,8779,7261
31668,9033,8542,7316,7685,7316
31669,8715,502,7414,7025,7960
31670,8138,8715,7096,8307,5778
31671,6794,7670,7997,6010,6010
31672,3510,4282,5480,5480,8657
31673,1181,1032,8432,671,671
31674,8761,5153,6047,6416,6416
31675,5837,6627,8705,7776,7776
31676,1344,8491,7524,7725,7725
31677,8201,3730,2528,6444,5382
31678,7243,7693,8274,8274,8274
31679,5371,1849,1233,6465,8260
31680,7682,7034,8598,7829,8598
31681,3047,3552,8457,7984,7984
31682,7530,6982,5952,5952,5952
31683,9006,9006,9006,9006,7128
31684,7796,8087,7907,9131,9131
31685,9006,9006,6943,6943,6943
31686,5455,4677,5858,5858,762
31687,8804,8804,8829,8829,8829
31688,7341,5396,7841,8703,8703
31689,5768,2482,5355,5355,5355
31690,3631,7454,5051,5051,5342
31691,4167,7982,8427,8427,8427
31692,8595,8595,8595,8595,8595
31693,8767,8595,7301,7301,8211
31694,8595,7426,8595,8148,8148
31695,7581,8005,4407,5815,5815
31696,7625,7712,9218,9218,8827
31697,8430,7847,6569,6569,6569
31698,7038,6955,7637,7637,7637
31699,8025,7719,8934,8934,8934
31700,7939,8499,7532,7532,7532
31701,4858,4858,4858,5462,8069
31702,7878,6831,7260,7781,8770
31703,7878,8603,8603,8603,8603
31704,3837,4116,7730,8314,7932
31705,6962,8428,8428,8428,8428
31706,8994,7108,8809,8809,8809
31707,5275,5137,8965,7337,5784
31708,7259,6627,6068,5514,6938
31709,5105,7606,6973,6776,6776
31710,5477,7812,6542,5343,5343
31711,6704,9137,5633,7649,7649
31712,7469,9078,2033,7618,7618
31713,8659,8675,8684,3147,3147
31714,7945,9070,9205,9205,9205
31715,7835,6588,8188,8188,8188
31716,6837,8724,4221,8285,8285
31717,5724,8379,8899,7410,8899
31718,8425,7426,8211,8830,8211
31719,7912,2847,6419,6419,8309
31720,7802,8413,8703,8703,8703
31721,4849,7902,6282,1850,1850
31722,5449,6140,6689,4908,4908
31723,8140,6994,9135,7651,7651
31724,8274,5736,6541,8068,8068
31725,7370,7159,1291,405,405
31726,4987,5759,7495,7495,7495
31727,5367,586,8003,3590,3590
31728,8353,2799,2401,2481,2481
31729,8600,7390,7349,8476,8476
31730,6969,8188,7025,6969,6969
31731,7165,6971,7046,8519,8906
31732,4747,9154,8943,8185,8185
31733,7697,7494,8865,8258,7274
31734,7446,6057,7959,8608,8608
31735,7764,7891,5481,4928,4928
31736,7998,8870,453,8137,8137
31737,7882,8031,8572,7152,8031
31738,7916,7417,7835,7128,7174
31739,7208,8020,7208,8998,7208
31740,7829,9071,9112,9216,9216
31741,7387,7141,5952,5952,5952
31742,5071,8544,5189,7115,7115
31743,7745,8187,8227,9235,9235
31744,7510,3045,4684,4684,4684
31745,7086,8460,4654,8289,8289
31746,7183,8769,6781,7447,7447
31747,8181,7809,8004,8004,8004
31748,7285,8556,4956,4956,4956
31749,8034,8738,8607,9121,9121
31750,3660,8216,7773,7620,7574
31751,8099,8665,7601,6676,6676
31752,8342,8801,8003,4806,4806
31753,8171,8307,968,8258,7290
31754,8935,8781,7411,7657,8901
31755,9004,4233,2905,2905,2905
31756,8291,8631,7595,7031,7595
31757,8188,7406,8866,7384,7384
31758,7000,8977,7325,7325,7325
31759,9115,8795,9098,6947,6947
31760,9076,8888,8584,8584,8584
31761,5158,7882,7329,7816,7816
31762,6739,5676,5530,5530,6620
31763,5486,4943,2619,2619,2619
31764,7791,8555,8694,5055,5055
31765,7000,4649,4649,6033,6033
31766,7187,7059,8730,7596,7596
31767,8499,6065,7662,7662,8160
31768,7115,8513,3467,6984,6984
31769,5002,8400,8735,7302,5195
31770,5307,5307,6074,6855,6855
31771,8766,7742,9175,8048,8085
31772,6074,8356,2611,6041,5016
31773,7507,7356,7068,7068,9157
31774,8089,7067,7390,7785,8715
31775,8414,7183,8983,8983,8983
31776,8327,9027,7259,7082,7082
31777,8113,7327,7165,7165,7165
31778,7477,7050,7008,7008,7008
31779,4247,5910,3679,4657,3679
31780,4995,8694,4094,8565,8565
31781,7150,2101,2994,4260,8646
31782,2508,7421,7604,7604,7604
31783,911,676,81,1742,1742
31784,7321,8838,7356,8220,8220
31785,7763,6197,6630,6568,6568
31786,3700,7543,2629,2643,4403
31787,8924,8383,4096,7451,7451
31788,8572,7119,8745,8745,8745
31789,7252,6480,6972,8736,8736
31790,8636,8962,5054,5034,5034
31791,8429,2898,7677,8397,8945
31792,8270,8270,8270,8690,8690
31793,7145,8834,8433,8476,8476
31794,7329,8807,1718,7634,7634
31795,7882,7147,8336,8336,8336
31796,7350,7497,7316,7316,7316
31797,8017,8366,9228,9040,9040
31798,2508,8425,7326,8425,8425
31799,8315,7853,8055,4630,4630
31800,8903,7676,8332,8836,8836
31801,7907,2309,5567,5567,5567
31802,8558,7058,7280,7910,7910
31803,8363,6642,8568,8364,8364
31804,8029,7146,8371,8371,8371
31805,437,437,494,7139,7139
31806,7370,7019,7019,7019,7019
31807,8775,7817,9051,3792,9210
31808,6376,5827,4838,5872,5137
31809,8766,921,8199,8574,8574
31810,2151,3411,2115,2115,2115
31811,7770,5847,3738,3738,5974
31812,7858,8566,7008,7942,7942
31813,7345,4053,9221,9221,9221
31814,7720,8588,4199,7184,7184
31815,9143,8362,8007,8007,8007
31816,7965,3624,7251,2577,2577
31817,8432,5591,4299,3201,9198
31818,5291,6907,5024,6198,6198
31819,8207,4619,128,8554,3493
31820,7751,456,8912,8795,8912
31821,4032,2840,9191,3451,3451
31822,6309,9226,5827,5643,5643
31823,3786,1235,3414,2930,2930
31824,7902,7639,5374,4096,6938
31825,4891,8608,7115,7115,7115
31826,8857,7366,7366,8417,8417
31827,7029,4687,8269,5193,8269
31828,6713,9172,763,1144,6514
31829,2230,1535,7648,2126,7648
31830,6288,7180,7206,7900,7900
31831,6190,7461,8909,8188,3001
31832,7203,7279,7967,6673,6673
31833,3404,4326,3316,3414,3414
31834,7857,9041,7566,8550,8550
31835,8496,8107,7389,7389,7292
31836,8977,8052,2468,2964,3326
31837,9177,7540,6253,6253,6253
31838,6034,8325,8274,7595,6964
31839,7796,9225,9225,9225,9225
31840,7796,8651,7390,6943,7390
31841,7175,6536,7128,7128,7128
31842,8489,1118,4433,4433,9054
31843,7171,8746,5483,4855,4855
31844,7673,8286,5985,8923,8197
31845,7108,6167,3669,5725,5725
31846,5106,3237,8591,8688,7717
31847,8417,8366,6837,6068,6837
31848,7137,7807,8197,8113,8113
31849,4576,2850,4576,3810,3213
31850,1595,4763,4569,4446,2818
31851,2074,2278,8182,1907,1907
31852,6938,8961,7620,771,3548
31853,642,1915,920,2171,64
31854,8598,6375,7051,7051,7051
31855,7371,7018,7346,7346,7346
31856,9221,7082,7082,7082,7082
31857,8934,8739,8246,8246,8246
31858,6244,4187,6244,6244,6244
31859,8507,3425,7696,512,512
31860,7563,1647,7281,9135,7281
31861,6821,2543,5736,4978,4978
31862,7292,7281,5261,6398,6398
31863,7037,6929,8131,7983,7983
31864,8511,8511,8919,8268,8268
31865,8807,7316,9118,9118,9118
31866,7877,7582,8945,8246,8246
31867,2571,9128,7396,3009,7396
31868,4059,4403,2719,2719,2719
31869,60,7995,7504,7504,7504
31870,7345,8260,6996,8234,8050
31871,6791,8417,4897,6936,6936
31872,7213,9213,8483,8727,8727
31873,8065,6249,7464,7464,7464
31874,6945,8412,8901,8901,8901
31875,6930,7000,8931,7535,7535
31876,4086,5097,7992,5219,5219
31877,8358,4368,3847,3490,3490
31878,8193,8924,3959,3959,3959
31879,7471,7449,5932,5932,4483
31880,8819,7505,8507,7673,7673
31881,6231,6231,8429,7065,5164
31882,2752,7402,7073,7496,7496
31883,7490,9224,7899,7899,7899
31884,7438,7355,7962,8611,8611
31885,8945,2232,8607,8937,8344
31886,7727,5282,7489,7489,7489
31887,4004,7984,4472,7984,4134
31888,2472,8959,8267,8512,7450
31889,8342,6757,5515,8881,7738
31890,7331,8320,7676,7350,7350
31891,9161,8686,7882,7882,7882
31892,5224,7420,7331,8867,8867
31893,3664,2801,3837,4464,4464
31894,8224,9169,7997,7209,7209
31895,7606,3974,6960,8090,3909
31896,891,4149,6937,4913,4913
31897,7697,7721,8619,8065,9174
31898,3419,7172,8253,8253,8253
31899,7051,9178,8383,9178,9178
31900,7677,4213,8308,6977,6977
31901,7617,888,8621,5256,5256
31902,6008,9155,7571,7571,7571
31903,1193,5247,6150,7478,7478
31904,8738,8432,5951,1415,1415
31905,8690,9035,7643,7643,505
31906,1430,7519,3933,3933,3933
31907,7620,8995,9060,8185,8185
31908,5449,5449,6080,6080,6080
31909,8859,8859,7827,8491,8491
31910,6282,5451,1872,6260,6260
31911,8389,8254,2324,3977,3977
31912,2378,8724,3116,8969,4030
31913,6178,9197,6309,6309,6309
31914,7079,7685,6109,5253,5253
31915,7939,7290,1580,8759,7906
31916,4623,3855,4834,6632,6632
31917,7795,8803,7287,8768,754
31918,7105,7208,6943,7390,7390
31919,5426,4945,5962,6927,4060
31920,8249,6657,8431,6612,6612
31921,4666,4241,6425,8052,6425
31922,4569,5588,5460,4194,4194
31923,6479,5185,8937,7575,7146
31924,5262,8484,5936,7647,7647
31925,7879,1850,1054,7511,973
31926,8088,8681,7031,8095,8095
31927,7768,7588,8546,8307,6347
31928,8986,7134,8616,8616,8616
31929,1712,6596,208,324,1607
31930,6008,6844,6427,4878,4878
31931,4433,4137,3252,3252,3252
31932,6961,8765,8727,8727,8727
31933,2366,3371,2972,2622,2622
31934,7663,7037,8555,8555,8555
31935,7751,7307,7307,8904,8904
31936,8844,7635,8527,8527,8527
31937,1916,570,1841,570,570
31938,6940,3335,8631,8631,9227
31939,8243,8462,8302,8302,8302
31940,7197,7797,8441,7046,7046
31941,4497,1289,8887,7570,560
31942,3532,8164,7870,9034,8164
31943,4243,4530,2599,4230,4230
31944,1263,7490,3486,2135,2135
31945,7233,1649,7876,7876,7876
31946,6066,7466,3529,7027,7251
31947,8065,8061,8507,7864,8507
31948,7191,8421,8956,8956,8956
31949,8873,7357,8537,8994,8994
31950,3629,3629,4025,5178,4025
31951,7200,8184,7796,7566,7566
31952,5827,3676,5845,3397,3397
31953,7305,8568,8727,9055,7275
31954,2971,3410,7661,8516,8516
31955,6664,5848,6679,5321,6679
31956,8218,8444,8425,7141,8261
31957,868,7557,1309,7256,7256
31958,7835,8031,9021,8745,8745
31959,8517,4891,4192,4192,4192
31960,9228,8920,8589,8831,8831
31961,1796,6998,7705,7705,7100
31962,7378,9051,633,8940,7867
31963,7838,1417,1775,1775,1775
31964,8988,7253,7253,7253,8096
31965,9078,537,3738,3865,3865
31966,8227,8654,8654,8654,8654
31967,5146,6643,2378,6082,6082
31968,7335,7219,8488,7738,8066
31969,4397,3214,4260,3730,2547
31970,8739,8968,9027,9027,9027
31971,7216,5983,7471,5213,5213
31972,9156,8166,3743,3010,8000
31973,8241,7050,7984,7984,7984
31974,8280,8483,7884,8539,8043
31975,8200,8656,7161,7161,785
31976,8223,8412,4774,4774,4774
31977,222,2287,1250,2227,2227
31978,8613,8613,8613,8613,8613
31979,9123,7301,8945,3882,3882
31980,8583,8856,3145,6101,3313
31981,6321,7118,6321,7877,7877
31982,2694,7565,6039,6039,6039
31983,6282,8607,6282,8113,4506
31984,7883,5179,4628,5500,8294
31985,6150,8615,7052,7052,7052
31986,4011,5822,2977,2927,531
31987,7326,7433,7674,7674,7674
31988,7795,9094,7795,7244,7244
31989,7755,7300,8423,4907,8962
31990,8343,8343,1502,1502,1502
31991,1405,7307,8729,8729,8729
31992,7051,8767,8974,8974,8974
31993,2870,5374,4027,4632,4027
31994,6715,8166,1104,4038,5608
31995,8079,7512,7435,3879,3879
31996,7423,7696,7727,6983,6983
31997,7581,5195,8048,5172,5172
31998,8891,7202,3412,4756,4756
31999,9027,8040,7722,9044,9044
32000,8752,5266,6644,6644,6644
32001,7293,7544,8934,7544,7544
32002,7319,7818,4554,8633,4554
32003,7014,7817,7410,4841,4841
32004,8610,8668,7031,7031,7031
32005,7363,7494,2266,9145,6942
32006,8175,8161,8208,8161,8161
32007,6052,8307,2643,3103,3103
32008,8782,6930,7563,8095,8095
32009,7863,3612,8092,9032,9032
32010,8645,7331,7331,7350,7603
32011,7072,4791,2352,4576,4576
32012,3190,4638,4557,2908,2908
32013,6366,3908,6130,5996,6130
32014,8986,7558,8051,8571,8571
32015,8886,5842,7116,7548,9105
32016,8287,3210,5867,5867,5867
32017,7118,9090,7257,7257,7257
32018,549,1135,203,1519,137
32019,7869,7463,8562,4652,4652
32020,4815,5606,6882,6882,6882
32021,7042,7032,5815,5815,7478
32022,8150,8870,8929,8929,8929
32023,3752,4846,6726,6726,6726
32024,7612,9128,7396,7865,7396
32025,7135,7032,8135,7290,7290
32026,8088,8647,7964,8239,8239
32027,8673,7756,7500,8145,8145
32028,7303,8657,9223,8456,8456
32029,46,8316,8702,8702,8702
32030,5264,8418,5264,9038,9038
32031,7968,7190,8220,8220,8220
32032,8211,9045,3817,3568,2979
32033,6390,4640,9151,6296,9151
32034,7663,8903,7591,7795,8187
32035,7582,7209,7690,7690,7690
32036,1928,5361,2967,5227,3076
32037,7695,8233,7848,8432,8432
32038,8013,8890,3977,3977,7695
32039,9140,8676,7511,7511,7511
32040,2776,870,9112,5789,5789
32041,9107,8813,5119,8862,8862
32042,1463,8432,1580,1580,1580
32043,6237,7951,1417,8892,8892
32044,3632,6031,4963,9172,9172
32045,8084,7417,9223,8227,8407
32046,8932,5265,8321,8321,8321
32047,7274,8361,1193,8401,7182
32048,7395,9226,6497,6497,6497
32049,8172,1594,8930,7893,9200
32050,7158,6995,9016,2374,9016
32051,2761,8821,7508,7041,9101
32052,8007,7787,7594,7304,7304
32053,9127,3039,8638,8183,8183
32054,8685,7534,7675,8581,8581
32055,9193,5293,8614,657,8614
32056,1647,7965,8999,9070,8999
32057,7829,4401,5169,7582,7396
32058,191,6286,9165,9165,8989
32059,4282,8102,6706,8008,8008
32060,5745,6493,9149,7955,7955
32061,7296,7494,7295,8532,9221
32062,8979,8344,7270,7274,8452
32063,1732,1260,1476,1476,1476
32064,8806,7341,8706,8706,7895
32065,4069,1217,2198,1188,1188
32066,9107,7935,7606,1636,372
32067,8471,8148,8409,8873,8873
32068,5849,7554,8090,8090,5004
32069,7857,7857,8438,7796,7796
32070,7522,5091,4981,5605,5605
32071,7620,8216,8448,8667,8667
32072,7720,5054,8347,5526,5526
32073,6597,4908,2801,6064,6064
32074,8914,7026,8422,8508,8508
32075,5582,7185,2451,9167,8898
32076,6779,5378,2551,5107,5107
32077,3977,6003,8532,8532,8532
32078,5485,8964,8353,7244,8353
32079,5310,7915,7667,6923,6923
32080,7689,1059,7260,7342,7189
32081,4633,8974,4495,7076,7076
32082,995,6767,5872,5138,5138
32083,945,7622,4922,5849,5849
32084,8063,5217,5972,8028,8028
32085,7090,8854,6899,6899,6899
32086,8739,8971,7727,7727,7727
32087,5002,4423,5023,6808,6808
32088,8617,1100,740,8752,756
32089,8221,6486,6486,5801,5801
32090,4349,4260,8351,8351,8351
32091,3436,8629,1575,5696,5696
32092,8103,8271,9084,8148,8773
32093,9006,3375,2658,2658,2658
32094,8373,7593,7849,7849,7849
32095,1823,1823,262,2146,2146
32096,7962,7753,3220,6010,6010
32097,8748,7099,3214,8007,8007
32098,8372,7525,8406,8058,8058
32099,6384,7114,4682,7369,7369
32100,7797,8257,7453,7518,7518
32101,357,1358,7288,7288,7288
32102,8950,8909,8565,7987,7987
32103,7679,7670,7884,8149,8149
32104,8220,7694,8460,662,4482
32105,5534,5298,6855,6855,6855
32106,1868,288,974,882,7911
32107,4670,8639,8102,1528,1528
32108,7810,7052,7383,7383,7383
32109,2820,8514,7872,9173,9173
32110,7540,7899,7496,7496,7496
32111,8469,4737,6164,8035,8035
32112,8702,8508,9060,7998,7998
32113,6797,5561,4603,4603,4987
32114,9129,5415,7752,7553,7553
32115,5300,8791,5219,5219,5219
32116,8426,8841,7816,7816,7816
32117,8186,8781,8568,8568,7008
32118,7902,7672,7433,2615,7526
32119,7803,7803,8325,3470,8325
32120,7104,7251,2831,6955,6955
32121,8437,7392,8873,8437,8437
32122,8948,8496,8332,7390,8332
32123,8621,272,1255,423,423
32124,7841,2202,7332,7365,7332
32125,7064,7064,7064,7064,7064
32126,8169,3021,3255,3406,3255
32127,6413,8148,8595,8724,8724
32128,8042,9109,8873,8873,8873
32129,4853,8074,7494,8093,8093
32130,8194,4200,2854,2446,2446
32131,8067,7188,4563,4563,4563
32132,8893,8651,7600,7600,7600
32133,8398,6428,5451,7357,7357
32134,7368,7654,5213,8470,8470
32135,7593,205,8725,8725,8725
32136,663,3115,8869,6839,8869
32137,4709,6929,8625,4843,4843
32138,8499,8491,7677,8457,8457
32139,663,8394,1772,1772,1772
32140,6760,4877,6911,6911,5636
32141,9210,4353,7095,3660,3660
32142,8925,5264,6503,7459,7459
32143,8077,8560,8387,8516,7661
32144,9175,6921,4241,4372,4372
32145,7726,2884,8952,7500,7500
32146,585,8737,2126,2126,2126
32147,7626,5718,3441,3441,8723
32148,8827,6527,7427,7427,6170
32149,7000,8730,6383,6383,6383
32150,8517,7870,8644,8267,8267
32151,2349,8005,9153,2508,9206
32152,9197,8266,7329,7329,7329
32153,3902,5845,3618,3549,8630
32154,8308,8218,8016,8016,7876
32155,8655,8304,5157,5157,5157
32156,6955,9213,7712,7712,4874
32157,7304,4197,8106,3821,3821
32158,7143,9169,8142,8054,8054
32159,2463,5485,8587,3383,3383
32160,7435,7191,8418,7228,7228
32161,8166,2135,215,1816,1816
32162,9063,7758,8617,7618,7618
32163,5289,8944,4947,7972,7972
32164,7058,7316,8838,7236,7231
32165,6998,2230,384,1225,1225
32166,3246,8629,3932,4067,4067
32167,7367,9073,9067,7900,7900
32168,7749,2191,290,2783,2783
32169,8208,7152,7961,4679,4679
32170,8230,8600,8240,8240,8240
32171,7221,7576,2104,2104,2104
32172,8785,7210,5526,8238,8238
32173,8001,8656,2232,8097,8097
32174,8706,7995,7995,4248,4248
32175,8291,7163,8217,9006,7200
32176,9228,8831,7639,6197,6197
32177,6497,6497,6497,5969,6244
32178,5951,8911,3631,8932,8932
32179,8061,8398,7404,8665,7925
32180,7528,2658,7528,7424,7424
32181,8919,7796,7418,7287,7287
32182,8665,7393,6973,6973,6973
32183,9067,9102,5262,5262,7527
32184,6847,6666,8794,5624,5624
32185,7943,6976,6038,6534,6534
32186,6576,6627,6655,6655,6655
32187,8433,1188,12,1700,1700
32188,2850,4605,5882,5882,8351
32189,2336,3059,8929,9194,9194
32190,8947,6641,5324,5324,5324
32191,8943,8868,7064,7064,7131
32192,8698,7796,8947,8947,8947
32193,6576,6090,7062,8816,6112
32194,6770,4353,8633,8633,2590
32195,6133,5873,5873,8627,8627
32196,1977,6730,9221,1502,1502
32197,8296,8698,7010,8556,8556
32198,5829,4729,6261,6261,7585
32199,9129,7984,7771,8444,8444
32200,4976,4608,5502,5502,5502
32201,8322,6951,6948,9177,8631
32202,8579,7427,1460,4713,4713
32203,8123,8123,8123,8123,8123
32204,7782,7138,7259,9040,9216
32205,7508,5069,7303,7303,7303
32206,4774,8726,9053,7275,7275
32207,6347,999,5355,3958,3958
32208,9215,3971,2735,3723,3723
32209,9174,4773,4773,6724,6724
32210,7492,7492,5453,6375,5523
32211,718,1480,1964,8264,1964
32212,7000,8556,8584,8852,8852
32213,3552,9153,924,924,924
32214,8971,7850,8844,7727,7727
32215,9218,8857,8837,7837,8817
32216,9145,8632,8741,9017,9017
32217,3955,8525,5764,8922,8922
32218,5184,5657,5445,5299,5679
32219,5360,663,1201,989,989
32220,9009,7624,5713,3545,3545
32221,7875,8516,8269,9203,9203
32222,4027,7607,3676,3676,3676
32223,7492,9025,5959,5166,5166
32224,7839,8931,7634,7444,3589
32225,5379,8241,1409,1409,8494
32226,9058,7159,7106,8207,7106
32227,9153,7427,2013,2013,2013
32228,8817,8491,7752,8638,8638
32229,7632,7632,8077,1986,1986
32230,9088,7734,6595,6983,6983
32231,8463,9085,6852,7996,4687
32232,7774,5425,4633,7785,8768
32233,3744,2516,9228,9088,7650
32234,6149,7015,6419,8993,5970
32235,8739,421,7605,1850,1850
32236,8516,9090,7376,7376,7376
32237,8279,8429,8934,7850,7850
32238,4643,5618,5612,5612,5612
32239,1043,8037,2329,8037,8037
32240,4148,4148,3195,594,362
32241,4218,2912,4513,4435,4435
32242,7473,7242,7447,8947,8947
32243,8796,8350,9103,9103,9103
32244,8883,6109,8991,8636,8636
32245,6555,8797,742,7304,7304
32246,1642,321,7961,1453,1453
32247,1385,7926,2126,2126,8491
32248,8270,6047,8808,8676,8808
32249,8432,1297,8832,7303,3299
32250,7768,6695,9088,9109,9109
32251,9164,6081,8245,4324,4324
32252,8003,8173,7708,7708,7708
32253,6535,5855,6381,7186,7186
32254,6701,8752,6644,6644,6644
32255,8263,7256,1982,1982,1982
32256,8112,7190,7992,7992,7992
32257,8819,8620,7489,6094,6094
32258,7040,8271,8934,7696,7696
32259,7513,8127,8691,5454,5454
32260,8280,7679,8491,8804,8804
32261,6482,5850,5209,5209,5209
32262,6930,8051,6930,7010,7010
32263,9196,7084,8019,8995,8995
32264,7035,7325,8052,8616,7035
32265,7725,7885,3101,2854,2854
32266,7246,7246,7457,7457,7457
32267,2841,7819,8282,7704,8282
32268,7364,8121,8726,6961,9060
32269,4211,7508,1664,7508,7508
32270,7907,8978,7086,8068,8068
32271,6831,5556,6495,5556,5556
32272,123,3491,5138,5138,5138
32273,8047,4377,7744,3736,3736
32274,3768,8047,7533,4379,7588
32275,314,316,2224,2224,2224
32276,6627,6557,50,9025,5644
32277,8213,2533,7155,7155,7155
32278,6780,4850,6415,7173,7173
32279,1800,8305,8961,9174,9174
32280,9012,2762,4226,3794,3794
32281,8771,4161,5460,3724,3724
32282,6498,7056,5094,5843,5094
32283,2351,3986,3944,4247,4247
32284,5918,6176,5695,5695,5695
32285,6229,2495,4828,4866,4866
32286,8991,7200,8866,8496,8496
32287,7194,7170,8692,7534,5854
32288,8681,8654,7203,8555,8555
32289,8693,8117,2421,7306,7306
32290,7115,7115,6626,6626,5451
32291,9128,8873,9128,9128,9128
32292,8048,4681,6733,6733,6733
32293,8865,2308,7370,1657,7370
32294,1374,1148,897,1742,1298
32295,7696,7696,7511,7511,7511
32296,6712,8832,7013,7013,7013
32297,2273,1018,3741,1868,3741
32298,9022,8813,2963,2963,2951
32299,124,4713,5661,6632,5661
32300,8251,7920,6973,5872,6973
32301,9100,8654,8407,8407,8407
32302,5018,6441,4720,6979,4720
32303,8690,7970,9213,9213,9213
32304,7493,3738,3382,3212,3212
32305,2818,7247,3411,3411,3411
32306,7038,8258,5451,5291,5291
32307,9034,1199,9034,3148,3148
32308,5169,8675,5169,7028,7028
32309,7597,8582,9036,9095,8009
32310,3955,3646,4052,6983,6983
32311,8784,8542,9042,7178,7178
32312,2174,8563,8563,8563,8563
32313,7108,512,7731,7731,7731
32314,5791,5624,8378,8378,8378
32315,8840,8228,4433,8228,8228
32316,5164,3188,5794,3366,3366
32317,8582,6974,8425,8425,8425
32318,1573,594,2027,2027,2132
32319,8718,7584,9193,7541,7541
32320,9053,9053,8711,8711,8711
32321,8340,7463,6183,3173,6183
32322,4160,2586,3301,1802,2707
32323,7542,6132,3164,8520,8520
32324,8315,8267,6973,8010,8010
32325,8451,9088,7120,8182,8583
32326,8300,8773,9228,7505,7505
32327,7242,8320,8903,8903,8903
32328,8804,7141,8425,7506,7506
32329,7601,7387,8224,8224,8224
32330,6081,5566,8997,6617,6617
32331,7357,6962,9216,7727,8246
32332,8468,9009,2957,2957,2957
32333,9206,5127,1907,1907,1907
32334,7611,5831,7276,9023,9023
32335,7681,7239,6141,8312,8312
32336,3879,1380,4662,6839,6839
32337,6155,7909,8937,7766,3736
32338,6008,6994,4845,6193,6193
32339,8113,7534,7848,8113,5123
32340,7430,7796,7124,8434,7566
32341,8748,8649,7313,7313,7540
32342,7008,7858,8148,8148,8148
32343,3170,5809,2965,6506,6506
32344,7507,7868,8830,8998,8998
32345,4682,7649,6161,7077,6161
32346,9055,6207,8143,8143,8143
32347,3435,3540,6203,6203,9021
32348,4823,5645,5167,5054,5054
32349,1595,2964,2616,2328,3562
32350,9045,7641,7813,7268,7813
32351,4577,4166,4253,3693,2356
32352,5441,4962,6753,6753,6753
32353,196,1278,1047,1047,1047
32354,7358,8721,8639,8639,8639
32355,6076,8340,5157,8115,8115
32356,9202,6873,7655,4460,9021
32357,3350,3384,4483,9172,4483
32358,7226,8223,7848,8908,7848
32359,8640,7368,7021,7346,7346
32360,4163,9021,2773,2777,2836
32361,7951,7539,2776,7284,8343
32362,7733,7527,7889,7889,7889
32363,8402,8598,4487,8595,4487
32364,5697,8106,2628,2628,2628
32365,6991,8312,9043,7438,7438
32366,8648,4495,9177,4495,4495
32367,8521,8043,7275,7353,7275
32368,2447,7167,7167,7167,7167
32369,4634,7419,5480,5480,9116
32370,8221,8750,6918,7277,4898
32371,4848,4394,8907,4995,4995
32372,8152,8439,7780,3350,3350
32373,8493,8753,8109,8109,8109
32374,7584,8532,1447,8939,8939
32375,8392,8821,4447,4113,6953
32376,8375,168,7557,7557,7557
32377,6976,6722,7633,7633,7633
32378,8422,8776,7511,7511,7511
32379,8074,5837,3455,7966,7966
32380,8333,9062,9099,9066,9066
32381,3103,2831,3545,3753,3753
32382,1308,8271,8398,512,512
32383,8617,5498,1585,2768,7883
32384,7597,8721,6220,7065,6220
32385,8099,8844,7601,7151,7151
32386,4628,5197,5718,5718,5718
32387,8599,7316,9067,9067,9067
32388,5055,6131,6131,9020,9020
32389,8436,817,2559,3015,3015
32390,7230,5189,4964,8082,8082
32391,456,493,9178,8442,8442
32392,4114,7880,2484,6086,6086
32393,8608,4930,6503,8925,8925
32394,8257,7293,7358,7355,7355
32395,8691,6234,4927,4927,4927
32396,5688,1512,4977,4977,4977
32397,7011,7158,8188,8414,8414
32398,9109,7621,6962,8058,6962
32399,7493,5876,2132,2132,2132
32400,8013,8473,6883,7397,7397
32401,7063,7968,8540,8540,8540
32402,3631,8253,4672,7131,7850
32403,7921,7493,7243,7243,7243
32404,8904,8707,7302,7305,8932
32405,8481,7250,8720,594,594
32406,1409,5452,6057,5514,7830
32407,8535,8610,9067,9067,9067
32408,7158,7739,9142,9142,9142
32409,8255,7348,9167,9167,9167
32410,3699,5268,9085,4335,4335
32411,7226,7226,7226,7226,7226
32412,2576,8559,2493,8773,8773
32413,7045,5210,6691,7902,7902
32414,8910,8770,6939,7995,6939
32415,7343,8359,7312,6468,6468
32416,8507,16,7713,8126,8126
32417,7864,8412,8058,5276,3288
32418,4531,7052,8823,8235,6819
32419,9145,8003,7635,7635,8421
32420,1146,8987,1474,1474,1474
32421,8621,7773,7065,8943,7065
32422,7260,8311,7262,7012,7012
32423,9031,9202,8164,2793,2793
32424,8555,7444,8006,8006,8006
32425,8980,8230,8237,8888,8888
32426,7016,6293,6293,6293,6293
32427,9193,8765,970,2076,2076
32428,4066,2775,4061,7232,7232
32429,9159,8605,8605,8605,8605
32430,6053,921,6705,8368,8368
32431,8344,6458,1447,2083,2083
32432,9171,2966,7839,8730,8730
32433,7032,6837,3406,8251,8251
32434,9138,6496,9018,9018,9018
32435,1308,7141,7692,566,7181
32436,3664,7904,6938,7176,8771
32437,7582,7582,8189,8301,8189
32438,8658,7407,1291,1291,1291
32439,7158,8874,8874,8874,8874
32440,8442,8703,8703,8442,6935
32441,8352,8533,8986,8986,8986
32442,7751,8499,8761,8761,8761
32443,8948,8830,8320,9234,8140
32444,8163,5522,6671,6671,6671
32445,8994,7108,253,6962,253
32446,7822,7002,9105,9105,3036
32447,8646,6541,9103,9205,9205
32448,9143,6987,8013,9120,8013
32449,8777,8244,8092,8092,8092
32450,4891,8435,2658,4603,8391
32451,8611,7387,2898,8611,8611
32452,7435,2285,8805,8205,6810
32453,7169,3674,4587,2803,7468
32454,8374,9029,9028,8954,8954
32455,4733,6924,4897,5098,5098
32456,7663,7190,8572,6930,7010
32457,101,7459,4184,4184,4184
32458,8175,8182,4827,7920,7920
32459,8021,7605,8153,6971,6971
32460,7305,9218,6010,6982,6982
32461,8246,8258,7734,7734,7734
32462,8856,8873,3313,3313,3313
32463,1650,7297,7256,12,7852
32464,8258,8501,8822,8519,8519
32465,1578,2202,7428,7428,7428
32466,3237,9029,8243,7477,8243
32467,8177,7477,8433,2915,3282
32468,10,7870,669,2214,669
32469,4457,8738,9019,9210,8218
32470,8451,6942,6407,5225,5225
32471,8600,8668,8227,8227,8227
32472,7163,7839,7177,7486,7430
32473,8074,8772,9030,145,4016
32474,6589,6321,2589,4403,8179
32475,9155,8767,6008,5037,5037
32476,9223,8125,7414,9118,9118
32477,6135,7218,7680,7680,7680
32478,7910,4147,4924,4924,4924
32479,6119,771,6971,6271,6271
32480,8586,7091,8840,8456,8756
32481,8775,8157,8157,8157,8157
32482,4959,8039,8145,3663,3663
32483,7082,7713,7453,7453,7453
32484,8974,2692,8540,8540,8540
32485,7590,9100,7590,7496,7496
32486,5265,7117,8074,8074,8074
32487,8162,7300,8522,8169,8169
32488,8129,8630,7147,7730,8450
32489,8148,7837,8471,8471,8471
32490,267,731,45,772,1520
32491,558,9191,7819,8941,7137
32492,7324,8661,7680,8617,2117
32493,7128,7128,2465,7178,4800
32494,4756,7119,7202,7202,7745
32495,9052,8021,8776,8329,1196
32496,124,2224,1442,1442,1442
32497,8333,8678,8544,7978,7978
32498,4811,4947,2553,7684,2553
32499,8714,9138,7788,7788,7788
32500,7509,9122,7661,510,510
32501,5812,4254,3412,7577,7577
32502,2912,7393,4699,3372,3372
32503,8016,7982,5448,4603,5623
32504,8779,8156,6953,6953,6953
32505,8204,8363,4742,4742,4742
32506,4627,6823,6701,6701,6701
32507,3003,9051,2377,3778,3778
32508,7488,9164,9224,3035,3035
32509,631,1299,304,304,304
32510,5793,5952,5225,5225,5225
32511,4220,2906,6418,6418,6380
32512,8735,4891,8327,8327,9149
32513,7714,4254,7577,7315,7315
32514,7234,1409,6980,1700,1700
32515,5117,8664,4483,5796,5796
32516,7042,4352,2868,4565,2868
32517,8234,8551,7984,8383,8383
32518,7580,7899,7961,7899,7961
32519,3013,8065,8952,8952,8952
32520,8122,7609,8441,8847,8847
32521,8898,8805,3555,3555,3555
32522,7937,8767,6941,8773,8773
32523,7760,4402,8927,2855,8927
32524,8647,7665,7356,7356,7356
32525,4793,8816,4947,4947,4947
32526,235,801,7192,8656,1775
32527,3584,2505,6972,7677,7677
32528,7020,7726,8412,8570,8570
32529,5596,362,6622,6622,6622
32530,7364,8207,7489,7489,7489
32531,9004,8169,7203,7203,7203
32532,7006,8874,8259,8259,8259
32533,8240,7566,8496,8577,8577
32534,9108,3599,4880,4880,8893
32535,8530,7874,8439,8530,8439
32536,8008,4504,6261,6220,7844
32537,8354,7590,9076,9076,9076
32538,6883,5675,5349,5349,5349
32539,6866,5970,7103,7308,7923
32540,3548,8792,8293,7547,7869
32541,7181,7060,8190,8703,8781
32542,7745,7507,8059,4633,8059
32543,4342,8999,4342,8525,8525
32544,8564,4726,6756,7767,7767
32545,7353,8355,4226,2501,7060
32546,7625,8040,9216,7942,7942
32547,8724,8246,6938,6938,6938
32548,8669,7988,7497,8783,2312
32549,7181,8257,7989,7989,7989
32550,7223,8465,8465,8567,8567
32551,9010,7448,2152,939,516
32552,3227,2414,2414,2414,2414
32553,8486,7443,7887,7887,8448
32554,4483,9120,3384,3384,3384
32555,8530,417,8419,7934,7934
32556,7032,7682,9109,7682,7682
32557,2937,8468,2937,2937,2937
32558,6055,7588,9132,1502,7949
32559,781,304,2083,2083,2083
32560,7397,6405,6426,7974,7974
32561,7753,6413,7181,8403,8403
32562,8416,8954,2608,2884,2387
32563,8275,8361,7120,8001,9088
32564,123,1512,4923,4923,4923
32565,7678,3466,5923,6675,6675
32566,8806,2362,8586,7895,7895
32567,7513,5422,2936,2936,2936
32568,7893,3455,6690,7504,7504
32569,9008,3983,3424,3441,3441
32570,8229,7962,8804,8804,8804
32571,5276,1014,8786,8799,8799
32572,2595,9002,8605,8605,8605
32573,7301,8975,6977,6977,6977
32574,2055,7547,5225,4449,9053
32575,8960,9162,5418,8858,7956
32576,8261,8261,7362,7362,7362
32577,8249,8763,7020,5159,5159
32578,6496,6550,8588,8066,7620
32579,8539,5775,8735,9036,9036
32580,1600,858,915,2206,413
32581,8486,7443,8884,8363,8363
32582,4882,7536,2665,5915,2665
32583,6987,2164,2049,1242,2049
32584,9001,430,7270,1132,1949
32585,7544,7040,7106,7699,7699
32586,4845,4916,4154,5685,7355
32587,8407,7320,8986,8330,8330
32588,6611,9150,2829,2829,2829
32589,7613,2890,8013,7965,8341
32590,7010,8550,6948,8496,6948
32591,8250,7865,6612,7966,7966
32592,7012,7014,8144,8144,8144
32593,8873,7731,8544,7753,9196
32594,9059,7303,7573,2451,2451
32595,5561,162,6819,6819,6819
32596,8989,6952,8855,8855,8855
32597,5725,6627,4914,8248,8248
32598,6500,7368,5319,7368,7368
32599,8937,6238,6149,6149,6149
32600,5131,6722,5524,4687,6892
32601,5514,6938,3902,3902,3902
32602,7768,7199,8779,8779,8779
32603,8534,2540,5185,5109,5109
32604,4775,5904,4775,6761,6761
32605,8168,4877,4560,2502,2502
32606,8906,9081,7725,7725,8157
32607,8954,3612,8670,8311,8311
32608,2255,74,722,1074,142
32609,6310,5515,4623,4623,4623
32610,7126,9150,7940,7544,7940
32611,7013,7659,8520,8570,8570
32612,6938,3521,7829,7345,7345
32613,7942,8539,7259,7259,7259
32614,6669,7238,7261,7261,7261
32615,8262,4249,8262,8262,8262
32616,5865,7300,6804,6804,3588
32617,4720,5205,5131,6117,6117
32618,7034,8507,2700,7696,7696
32619,5575,6758,4838,8996,8996
32620,5753,5504,163,6523,6523
32621,6497,5907,8159,8480,8480
32622,5286,8971,7411,7411,7411
32623,8075,7040,7040,7270,7270
32624,7023,7655,5992,9203,8473
32625,2045,9153,2045,2045,2045
32626,5552,738,5552,7592,5552
32627,8628,6554,2175,9150,9150
32628,5822,9196,8544,6167,6167
32629,5987,5387,5116,6813,6761
32630,7244,8020,7390,7390,7390
32631,4762,6768,2469,5570,5570
32632,2703,3164,681,681,681
32633,7845,7901,7173,4475,4475
32634,9048,7630,3841,3276,3276
32635,8473,9119,8955,9203,6497
32636,8437,8767,7362,7362,7362
32637,8909,7399,6551,3333,3333
32638,9118,6986,8237,2505,2505
32639,8640,4059,7937,7937,7937
32640,8158,9139,6649,6649,6649
32641,3529,8797,2543,2543,2753
32642,8717,7153,8267,8267,8267
32643,7845,4838,8669,8669,8669
32644,7287,7816,6943,6943,6943
32645,6411,7335,6039,6239,6039
32646,2201,118,1699,836,647
32647,5145,5452,5145,5145,4738
32648,8563,8563,8563,8563,8563
32649,2776,8442,9058,7923,7923
32650,5342,3910,4916,4916,4916
32651,2809,9185,6555,6555,6555
32652,7716,8510,8169,9075,9075
32653,9109,4613,8568,4613,8568
32654,8293,7648,7998,7998,7998
32655,9202,4241,8307,8307,8307
32656,7402,8411,8669,8454,8669
32657,8371,7358,7334,3453,3453
32658,7297,8075,7249,2829,2829
32659,7754,2667,8595,300,586
32660,8003,7138,8849,9168,9045
32661,3987,3763,3807,3807,3807
32662,8741,8741,7462,7462,7462
32663,8880,663,663,7849,7849
32664,8408,8582,6817,8727,8727
32665,7319,8772,7233,7233,7233
32666,6941,7050,7514,7514,7514
32667,5618,6021,4807,6006,6006
32668,8713,8944,7643,7643,8621
32669,7460,6603,4634,4879,4879
32670,8525,8650,8407,7475,8654
32671,8758,949,949,5163,5163
32672,6303,6333,4623,7445,7445
32673,8226,8149,2571,8512,8512
32674,8975,7776,7776,7776,7776
32675,5333,3435,6921,6921,6921
32676,4784,4983,6597,3425,3425
32677,7507,2334,7183,7166,7166
32678,4765,8447,8132,8132,8132
32679,3935,1618,6305,1700,1700
32680,8485,4929,4929,8485,8485
32681,7212,2171,8299,8299,8299
32682,7829,8507,9196,8146,9196
32683,4630,8430,7477,4630,9019
32684,8219,53,1275,1235,1275
32685,6065,4900,8899,8899,8899
32686,7559,8682,8566,8566,8566
32687,7550,5549,8773,6609,6288
32688,7539,7060,7358,9218,9231
32689,1276,1072,828,828,828
32690,8271,8241,8740,6938,6504
32691,8527,7625,9036,7135,9036
32692,8218,7731,8582,7117,7117
32693,7011,3212,6821,8351,6821
32694,5993,7548,6430,6430,6430
32695,8684,8852,7835,5373,9073
32696,5292,6139,8156,7424,7424
32697,8581,5840,9122,3149,9122
32698,8130,3054,4709,4709,4709
32699,7156,7407,2207,1930,1930
32700,7207,8847,3202,8959,8959
32701,3050,6035,3050,8890,3050
32702,5912,8725,8456,8456,8614
32703,697,4318,1298,8706,8706
32704,565,8257,8315,8122,8122
32705,9094,7059,5224,8784,8997
32706,5927,3020,5230,6584,6584
32707,4682,6571,4959,8159,8159
32708,8096,7978,7707,8917,8917
32709,8090,5124,7044,7044,5703
32710,7365,8943,8943,8367,8367
32711,8935,3523,7261,9193,9193
32712,9041,8169,7244,7244,7244
32713,8187,8648,8273,7540,7540
32714,6514,7087,8682,4936,4936
32715,7370,8049,8399,9059,9059
32716,8662,7293,1054,1054,1054
32717,9138,7698,7065,7679,7679
32718,7570,5876,3212,8072,8072
32719,82,8752,8988,8752,8752
32720,7966,9000,3455,7064,7064
32721,8365,6865,8553,2542,6406
32722,1407,4788,547,8083,8083
32723,7550,7860,9217,9217,9217
32724,8519,8868,7182,8639,8639
32725,5861,5253,5253,5253,5253
32726,7568,7634,8140,8753,7563
32727,957,933,933,933,933
32728,8358,7208,8938,8031,8051
32729,8961,7411,8591,7589,7589
32730,8279,8539,7625,8001,7625
32731,8212,8212,7151,7151,7064
32732,8660,7588,8701,8701,8701
32733,5935,5303,8195,7196,7196
32734,6245,5753,6652,8576,8576
32735,3531,4020,8429,3428,2560
32736,7911,4092,7783,8674,8674
32737,7945,8130,8423,8423,8423
32738,7965,8256,8793,8797,8031
32739,8554,8061,7351,7351,7351
32740,9004,7367,7329,8240,8240
32741,8683,8145,8346,7767,7767
32742,8186,7990,8285,7296,8989
32743,5448,3641,3630,3630,4719
32744,8091,9205,9205,9205,9205
32745,8395,3778,9200,7802,7802
32746,5916,7584,8808,7434,7434
32747,9070,7907,9177,8273,8273
32748,8134,9098,7992,7857,7857
32749,7270,493,83,577,83
32750,4136,7157,2871,2871,2871
32751,9100,7099,7651,2588,2588
32752,8993,8594,8938,5254,5254
32753,4700,8905,5011,5062,4871
32754,830,4713,5183,8967,8967
32755,5970,5826,6149,6102,6102
32756,8893,6080,8631,4495,4495
32757,8231,8035,9203,7678,9162
32758,7853,7867,3179,7456,7456
32759,9131,9163,7147,5027,5027
32760,4436,8136,8836,7535,8618
32761,8435,7502,7205,8763,9119
32762,8937,7355,7310,7351,7351
32763,8123,6758,7096,7096,7096
32764,8670,3299,8218,3503,3503
32765,6406,4211,3219,3219,6691
32766,151,7904,3164,560,3164
32767,8923,8222,7283,4811,4811
32768,7661,7545,7164,7164,7164
32769,8790,7307,7238,7238,7238
32770,6439,8470,7454,7454,7454
32771,8867,9165,3323,4453,4453
32772,8607,3441,8520,7998,8040
32773,7582,891,7773,4450,4450
32774,5429,3997,3302,8643,8643
32775,8744,8459,7690,3664,3664
32776,3520,6648,7155,4905,4905
32777,7194,7457,8360,8771,4060
32778,2791,2855,8393,7755,4997
32779,8524,6898,5062,5062,5062
32780,8975,7272,8801,5786,5786
32781,7064,4437,4698,7092,7092
32782,8720,9208,8720,7911,7911
32783,5688,7166,5004,5705,5705
32784,8435,4660,8854,3744,4826
32785,7273,7470,4645,8987,8987
32786,6789,6383,5512,6436,6436
32787,8196,8219,7111,5831,4064
32788,7020,1014,1405,9017,1405
32789,4234,3790,3336,3336,3336
32790,7351,7998,8738,9123,9123
32791,7119,8798,7375,7375,7375
32792,8134,7663,8134,8134,8134
32793,8580,6055,5487,3664,3664
32794,8107,7163,7737,7208,7208
32795,8969,9017,6596,437,4184
32796,2324,8995,8995,8995,8995
32797,8720,2236,974,7319,7319
32798,8006,4594,4594,4594,4594
32799,8115,8475,812,812,812
32800,7884,8136,6695,7920,7920
32801,523,8055,523,523,523
32802,6932,8481,7422,5099,5099
32803,8004,7406,7604,8051,8020
32804,5654,8910,1612,6939,6939
32805,3949,3949,2630,7210,4132
32806,9168,7643,1447,8025,8025
32807,6780,5416,5840,6704,9179
32808,3729,7375,8467,2837,6190
32809,232,1330,789,789,789
32810,8187,8838,8803,8803,8803
32811,6246,7122,483,5481,5481
32812,219,1345,7131,3564,3564
32813,7478,8929,4923,7552,4291
32814,681,8672,5835,6122,4361
32815,7696,9060,7601,8868,9176
32816,8631,7309,6235,6555,4223
32817,6988,8647,8893,7068,7068
32818,7300,7498,7430,9004,9004
32819,8014,4893,3152,1585,1585
32820,6956,405,5582,8235,8235
32821,8447,6497,8447,8447,8447
32822,7961,2465,6978,3573,6940
32823,8525,7467,6947,6947,6947
32824,4434,6440,4981,4967,4967
32825,8148,7301,8724,8724,8724
32826,8582,8923,8430,9055,9055
32827,7228,7143,6725,7877,7877
32828,7061,8861,8532,8448,8437
32829,3152,2424,2901,2901,2901
32830,2040,7931,8795,6496,6496
32831,8178,8815,4983,4983,4983
32832,7710,7858,7569,7483,7569
32833,8931,8642,7570,7570,7570
32834,8146,8537,8608,7830,7830
32835,6941,3637,2500,6940,2313
32836,546,960,7940,2013,2013
32837,2331,3564,4073,4073,4073
32838,9235,7651,7704,8558,7664
32839,6870,7216,824,824,824
32840,8334,7750,7238,7628,7628
32841,933,40,2074,8987,8987
32842,8197,6977,8046,8085,8085
32843,7293,8632,7544,8001,8001
32844,7511,8398,7659,7341,7341
32845,7364,7648,8676,8676,8676
32846,5062,6761,9089,9089,9089
32847,7011,8129,8891,8891,8891
32848,7729,8571,8020,8020,8020
32849,7735,6101,6101,6101,6991
32850,8491,8806,9048,7734,7734
32851,8005,8444,8275,7696,7159
32852,7731,8971,8276,8276,8276
32853,7830,8537,7459,7459,7459
32854,7177,5750,8651,8651,8651
32855,1327,6893,6051,8373,8373
32856,2101,857,1868,1573,1573
32857,8720,594,8720,8720,8720
32858,8381,7204,383,3865,3865
32859,7145,3512,4653,3709,9033
32860,7592,2095,3993,3993,3993
32861,6711,5753,1756,5009,5009
32862,8907,7442,5535,7939,7939
32863,8643,3579,6821,9224,4147
32864,7141,7978,8539,8582,8582
32865,5588,4422,6691,3433,3433
32866,7658,7318,7810,163,163
32867,1106,491,7692,7141,7692
32868,9076,8730,7946,9141,9141
32869,8781,7511,7864,9218,8781
32870,6777,7955,8910,8910,7881
32871,9218,7850,8010,8010,8010
32872,8211,8552,8945,8151,8945
32873,7081,7955,7955,7955,7955
32874,7905,4450,3540,3078,2960
32875,8065,7726,7726,8398,8398
32876,8759,7385,8784,8784,8784
32877,9177,7663,8610,9177,9177
32878,6242,6782,5537,5344,5344
32879,7459,3202,4613,8380,8380
32880,7145,8690,7772,4390,4390
32881,8809,8261,7289,7289,7289
32882,8407,8980,8866,8558,8866
32883,7657,7040,5825,5842,5842
32884,8991,6951,8031,8550,8991
32885,8684,8330,7475,7031,7031
32886,8716,5987,5794,5794,5794
32887,7010,7796,7566,7566,8296
32888,2536,6831,8128,8128,8128
32889,8024,8679,8395,3114,3977
32890,7350,5972,7124,7124,7124
32891,8893,8623,8557,8681,8743
32892,1668,7931,3414,2909,3414
32893,985,9155,4987,3998,4222
32894,9128,8155,7143,2314,2314
32895,7376,8652,7702,7702,7702
32896,8919,7330,2132,3760,3760
32897,6709,2970,5748,6787,5469
32898,1295,1589,147,356,356
32899,6357,9146,7802,9084,7802
32900,9123,8182,7117,8589,7009
32901,8712,5829,4262,8234,8234
32902,7516,7301,8417,8982,8982
32903,7795,8947,4635,4635,4635
32904,7828,264,1008,2252,2252
32905,4773,6966,3332,3332,3332
32906,918,598,7573,6956,7573
32907,7693,3839,6003,7044,6024
32908,8347,3306,2871,4288,4288
32909,2359,5643,1594,1320,8989
32910,7061,93,1407,1407,1407
32911,7039,7285,8095,8681,8681
32912,6962,8503,6990,9194,9194
32913,8456,8456,8456,8456,8456
32914,8610,7096,8030,8030,8030
32915,8489,8960,6927,8141,4433
32916,5742,5742,5312,5312,5312
32917,7886,7765,8668,8931,8931
32918,8265,8265,2665,1878,1878
32919,7542,8621,8519,8110,8110
32920,5791,8638,700,1087,370
32921,8807,7011,7389,9020,9020
32922,8581,5500,8617,8960,7702
32923,8435,6329,2460,3976,5961
32924,3157,7152,4166,4166,4166
32925,3803,6820,7308,7308,7308
32926,8653,4633,7634,4532,2309
32927,9073,7203,8645,8983,8983
32928,9185,7389,7389,7408,7408
32929,8125,7418,7733,7498,7498
32930,7096,7350,7200,7886,9118
32931,7530,5924,6966,837,837
32932,8838,8184,6234,8675,6234
32933,8356,6168,7080,6537,6537
32934,7289,8216,8216,8216,8216
32935,7235,3377,2710,8063,8191
32936,4916,6725,8974,8974,8974
32937,8254,8254,2541,4768,2764
32938,7784,1871,1498,9013,9013
32939,5979,4717,5736,4717,8791
32940,9218,8994,6628,7588,7588
32941,7744,5336,8328,5314,8328
32942,7958,8976,8808,8808,8808
32943,8455,7737,7254,8237,7540
32944,8085,7456,9084,8103,8716
32945,9210,7378,2986,2986,2986
32946,1669,8381,10,7201,7201
32947,7538,7675,3546,3331,3331
32948,8344,3066,6153,606,606
32949,4266,7456,7070,8952,8952
32950,5480,8255,9066,1210,7186
32951,9187,8960,8141,5038,5038
32952,8986,7854,7473,7857,7857
32953,6051,6672,3918,6051,6051
32954,460,1772,2927,4734,1180
32955,8688,7345,8036,3283,5585
32956,7858,8462,7141,7141,7141
32957,5140,5845,8348,8348,8348
32958,5371,3382,8531,8531,8531
32959,6744,4998,1381,2209,1381
32960,7369,8722,8317,7995,7995
32961,7408,9067,7527,7513,7527
32962,7006,5474,6189,6189,6189
32963,8389,8480,5060,4910,7700
32964,8634,7262,7273,8634,7518
32965,7026,8277,2114,7355,7355
32966,7583,8631,7367,7067,7367
32967,8254,9049,7901,8254,8254
32968,8490,8042,8307,6938,6938
32969,5042,6740,4520,5743,5743
32970,5704,4925,5336,7479,7479
32971,7355,8190,8190,8190,8190
32972,7832,6380,5705,4810,4810
32973,8773,7455,8598,8767,8767
32974,7367,8991,8838,8838,8838
32975,7876,3482,8080,8080,8080
32976,1318,778,7221,7069,7069
32977,8184,7287,8184,7795,7795
32978,7115,7115,6974,5215,5215
32979,6959,8802,8297,6895,6937
32980,8429,8051,8696,3259,3693
32981,7068,8931,6947,7843,7843
32982,8545,7693,8129,3603,3603
32983,7259,8982,8539,8539,8539
32984,8999,7243,7845,3714,4259
32985,8818,1656,1770,8597,1770
32986,9189,8660,8058,6817,6817
32987,7279,7266,8414,8830,8830
32988,8718,8464,8364,8364,8364
32989,7576,4036,7118,7043,7118
32990,2640,5573,5422,5334,5334
32991,7496,7421,8084,8084,8084
32992,7920,8786,9160,7521,2083
32993,1275,4983,6611,6611,7878
32994,4415,9036,3004,4209,4209
32995,6900,4786,8118,7232,7232
32996,8834,8834,9109,3140,7820
32997,8645,6821,5253,7774,7774
32998,3920,3285,6672,7460,8602
32999,7783,8985,8816,7615,7615
33000,8433,1515,3664,3445,547
33001,585,654,7973,8709,8709
33002,4786,2733,7266,4633,2799
33003,8734,8243,7505,7505,7505
33004,6282,5588,8137,5265,8137
33005,9028,9028,1115,1115,1115
33006,8080,7799,8878,8878,8878
33007,7753,6953,3722,7333,3722
33008,7682,9138,8508,8767,8767
33009,585,1074,774,960,960
33010,6945,7930,7751,7508,7508
33011,8113,8913,8375,8375,8375
33012,7817,8246,9051,8164,8164
33013,8228,8228,7234,6376,6376
33014,9053,7679,7874,7874,7874
33015,8199,7317,8898,7311,7311
33016,534,8074,8713,3009,9189
33017,8673,5319,7951,7951,7951
33018,7105,7634,7350,8938,8938
33019,710,1866,8405,1656,1656
33020,3219,5912,3529,3529,3529
33021,8838,7595,7737,7737,7737
33022,8257,3759,7097,8703,8703
33023,7302,8383,8827,8655,7802
33024,7199,4630,4745,4745,5442
33025,8310,7901,3977,3484,3484
33026,8861,9216,8111,8111,8111
33027,9119,7875,7123,2393,2393
33028,4141,8208,8561,8561,8561
33029,8618,8618,8618,7663,7663
33030,7719,226,9059,7934,7934
33031,8481,6943,9151,9151,9151
33032,8181,7011,7000,1976,7000
33033,8301,8437,1002,1002,1002
33034,7973,8293,8313,8313,8313
33035,8493,7965,8250,7490,7490
33036,8216,8216,7937,7937,7937
33037,7376,8792,7407,7131,7131
33038,8565,8166,6995,8375,8885
33039,5703,3743,6239,6505,6505
33040,1116,1564,3418,3418,3418
33041,236,135,696,696,7253
33042,1982,7081,1642,1642,1642
33043,7091,8270,7224,8425,8425
33044,5771,8059,7137,7137,7137
33045,1660,1659,7,7,7
33046,8646,8196,4716,8694,9073
33047,8400,9039,6924,6390,6924
33048,7366,7033,5274,5274,5274
33049,8686,7566,6951,4972,9185
33050,8405,6745,8489,8489,8489
33051,8397,4730,5713,8250,8250
33052,8626,8790,8305,8305,8305
33053,4790,566,2273,4763,4763
33054,7817,7343,8091,6611,7343
33055,9151,8084,7058,7058,7058
33056,9110,8566,8226,8226,8566
33057,7869,8810,7503,9145,8413
33058,6831,6500,6340,6414,1295
33059,8099,8961,8149,8961,8961
33060,7495,4648,9028,4698,4698
33061,8093,9129,4860,7981,8385
33062,8130,4915,7739,8983,3928
33063,7755,4026,3570,4990,3570
33064,5219,9076,7417,7417,7417
33065,5881,8168,5449,5449,5449
33066,7483,8935,8607,8367,8367
33067,2105,7129,3407,7529,7529
33068,9109,4024,3119,2726,3119
33069,5131,8492,5131,5131,5131
33070,7262,8062,7567,7567,7567
33071,1197,8113,1021,8124,8124
33072,2957,2622,2957,4308,5891
33073,7585,7712,9193,8765,8401
33074,8649,9209,9209,7115,8327
33075,9205,7983,7983,7983,7983
33076,8470,6642,7465,7465,7465
33077,7153,5469,5469,4979,4918
33078,9208,5799,5829,4708,4708
33079,918,1181,1197,2076,761
33080,6854,5436,6451,4977,4977
33081,7634,1718,8522,8522,8522
33082,7233,7642,6014,6014,6014
33083,8353,2864,9185,9185,9185
33084,7220,6357,7776,7776,7776
33085,7411,7307,7658,7658,7658
33086,7656,5771,7594,7634,7634
33087,8974,8336,3451,9144,3451
33088,8587,7121,6047,6047,6047
33089,7966,8251,5525,5515,5515
33090,7488,8322,2798,7036,7036
33091,8343,7576,1703,1703,1703
33092,9169,7804,7032,3123,3123
33093,7108,9038,6695,6170,6170
33094,2117,7324,7123,7123,7123
33095,7149,9076,8467,8897,8695
33096,6986,4611,9073,9073,9073
33097,6462,2776,7632,4283,4283
33098,6786,4652,6333,6367,7740
33099,5271,7002,8992,5625,9169
33100,7262,8579,9080,9080,9080
33101,7129,6618,4401,4401,4401
33102,8137,6937,8626,1502,7170
33103,8299,7639,7275,9204,9204
33104,9132,8897,9009,9009,2957
33105,5274,8349,7427,8660,8660
33106,7206,8931,9151,8926,8926
33107,3169,8996,3466,3466,3466
33108,8383,8234,3902,8234,5454
33109,7814,1174,5755,5755,5755
33110,8109,9199,8418,8418,8418
33111,3078,6686,9105,817,817
33112,6428,7366,4198,8814,8814
33113,7726,8499,7450,7879,7879
33114,7937,7679,7141,8589,8589
33115,7039,7704,70,7533,7533
33116,8207,7846,6996,8401,8401
33117,7877,8244,8462,7333,7333
33118,8809,7763,8333,7858,7858
33119,8738,7539,8658,1050,9068
33120,2838,4406,4891,4073,9085
33121,7375,8184,8830,8998,6930
33122,1466,7139,8825,1405,1405
33123,9091,9091,9091,9091,9091
33124,3413,9162,6799,4005,9195
33125,7189,697,8489,9125,8489
33126,8403,8045,7829,6982,7947
33127,7061,7061,7061,7061,7061
33128,8319,8347,7904,7904,7904
33129,1029,7609,9028,9028,9028
33130,1067,153,8813,4891,4891
33131,8535,8654,8572,8187,8187
33132,163,163,163,163,163
33133,1827,7636,7813,7213,7726
33134,7678,7118,4136,2393,3169
33135,5870,6606,5985,5985,6177
33136,7296,6730,5021,6767,6767
33137,3549,7471,7051,7051,7051
33138,4777,8072,5034,5055,5055
33139,674,8935,1344,8179,8179
33140,7979,7498,6190,8909,8909
33141,8697,7550,4124,7550,7550
33142,7390,7406,7473,8572,7418
33143,7662,5228,3706,3706,3706
33144,6854,5515,7219,5515,5515
33145,7179,7160,812,7696,7696
33146,2311,4603,7094,6971,6971
33147,8205,8984,7503,8884,7592
33148,7533,1930,9183,9175,1930
33149,9075,7190,7900,7190,7190
33150,7396,7736,7443,3521,8376
33151,7690,7253,8412,8016,8412
33152,8637,8216,7084,9030,9030
33153,7364,8865,8621,1796,2235
33154,7032,4280,3911,7884,7884
33155,9107,5775,5849,6726,6726
33156,7136,5962,5683,5683,5683
33157,4682,6950,9203,6950,6950
33158,9041,7566,8147,8147,8147
33159,8715,4254,7331,7183,7183
33160,7847,7673,9154,9154,9154
33161,8339,8496,7663,8259,5565
33162,7118,4555,8403,6569,6569
33163,8998,6429,7183,7744,7744
33164,7680,8387,8516,8661,8516
33165,7210,9150,9150,3956,3956
33166,8364,512,8430,8216,8216
33167,6025,9224,7414,211,7414
33168,8057,4676,8301,7937,7937
33169,8647,8647,4974,7111,8196
33170,8885,8885,7201,7841,8439
33171,7769,8195,8645,8645,8645
33172,8237,8977,8481,8339,8481
33173,7907,8239,7406,7406,7406
33174,7846,7846,7846,8923,8923
33175,7121,8489,6623,8489,8489
33176,7582,8945,4047,7298,7298
33177,7846,1596,1596,1596,1596
33178,1359,651,8364,8934,8934
33179,7397,7048,8816,8816,8816
33180,8416,7846,7912,8913,8913
33181,8677,9019,4630,4630,4630
33182,8430,7296,8285,8409,7220
33183,6045,4767,6048,5719,4115
33184,4895,8063,2906,2548,2548
33185,8375,9154,8940,8940,8940
33186,8784,8004,7350,4843,4843
33187,8268,7316,7316,8903,8903
33188,7712,8539,7884,8847,8847
33189,7885,8906,7573,7197,7573
33190,7392,7333,8595,9228,9228
33191,3598,8377,7583,7583,7583
33192,7616,8168,7687,4631,4631
33193,8906,8628,7636,7885,8906
33194,8198,8198,9043,7438,7438
33195,4943,7965,8454,8306,6972
33196,51,871,8055,8055,8055
33197,8920,3119,5724,5724,5724
33198,4913,5160,7710,5703,5703
33199,8811,6382,7139,5791,7139
33200,8405,8035,8294,6936,4173
33201,9096,3624,7137,8941,8669
33202,3027,1937,6614,4397,3548
33203,9154,8058,9216,9216,8003
33204,4287,5443,6219,6219,6219
33205,8551,7877,2945,2945,2945
33206,2293,7401,3346,1477,3346
33207,8975,1409,8951,6977,6977
33208,8451,8143,4028,8279,8279
33209,6282,7912,7575,7575,7575
33210,8773,8566,7738,7117,7117
33211,8640,8427,8061,8640,8640
33212,6839,5526,6162,6162,6162
33213,60,8186,2192,1447,191
33214,9039,6399,6623,6623,6623
33215,155,676,1921,1852,1623
33216,3359,3359,2746,2746,2746
33217,1512,4554,8772,2352,2352
33218,7334,8530,2447,8501,8501
33219,6608,4896,6162,4978,4978
33220,5124,7378,3463,3463,3463
33221,9032,8389,3252,7875,7875
33222,7778,7917,3410,510,2610
33223,7709,1496,419,419,419
33224,7046,8844,6835,8554,7536
33225,5347,8563,1667,35,35
33226,7620,8308,9154,9154,9154
33227,3894,6286,4965,4965,4965
33228,620,8770,7823,7823,7823
33229,8941,3054,5430,8694,4800
33230,7351,2115,8204,1466,8204
33231,8013,526,8389,462,5123
33232,8843,5819,5819,7129,7129
33233,8861,7565,7255,7255,7255
33234,7019,7348,8174,8174,5992
33235,2461,7768,8428,7181,7181
33236,9149,8102,7770,7770,7770
33237,163,7318,7165,7165,7165
33238,8289,4544,8877,6501,6501
33239,8078,2608,4210,4210,4210
33240,2613,8314,7060,8421,8304
33241,3616,8814,8963,8963,8963
33242,5678,7529,3178,3993,2872
33243,9067,8535,8240,8240,8240
33244,7675,8387,8362,8387,8981
33245,7685,2528,4693,7918,7918
33246,7336,7336,7336,7336,7336
33247,6533,8410,7218,7218,7218
33248,5317,5486,6408,5977,5977
33249,3467,8834,7840,5268,5268
33250,7648,8868,6971,1527,1527
33251,7126,52,1529,86,1528
33252,7496,8803,8214,6694,6694
33253,8293,8302,9048,9048,9048
33254,411,1536,2235,7256,37
33255,8629,7663,6969,8691,8691
33256,4649,9188,7533,5573,7533
33257,7501,7501,7500,8670,8879
33258,7013,3640,7411,7172,7172
33259,6987,8565,9149,7624,7624
33260,8292,8616,7178,7178,7178
33261,7189,6950,6491,5197,5197
33262,8662,7293,7293,7293,7293
33263,144,5810,6150,8410,8410
33264,7610,8738,7646,8761,7500
33265,7658,8582,8624,8624,8270
33266,7046,7850,7151,7151,7151
33267,236,2151,2847,3944,4191
33268,7118,8252,5152,5152,5152
33269,8891,7791,7006,8196,8196
33270,7162,7965,8350,8828,8828
33271,2996,4605,8397,2651,2651
33272,8346,8389,8708,109,109
33273,7093,7685,7765,4580,4580
33274,8909,7676,8867,7331,9142
33275,8725,5209,8661,3036,3036
33276,1016,8367,7393,7393,7393
33277,8077,7246,6571,8560,8560
33278,607,555,2259,2259,304
33279,8260,1366,9165,6618,6618
33280,6039,5983,7549,7549,7549
33281,7002,6711,8472,8472,4712
33282,8499,8156,8036,9064,8036
33283,7962,4343,5497,5117,5117
33284,6576,4645,8562,6285,6285
33285,7275,7500,7659,8703,7018
33286,7262,8859,8402,8402,8402
33287,7542,316,104,2129,2129
33288,8647,8566,5645,5645,5645
33289,8162,8542,6608,7733,5778
33290,6977,6977,8498,6977,6977
33291,3365,3455,3455,9196,9196
33292,5843,5611,8517,8517,8517
33293,180,7221,2009,2009,778
33294,7526,7379,7088,3744,1058
33295,7875,4825,8985,4682,4794
33296,9208,3860,6592,3524,6592
33297,9007,8600,8162,8162,8162
33298,9140,7909,1982,1021,7909
33299,8433,4699,4531,4531,4531
33300,8272,8222,7072,8533,8743
33301,7566,6954,8240,8240,8240
33302,7117,8100,7184,7184,7184
33303,8435,4460,8175,8175,8175
33304,8133,7621,8100,8667,8100
33305,7693,6471,435,5382,5382
33306,6648,5692,7759,6767,6767
33307,8151,8151,7994,7994,7994
