ids,epoch_0
0,163
1,447
2,467
3,240
4,497
5,435
6,562
7,14
8,389
9,177
10,6
11,3
12,346
13,24
14,202
15,88
16,0
17,0
18,200
19,372
20,33
21,371
22,211
23,233
24,9
25,1
26,63
27,0
28,63
29,765
30,12
31,30
32,0
33,647
34,477
35,139
36,58
37,93
38,7
39,239
40,593
41,382
42,588
43,0
44,34
45,56
46,52
47,82
48,543
49,287
50,402
51,525
52,355
53,697
54,647
55,210
56,73
57,571
58,779
59,553
60,49
61,105
62,423
63,264
64,286
65,465
66,0
67,419
68,178
69,8
70,444
71,4
72,792
73,555
74,594
75,556
76,7
77,0
78,119
79,117
80,129
81,0
82,415
83,0
84,384
85,246
86,370
87,135
88,0
89,23
90,269
91,211
92,3
93,392
94,560
95,858
96,89
97,117
98,139
99,24
100,16
101,37
102,0
103,335
104,50
105,0
106,113
107,244
108,35
109,11
110,813
111,670
112,278
113,0
114,217
115,14
116,0
117,120
118,53
119,62
120,220
121,207
122,165
123,759
124,260
125,0
126,0
127,9
128,16
129,113
130,125
131,211
132,815
133,137
134,4
135,249
136,605
137,358
138,5
139,9
140,521
141,92
142,654
143,782
144,147
145,203
146,42
147,722
148,117
149,28
150,635
151,41
152,507
153,391
154,0
155,164
156,116
157,351
158,169
159,1
160,5
161,166
162,92
163,683
164,267
165,131
166,2
167,42
168,127
169,52
170,345
171,178
172,158
173,415
174,687
175,66
176,378
177,79
178,0
179,0
180,38
181,108
182,797
183,211
184,498
185,0
186,331
187,353
188,2
189,0
190,0
191,39
192,251
193,550
194,411
195,69
196,64
197,33
198,4
199,0
200,442
201,330
202,57
203,89
204,96
205,1
206,26
207,58
208,108
209,8
210,9
211,0
212,847
213,147
214,405
215,3
216,451
217,557
218,303
219,417
220,2
221,90
222,16
223,25
224,325
225,18
226,604
227,26
228,0
229,405
230,30
231,7
232,439
233,72
234,415
235,181
236,189
237,0
238,111
239,82
240,19
241,2
242,5
243,5
244,116
245,236
246,26
247,4
248,0
249,178
250,379
251,21
252,303
253,497
254,193
255,754
256,67
257,1
258,161
259,9
260,1
261,70
262,553
263,0
264,0
265,1
266,0
267,641
268,65
269,51
270,36
271,18
272,723
273,295
274,43
275,403
276,0
277,68
278,401
279,0
280,0
281,0
282,323
283,552
284,123
285,65
286,6
287,1
288,29
289,5
290,471
291,6
292,114
293,0
294,629
295,462
296,587
297,516
298,78
299,532
300,13
301,163
302,156
303,6
304,6
305,131
306,0
307,69
308,0
309,0
310,4
311,26
312,428
313,168
314,31
315,0
316,7
317,15
318,20
319,2
320,2
321,477
322,0
323,3
324,680
325,782
326,766
327,481
328,329
329,15
330,169
331,3
332,0
333,3
334,0
335,130
336,98
337,88
338,4
339,767
340,844
341,836
342,8
343,331
344,0
345,665
346,423
347,187
348,0
349,358
350,1
351,15
352,410
353,0
354,198
355,612
356,1
357,588
358,400
359,60
360,3
361,0
362,106
363,9
364,590
365,4
366,69
367,49
368,16
369,814
370,15
371,20
372,238
373,24
374,13
375,117
376,108
377,873
378,355
379,65
380,78
381,386
382,176
383,75
384,13
385,703
386,364
387,515
388,532
389,286
390,8
391,97
392,14
393,1
394,1
395,650
396,86
397,240
398,11
399,223
400,292
401,248
402,529
403,30
404,90
405,149
406,287
407,20
408,159
409,0
410,0
411,249
412,24
413,7
414,259
415,67
416,131
417,151
418,0
419,0
420,113
421,2
422,12
423,713
424,784
425,864
426,87
427,147
428,0
429,0
430,425
431,261
432,144
433,82
434,0
435,1
436,60
437,104
438,40
439,654
440,24
441,107
442,1
443,8
444,71
445,251
446,1
447,1
448,0
449,50
450,60
451,270
452,346
453,14
454,6
455,20
456,387
457,315
458,107
459,8
460,12
461,6
462,0
463,8
464,487
465,276
466,36
467,370
468,6
469,21
470,74
471,42
472,278
473,1
474,46
475,119
476,0
477,171
478,51
479,2
480,25
481,226
482,88
483,8
484,44
485,21
486,40
487,32
488,42
489,112
490,26
491,1
492,432
493,824
494,518
495,645
496,90
497,447
498,32
499,0
500,128
501,103
502,0
503,449
504,31
505,174
506,1
507,70
508,6
509,509
510,62
511,0
512,0
513,145
514,674
515,73
516,253
517,18
518,82
519,490
520,48
521,416
522,126
523,46
524,6
525,509
526,708
527,391
528,38
529,14
530,30
531,371
532,215
533,355
534,268
535,0
536,839
537,469
538,7
539,24
540,102
541,11
542,81
543,429
544,3
545,6
546,131
547,127
548,125
549,534
550,259
551,520
552,0
553,805
554,26
555,0
556,0
557,309
558,46
559,542
560,0
561,583
562,397
563,205
564,0
565,209
566,0
567,98
568,444
569,0
570,193
571,417
572,216
573,25
574,139
575,79
576,0
577,1
578,6
579,93
580,794
581,358
582,495
583,7
584,136
585,533
586,6
587,8
588,1
589,762
590,0
591,432
592,254
593,537
594,173
595,491
596,2
597,0
598,0
599,75
600,16
601,6
602,198
603,3
604,22
605,102
606,97
607,25
608,121
609,15
610,319
611,0
612,67
613,0
614,36
615,681
616,391
617,808
618,448
619,0
620,0
621,251
622,36
623,196
624,9
625,860
626,1
627,0
628,1
629,87
630,851
631,643
632,869
633,44
634,656
635,73
636,854
637,808
638,207
639,91
640,32
641,8
642,813
643,80
644,86
645,220
646,512
647,0
648,60
649,46
650,15
651,27
652,367
653,35
654,841
655,828
656,724
657,46
658,704
659,40
660,84
661,0
662,0
663,7
664,870
665,7
666,70
667,116
668,190
669,208
670,388
671,137
672,388
673,186
674,451
675,320
676,28
677,19
678,419
679,432
680,192
681,7
682,2
683,619
684,180
685,33
686,206
687,730
688,153
689,425
690,515
691,24
692,14
693,51
694,29
695,0
696,0
697,261
698,40
699,59
700,273
701,621
702,1
703,0
704,133
705,0
706,217
707,100
708,21
709,0
710,64
711,178
712,96
713,1
714,259
715,0
716,0
717,7
718,124
719,24
720,465
721,570
722,810
723,46
724,374
725,7
726,610
727,319
728,628
729,237
730,3
731,327
732,661
733,256
734,279
735,240
736,322
737,100
738,300
739,637
740,19
741,0
742,0
743,417
744,0
745,233
746,1
747,784
748,517
749,554
750,834
751,244
752,671
753,47
754,0
755,10
756,133
757,715
758,451
759,615
760,516
761,218
762,7
763,24
764,746
765,94
766,0
767,0
768,95
769,5
770,565
771,50
772,30
773,0
774,0
775,404
776,11
777,0
778,115
779,116
780,116
781,208
782,430
783,0
784,34
785,1
786,3
787,545
788,601
789,811
790,2
791,294
792,2
793,98
794,9
795,240
796,5
797,3
798,94
799,248
800,1
801,10
802,378
803,219
804,2
805,612
806,37
807,688
808,632
809,874
810,2
811,204
812,456
813,354
814,285
815,759
816,0
817,0
818,4
819,557
820,254
821,1
822,27
823,60
824,40
825,29
826,182
827,0
828,192
829,665
830,46
831,132
832,0
833,140
834,825
835,870
836,732
837,159
838,299
839,181
840,335
841,0
842,33
843,17
844,4
845,577
846,460
847,42
848,0
849,13
850,625
851,146
852,140
853,407
854,121
855,7
856,213
857,92
858,677
859,76
860,0
861,372
862,0
863,622
864,129
865,400
866,136
867,0
868,360
869,0
870,11
871,0
872,0
873,194
874,34
875,251
876,782
877,619
878,440
879,330
880,709
881,51
882,710
883,85
884,71
885,871
886,859
887,89
888,175
889,110
890,824
891,301
892,0
893,0
894,5
895,46
896,1
897,444
898,185
899,428
900,65
901,142
902,7
903,217
904,31
905,1
906,0
907,116
908,122
909,607
910,509
911,84
912,516
913,288
914,156
915,199
916,216
917,477
918,46
919,305
920,283
921,777
922,245
923,18
924,312
925,826
926,11
927,160
928,637
929,58
930,50
931,163
932,323
933,125
934,73
935,112
936,688
937,53
938,122
939,6
940,636
941,102
942,135
943,3
944,380
945,705
946,725
947,96
948,485
949,598
950,13
951,1
952,12
953,131
954,407
955,172
956,12
957,0
958,0
959,0
960,508
961,72
962,23
963,8
964,104
965,9
966,376
967,69
968,750
969,0
970,225
971,321
972,148
973,12
974,101
975,33
976,13
977,42
978,463
979,0
980,3
981,84
982,583
983,113
984,0
985,0
986,781
987,10
988,15
989,43
990,40
991,61
992,3
993,554
994,79
995,557
996,198
997,162
998,44
999,448
1000,432
1001,403
1002,783
1003,329
1004,82
1005,527
1006,580
1007,33
1008,403
1009,680
1010,550
1011,686
1012,238
1013,94
1014,665
1015,344
1016,67
1017,365
1018,639
1019,683
1020,5
1021,16
1022,236
1023,15
1024,164
1025,0
1026,14
1027,13
1028,83
1029,130
1030,0
1031,0
1032,155
1033,3
1034,56
1035,0
1036,0
1037,10
1038,27
1039,622
1040,0
1041,516
1042,765
1043,805
1044,106
1045,0
1046,347
1047,10
1048,376
1049,39
1050,152
1051,12
1052,4
1053,729
1054,386
1055,1
1056,0
1057,13
1058,0
1059,0
1060,112
1061,0
1062,264
1063,45
1064,72
1065,798
1066,94
1067,246
1068,7
1069,165
1070,72
1071,39
1072,17
1073,490
1074,219
1075,36
1076,104
1077,405
1078,173
1079,702
1080,7
1081,3
1082,12
1083,0
1084,38
1085,238
1086,4
1087,0
1088,8
1089,129
1090,2
1091,320
1092,0
1093,2
1094,20
1095,35
1096,869
1097,146
1098,313
1099,94
1100,105
1101,617
1102,8
1103,97
1104,0
1105,139
1106,32
1107,117
1108,662
1109,0
1110,796
1111,855
1112,101
1113,108
1114,60
1115,206
1116,11
1117,170
1118,0
1119,1
1120,1
1121,5
1122,137
1123,121
1124,43
1125,19
1126,109
1127,514
1128,459
1129,516
1130,801
1131,761
1132,86
1133,152
1134,21
1135,16
1136,3
1137,680
1138,169
1139,613
1140,12
1141,536
1142,149
1143,516
1144,10
1145,141
1146,859
1147,839
1148,419
1149,39
1150,21
1151,80
1152,0
1153,24
1154,54
1155,670
1156,337
1157,730
1158,341
1159,92
1160,141
1161,812
1162,755
1163,849
1164,596
1165,8
1166,461
1167,38
1168,43
1169,632
1170,643
1171,310
1172,668
1173,110
1174,69
1175,673
1176,0
1177,522
1178,88
1179,123
1180,351
1181,4
1182,40
1183,101
1184,7
1185,298
1186,85
1187,16
1188,53
1189,178
1190,155
1191,10
1192,82
1193,0
1194,434
1195,456
1196,1
1197,0
1198,5
1199,80
1200,77
1201,130
1202,871
1203,9
1204,10
1205,125
1206,4
1207,90
1208,0
1209,68
1210,150
1211,0
1212,0
1213,0
1214,70
1215,448
1216,417
1217,1
1218,138
1219,282
1220,3
1221,133
1222,142
1223,7
1224,600
1225,480
1226,30
1227,196
1228,146
1229,194
1230,24
1231,1
1232,267
1233,0
1234,0
1235,0
1236,335
1237,12
1238,6
1239,2
1240,29
1241,182
1242,64
1243,863
1244,698
1245,421
1246,726
1247,611
1248,411
1249,573
1250,443
1251,859
1252,594
1253,132
1254,871
1255,850
1256,841
1257,57
1258,95
1259,543
1260,530
1261,871
1262,705
1263,0
1264,0
1265,859
1266,83
1267,59
1268,23
1269,0
1270,124
1271,4
1272,873
1273,343
1274,412
1275,34
1276,598
1277,148
1278,152
1279,45
1280,0
1281,869
1282,48
1283,848
1284,99
1285,329
1286,483
1287,112
1288,239
1289,593
1290,0
1291,107
1292,349
1293,27
1294,63
1295,201
1296,0
1297,8
1298,25
1299,5
1300,593
1301,167
1302,72
1303,0
1304,37
1305,249
1306,74
1307,1
1308,0
1309,13
1310,32
1311,1
1312,0
1313,0
1314,460
1315,717
1316,404
1317,0
1318,469
1319,0
1320,35
1321,78
1322,0
1323,315
1324,2
1325,103
1326,257
1327,98
1328,48
1329,28
1330,372
1331,0
1332,1
1333,355
1334,205
1335,462
1336,154
1337,591
1338,235
1339,5
1340,514
1341,0
1342,0
1343,211
1344,23
1345,24
1346,13
1347,706
1348,10
1349,121
1350,445
1351,311
1352,53
1353,84
1354,160
1355,5
1356,205
1357,19
1358,0
1359,21
1360,36
1361,46
1362,0
1363,543
1364,47
1365,176
1366,0
1367,38
1368,47
1369,72
1370,743
1371,1
1372,208
1373,350
1374,58
1375,0
1376,343
1377,1
1378,193
1379,54
1380,1
1381,425
1382,0
1383,266
1384,610
1385,584
1386,3
1387,16
1388,170
1389,587
1390,0
1391,117
1392,0
1393,244
1394,143
1395,654
1396,390
1397,85
1398,32
1399,44
1400,1
1401,466
1402,1
1403,17
1404,8
1405,1
1406,0
1407,3
1408,305
1409,333
1410,94
1411,34
1412,99
1413,0
1414,0
1415,1
1416,390
1417,5
1418,34
1419,189
1420,2
1421,291
1422,0
1423,91
1424,83
1425,0
1426,62
1427,25
1428,34
1429,154
1430,464
1431,461
1432,62
1433,0
1434,29
1435,71
1436,8
1437,55
1438,60
1439,0
1440,231
1441,0
1442,185
1443,271
1444,51
1445,5
1446,39
1447,6
1448,0
1449,71
1450,0
1451,65
1452,110
1453,256
1454,470
1455,255
1456,136
1457,387
1458,7
1459,11
1460,328
1461,376
1462,12
1463,389
1464,20
1465,84
1466,166
1467,547
1468,7
1469,96
1470,48
1471,1
1472,51
1473,0
1474,730
1475,105
1476,0
1477,7
1478,174
1479,301
1480,6
1481,210
1482,8
1483,504
1484,15
1485,774
1486,256
1487,183
1488,23
1489,258
1490,26
1491,30
1492,19
1493,60
1494,525
1495,298
1496,0
1497,45
1498,1
1499,0
1500,516
1501,255
1502,129
1503,10
1504,595
1505,86
1506,105
1507,112
1508,0
1509,106
1510,341
1511,76
1512,187
1513,485
1514,0
1515,242
1516,479
1517,0
1518,0
1519,1
1520,79
1521,418
1522,55
1523,24
1524,2
1525,0
1526,1
1527,0
1528,658
1529,515
1530,0
1531,270
1532,182
1533,186
1534,0
1535,165
1536,244
1537,8
1538,739
1539,267
1540,0
1541,0
1542,27
1543,494
1544,0
1545,0
1546,109
1547,12
1548,233
1549,285
1550,290
1551,0
1552,1
1553,31
1554,61
1555,363
1556,68
1557,0
1558,37
1559,20
1560,12
1561,28
1562,423
1563,499
1564,1
1565,148
1566,337
1567,107
1568,307
1569,8
1570,79
1571,150
1572,41
1573,1
1574,39
1575,321
1576,11
1577,145
1578,2
1579,237
1580,53
1581,380
1582,14
1583,157
1584,162
1585,0
1586,24
1587,34
1588,111
1589,121
1590,50
1591,199
1592,317
1593,0
1594,206
1595,57
1596,0
1597,5
1598,773
1599,110
1600,7
1601,187
1602,8
1603,256
1604,383
1605,1
1606,267
1607,0
1608,169
1609,188
1610,179
1611,296
1612,310
1613,0
1614,252
1615,187
1616,312
1617,21
1618,3
1619,13
1620,585
1621,87
1622,767
1623,160
1624,78
1625,62
1626,102
1627,0
1628,3
1629,0
1630,68
1631,362
1632,49
1633,422
1634,440
1635,268
1636,202
1637,1
1638,2
1639,337
1640,0
1641,182
1642,4
1643,46
1644,128
1645,0
1646,0
1647,330
1648,5
1649,0
1650,0
1651,20
1652,1
1653,242
1654,25
1655,0
1656,617
1657,525
1658,12
1659,139
1660,0
1661,299
1662,138
1663,20
1664,0
1665,365
1666,371
1667,0
1668,43
1669,0
1670,4
1671,361
1672,109
1673,0
1674,0
1675,0
1676,15
1677,59
1678,235
1679,81
1680,0
1681,55
1682,14
1683,0
1684,629
1685,0
1686,39
1687,12
1688,400
1689,1
1690,27
1691,0
1692,131
1693,79
1694,94
1695,386
1696,17
1697,88
1698,0
1699,159
1700,2
1701,2
1702,30
1703,4
1704,535
1705,58
1706,78
1707,24
1708,145
1709,97
1710,77
1711,0
1712,21
1713,13
1714,0
1715,138
1716,390
1717,201
1718,219
1719,197
1720,182
1721,11
1722,79
1723,0
1724,15
1725,397
1726,0
1727,92
1728,25
1729,242
1730,203
1731,0
1732,387
1733,42
1734,24
1735,0
1736,631
1737,271
1738,88
1739,381
1740,0
1741,174
1742,610
1743,447
1744,0
1745,3
1746,0
1747,89
1748,4
1749,12
1750,67
1751,110
1752,62
1753,100
1754,2
1755,4
1756,0
1757,191
1758,16
1759,84
1760,1
1761,0
1762,73
1763,32
1764,52
1765,171
1766,1
1767,179
1768,420
1769,87
1770,3
1771,0
1772,452
1773,283
1774,76
1775,176
1776,4
1777,0
1778,58
1779,668
1780,24
1781,0
1782,168
1783,293
1784,7
1785,274
1786,56
1787,3
1788,88
1789,254
1790,601
1791,91
1792,393
1793,101
1794,0
1795,54
1796,5
1797,0
1798,17
1799,283
1800,604
1801,10
1802,369
1803,326
1804,5
1805,377
1806,38
1807,171
1808,290
1809,124
1810,264
1811,0
1812,5
1813,71
1814,695
1815,152
1816,1
1817,46
1818,6
1819,0
1820,2
1821,621
1822,165
1823,478
1824,75
1825,2
1826,47
1827,419
1828,319
1829,60
1830,34
1831,45
1832,8
1833,1
1834,82
1835,256
1836,13
1837,269
1838,0
1839,3
1840,312
1841,250
1842,703
1843,324
1844,111
1845,21
1846,0
1847,19
1848,79
1849,2
1850,152
1851,45
1852,5
1853,24
1854,68
1855,31
1856,16
1857,0
1858,442
1859,41
1860,5
1861,462
1862,270
1863,402
1864,146
1865,0
1866,203
1867,200
1868,424
1869,339
1870,256
1871,38
1872,731
1873,80
1874,231
1875,230
1876,227
1877,1
1878,593
1879,3
1880,530
1881,39
1882,373
1883,0
1884,239
1885,184
1886,677
1887,0
1888,741
1889,118
1890,2
1891,124
1892,3
1893,40
1894,224
1895,0
1896,0
1897,1
1898,21
1899,1
1900,69
1901,68
1902,73
1903,771
1904,70
1905,21
1906,36
1907,8
1908,24
1909,2
1910,684
1911,0
1912,0
1913,200
1914,443
1915,600
1916,515
1917,296
1918,33
1919,444
1920,56
1921,5
1922,93
1923,0
1924,43
1925,106
1926,0
1927,4
1928,0
1929,214
1930,269
1931,126
1932,0
1933,5
1934,0
1935,0
1936,457
1937,230
1938,597
1939,54
1940,10
1941,18
1942,336
1943,303
1944,164
1945,644
1946,0
1947,0
1948,496
1949,283
1950,43
1951,28
1952,49
1953,7
1954,79
1955,382
1956,450
1957,280
1958,0
1959,139
1960,66
1961,663
1962,20
1963,4
1964,3
1965,103
1966,412
1967,111
1968,30
1969,0
1970,168
1971,0
1972,129
1973,52
1974,0
1975,0
1976,3
1977,3
1978,142
1979,2
1980,113
1981,605
1982,7
1983,0
1984,40
1985,0
1986,17
1987,94
1988,102
1989,252
1990,71
1991,4
1992,86
1993,0
1994,0
1995,1
1996,14
1997,536
1998,11
1999,8
2000,223
2001,241
2002,782
2003,38
2004,66
2005,120
2006,0
2007,1
2008,0
2009,3
2010,230
2011,0
2012,303
2013,21
2014,198
2015,203
2016,474
2017,0
2018,0
2019,43
2020,0
2021,0
2022,209
2023,75
2024,0
2025,31
2026,148
2027,4
2028,574
2029,776
2030,79
2031,37
2032,12
2033,436
2034,104
2035,9
2036,574
2037,408
2038,50
2039,3
2040,115
2041,138
2042,303
2043,13
2044,524
2045,12
2046,276
2047,245
2048,0
2049,0
2050,218
2051,2
2052,654
2053,0
2054,523
2055,184
2056,1
2057,50
2058,67
2059,0
2060,69
2061,1
2062,6
2063,1
2064,43
2065,0
2066,0
2067,383
2068,340
2069,14
2070,0
2071,0
2072,363
2073,99
2074,1
2075,4
2076,0
2077,200
2078,115
2079,156
2080,0
2081,0
2082,578
2083,53
2084,57
2085,296
2086,77
2087,551
2088,34
2089,216
2090,0
2091,240
2092,57
2093,42
2094,74
2095,43
2096,94
2097,312
2098,1
2099,45
2100,32
2101,3
2102,627
2103,47
2104,4
2105,46
2106,2
2107,0
2108,0
2109,209
2110,370
2111,9
2112,650
2113,20
2114,218
2115,0
2116,413
2117,501
2118,98
2119,60
2120,5
2121,1
2122,26
2123,121
2124,11
2125,140
2126,506
2127,190
2128,12
2129,2
2130,448
2131,0
2132,1
2133,28
2134,34
2135,0
2136,0
2137,0
2138,17
2139,60
2140,126
2141,343
2142,24
2143,5
2144,15
2145,68
2146,2
2147,0
2148,0
2149,23
2150,309
2151,13
2152,0
2153,11
2154,106
2155,302
2156,16
2157,14
2158,10
2159,562
2160,293
2161,75
2162,302
2163,183
2164,231
2165,1
2166,73
2167,98
2168,11
2169,15
2170,0
2171,44
2172,491
2173,185
2174,37
2175,729
2176,1
2177,31
2178,10
2179,1
2180,174
2181,11
2182,362
2183,0
2184,118
2185,125
2186,24
2187,60
2188,321
2189,40
2190,16
2191,0
2192,0
2193,0
2194,8
2195,595
2196,374
2197,6
2198,335
2199,11
2200,109
2201,44
2202,1
2203,5
2204,5
2205,273
2206,80
2207,3
2208,1
2209,143
2210,235
2211,414
2212,5
2213,568
2214,554
2215,544
2216,26
2217,223
2218,15
2219,33
2220,792
2221,442
2222,0
2223,10
2224,95
2225,168
2226,288
2227,112
2228,0
2229,2
2230,364
2231,367
2232,45
2233,0
2234,15
2235,102
2236,79
2237,372
2238,1
2239,162
2240,310
2241,0
2242,85
2243,24
2244,0
2245,0
2246,621
2247,16
2248,171
2249,7
2250,822
2251,131
2252,756
2253,0
2254,113
2255,13
2256,106
2257,107
2258,118
2259,173
2260,847
2261,551
2262,3
2263,271
2264,450
2265,362
2266,725
2267,189
2268,0
2269,43
2270,29
2271,42
2272,6
2273,0
2274,103
2275,3
2276,73
2277,5
2278,8
2279,316
2280,1
2281,642
2282,281
2283,176
2284,30
2285,27
2286,109
2287,1
2288,80
2289,43
2290,394
2291,289
2292,0
2293,0
2294,1
2295,55
2296,529
2297,24
2298,7
2299,123
2300,216
2301,0
2302,531
2303,2
2304,667
2305,0
2306,0
2307,137
2308,103
2309,325
2310,124
2311,1
2312,474
2313,73
2314,509
2315,5
2316,30
2317,2
2318,0
2319,0
2320,0
2321,410
2322,249
2323,0
2324,656
2325,187
2326,1
2327,8
2328,545
2329,0
2330,75
2331,2
2332,9
2333,579
2334,0
2335,0
2336,124
2337,85
2338,59
2339,136
2340,101
2341,237
2342,447
2343,8
2344,21
2345,19
2346,108
2347,125
2348,8
2349,8
2350,135
2351,689
2352,8
2353,113
2354,0
2355,436
2356,0
2357,18
2358,250
2359,65
2360,796
2361,556
2362,68
2363,26
2364,5
2365,443
2366,3
2367,302
2368,31
2369,213
2370,10
2371,90
2372,5
2373,425
2374,0
2375,480
2376,0
2377,181
2378,151
2379,2
2380,0
2381,22
2382,776
2383,0
2384,70
2385,143
2386,6
2387,104
2388,143
2389,0
2390,284
2391,15
2392,95
2393,0
2394,169
2395,0
2396,7
2397,146
2398,333
2399,767
2400,148
2401,50
2402,38
2403,0
2404,360
2405,2
2406,20
2407,1
2408,0
2409,250
2410,1
2411,235
2412,93
2413,8
2414,51
2415,498
2416,641
2417,220
2418,33
2419,58
2420,127
2421,19
2422,654
2423,419
2424,1
2425,1
2426,204
2427,377
2428,387
2429,1
2430,1
2431,746
2432,12
2433,7
2434,0
2435,43
2436,0
2437,280
2438,44
2439,599
2440,195
2441,27
2442,159
2443,320
2444,0
2445,0
2446,360
2447,265
2448,9
2449,2
2450,58
2451,3
2452,21
2453,9
2454,29
2455,69
2456,0
2457,72
2458,82
2459,0
2460,545
2461,49
2462,0
2463,82
2464,104
2465,0
2466,11
2467,4
2468,0
2469,0
2470,2
2471,6
2472,105
2473,216
2474,0
2475,12
2476,51
2477,734
2478,5
2479,8
2480,304
2481,253
2482,1
2483,0
2484,0
2485,633
2486,12
2487,70
2488,147
2489,439
2490,432
2491,627
2492,0
2493,16
2494,9
2495,36
2496,22
2497,58
2498,0
2499,70
2500,234
2501,4
2502,1
2503,114
2504,0
2505,0
2506,778
2507,303
2508,10
2509,7
2510,268
2511,0
2512,15
2513,495
2514,238
2515,597
2516,268
2517,556
2518,0
2519,21
2520,518
2521,183
2522,0
2523,78
2524,46
2525,58
2526,2
2527,1
2528,0
2529,73
2530,100
2531,9
2532,8
2533,17
2534,143
2535,808
2536,289
2537,2
2538,10
2539,194
2540,2
2541,96
2542,132
2543,287
2544,27
2545,13
2546,688
2547,0
2548,2
2549,9
2550,164
2551,91
2552,28
2553,77
2554,0
2555,0
2556,22
2557,0
2558,32
2559,0
2560,25
2561,38
2562,107
2563,0
2564,6
2565,177
2566,46
2567,409
2568,235
2569,0
2570,4
2571,0
2572,126
2573,51
2574,0
2575,417
2576,177
2577,0
2578,261
2579,4
2580,0
2581,287
2582,157
2583,608
2584,556
2585,119
2586,504
2587,527
2588,4
2589,167
2590,174
2591,16
2592,15
2593,151
2594,40
2595,99
2596,4
2597,233
2598,110
2599,0
2600,1
2601,0
2602,101
2603,4
2604,4
2605,4
2606,172
2607,0
2608,12
2609,144
2610,19
2611,3
2612,56
2613,3
2614,6
2615,35
2616,50
2617,16
2618,150
2619,82
2620,72
2621,13
2622,107
2623,29
2624,0
2625,21
2626,11
2627,146
2628,501
2629,183
2630,776
2631,6
2632,1
2633,305
2634,46
2635,3
2636,1
2637,249
2638,44
2639,423
2640,69
2641,26
2642,531
2643,297
2644,344
2645,18
2646,701
2647,0
2648,6
2649,7
2650,0
2651,560
2652,298
2653,46
2654,71
2655,30
2656,234
2657,358
2658,662
2659,108
2660,1
2661,0
2662,228
2663,2
2664,723
2665,150
2666,17
2667,14
2668,253
2669,2
2670,25
2671,127
2672,52
2673,14
2674,88
2675,120
2676,0
2677,283
2678,0
2679,422
2680,0
2681,16
2682,94
2683,0
2684,756
2685,106
2686,40
2687,0
2688,260
2689,86
2690,306
2691,37
2692,0
2693,2
2694,44
2695,17
2696,0
2697,13
2698,287
2699,107
2700,539
2701,0
2702,350
2703,380
2704,2
2705,256
2706,29
2707,211
2708,86
2709,16
2710,117
2711,102
2712,150
2713,2
2714,55
2715,668
2716,16
2717,118
2718,121
2719,22
2720,766
2721,59
2722,259
2723,0
2724,604
2725,160
2726,0
2727,51
2728,320
2729,227
2730,37
2731,106
2732,22
2733,388
2734,10
2735,276
2736,273
2737,60
2738,22
2739,240
2740,2
2741,441
2742,156
2743,0
2744,22
2745,2
2746,519
2747,7
2748,517
2749,39
2750,39
2751,98
2752,0
2753,0
2754,44
2755,49
2756,117
2757,25
2758,64
2759,274
2760,4
2761,501
2762,656
2763,3
2764,61
2765,779
2766,6
2767,28
2768,274
2769,476
2770,20
2771,117
2772,94
2773,293
2774,308
2775,194
2776,151
2777,545
2778,40
2779,0
2780,0
2781,4
2782,16
2783,5
2784,5
2785,8
2786,277
2787,28
2788,127
2789,14
2790,865
2791,324
2792,345
2793,94
2794,268
2795,12
2796,0
2797,93
2798,39
2799,207
2800,0
2801,167
2802,4
2803,409
2804,217
2805,66
2806,267
2807,5
2808,0
2809,150
2810,44
2811,13
2812,1
2813,0
2814,140
2815,34
2816,33
2817,564
2818,43
2819,285
2820,122
2821,30
2822,15
2823,70
2824,304
2825,7
2826,162
2827,0
2828,52
2829,119
2830,6
2831,567
2832,2
2833,101
2834,6
2835,107
2836,0
2837,14
2838,0
2839,82
2840,0
2841,3
2842,0
2843,128
2844,2
2845,222
2846,262
2847,24
2848,7
2849,3
2850,304
2851,1
2852,17
2853,60
2854,0
2855,22
2856,14
2857,800
2858,89
2859,9
2860,29
2861,487
2862,0
2863,3
2864,118
2865,541
2866,417
2867,42
2868,482
2869,371
2870,401
2871,610
2872,652
2873,18
2874,0
2875,8
2876,0
2877,7
2878,171
2879,15
2880,762
2881,0
2882,212
2883,48
2884,90
2885,3
2886,62
2887,14
2888,38
2889,5
2890,0
2891,412
2892,0
2893,156
2894,20
2895,0
2896,187
2897,0
2898,0
2899,22
2900,121
2901,73
2902,16
2903,0
2904,11
2905,1
2906,467
2907,737
2908,116
2909,71
2910,284
2911,170
2912,148
2913,389
2914,163
2915,0
2916,630
2917,230
2918,687
2919,2
2920,14
2921,299
2922,818
2923,27
2924,115
2925,10
2926,6
2927,19
2928,59
2929,286
2930,32
2931,1
2932,100
2933,40
2934,361
2935,64
2936,1
2937,81
2938,7
2939,1
2940,76
2941,0
2942,35
2943,4
2944,77
2945,14
2946,312
2947,164
2948,0
2949,48
2950,1
2951,21
2952,36
2953,182
2954,91
2955,302
2956,36
2957,83
2958,596
2959,1
2960,39
2961,59
2962,569
2963,20
2964,39
2965,2
2966,271
2967,23
2968,12
2969,662
2970,416
2971,424
2972,817
2973,247
2974,0
2975,276
2976,180
2977,49
2978,269
2979,13
2980,323
2981,212
2982,177
2983,1
2984,80
2985,36
2986,0
2987,0
2988,123
2989,529
2990,1
2991,460
2992,1
2993,91
2994,378
2995,76
2996,191
2997,2
2998,364
2999,0
3000,0
3001,62
3002,334
3003,619
3004,359
3005,2
3006,81
3007,1
3008,5
3009,756
3010,31
3011,12
3012,0
3013,90
3014,0
3015,38
3016,3
3017,4
3018,539
3019,584
3020,47
3021,399
3022,0
3023,1
3024,11
3025,11
3026,10
3027,58
3028,3
3029,0
3030,256
3031,632
3032,0
3033,264
3034,29
3035,17
3036,379
3037,638
3038,114
3039,54
3040,69
3041,42
3042,140
3043,1
3044,95
3045,361
3046,3
3047,0
3048,3
3049,242
3050,15
3051,0
3052,509
3053,0
3054,378
3055,32
3056,254
3057,651
3058,8
3059,0
3060,2
3061,13
3062,5
3063,45
3064,30
3065,83
3066,283
3067,0
3068,457
3069,3
3070,17
3071,0
3072,0
3073,362
3074,51
3075,0
3076,2
3077,2
3078,0
3079,591
3080,843
3081,2
3082,48
3083,687
3084,29
3085,15
3086,1
3087,162
3088,97
3089,38
3090,512
3091,0
3092,0
3093,317
3094,472
3095,123
3096,55
3097,78
3098,267
3099,26
3100,62
3101,241
3102,110
3103,360
3104,5
3105,326
3106,1
3107,165
3108,0
3109,6
3110,0
3111,678
3112,33
3113,80
3114,527
3115,102
3116,110
3117,519
3118,811
3119,548
3120,157
3121,0
3122,387
3123,0
3124,4
3125,367
3126,403
3127,15
3128,216
3129,153
3130,225
3131,7
3132,14
3133,8
3134,0
3135,30
3136,0
3137,78
3138,61
3139,455
3140,0
3141,0
3142,71
3143,55
3144,0
3145,0
3146,0
3147,0
3148,128
3149,669
3150,13
3151,2
3152,74
3153,117
3154,63
3155,3
3156,1
3157,6
3158,419
3159,191
3160,34
3161,551
3162,0
3163,516
3164,5
3165,144
3166,2
3167,56
3168,245
3169,5
3170,64
3171,205
3172,0
3173,0
3174,0
3175,154
3176,13
3177,45
3178,2
3179,285
3180,743
3181,112
3182,0
3183,82
3184,542
3185,116
3186,1
3187,3
3188,102
3189,729
3190,640
3191,58
3192,367
3193,27
3194,203
3195,27
3196,227
3197,0
3198,4
3199,341
3200,23
3201,395
3202,641
3203,0
3204,8
3205,84
3206,18
3207,0
3208,6
3209,5
3210,78
3211,35
3212,54
3213,196
3214,4
3215,249
3216,269
3217,13
3218,0
3219,105
3220,343
3221,0
3222,187
3223,1
3224,50
3225,0
3226,27
3227,17
3228,214
3229,222
3230,3
3231,0
3232,306
3233,8
3234,0
3235,10
3236,332
3237,1
3238,1
3239,25
3240,741
3241,97
3242,66
3243,1
3244,319
3245,580
3246,2
3247,438
3248,234
3249,0
3250,1
3251,0
3252,0
3253,481
3254,61
3255,21
3256,9
3257,248
3258,294
3259,31
3260,0
3261,90
3262,804
3263,0
3264,0
3265,484
3266,62
3267,78
3268,16
3269,48
3270,252
3271,9
3272,758
3273,27
3274,0
3275,133
3276,11
3277,8
3278,426
3279,6
3280,36
3281,164
3282,31
3283,137
3284,373
3285,352
3286,46
3287,0
3288,60
3289,752
3290,33
3291,0
3292,63
3293,289
3294,28
3295,165
3296,419
3297,71
3298,3
3299,181
3300,40
3301,695
3302,0
3303,0
3304,656
3305,141
3306,86
3307,3
3308,27
3309,5
3310,11
3311,350
3312,717
3313,0
3314,40
3315,70
3316,66
3317,4
3318,109
3319,751
3320,216
3321,833
3322,3
3323,194
3324,0
3325,76
3326,40
3327,0
3328,2
3329,45
3330,5
3331,4
3332,30
3333,73
3334,299
3335,319
3336,6
3337,196
3338,0
3339,97
3340,0
3341,78
3342,604
3343,0
3344,557
3345,18
3346,0
3347,2
3348,2
3349,7
3350,449
3351,0
3352,115
3353,52
3354,10
3355,0
3356,428
3357,404
3358,16
3359,113
3360,234
3361,186
3362,15
3363,31
3364,286
3365,400
3366,138
3367,26
3368,2
3369,789
3370,179
3371,94
3372,434
3373,38
3374,15
3375,6
3376,42
3377,3
3378,23
3379,2
3380,9
3381,73
3382,2
3383,29
3384,1
3385,61
3386,107
3387,469
3388,274
3389,0
3390,14
3391,530
3392,0
3393,54
3394,860
3395,134
3396,604
3397,20
3398,185
3399,0
3400,0
3401,0
3402,147
3403,97
3404,11
3405,16
3406,295
3407,0
3408,1
3409,10
3410,117
3411,12
3412,100
3413,820
3414,13
3415,31
3416,6
3417,427
3418,13
3419,11
3420,72
3421,10
3422,691
3423,388
3424,325
3425,0
3426,115
3427,95
3428,66
3429,165
3430,45
3431,112
3432,409
3433,448
3434,60
3435,232
3436,12
3437,0
3438,394
3439,21
3440,658
3441,206
3442,22
3443,10
3444,169
3445,97
3446,431
3447,388
3448,30
3449,488
3450,91
3451,500
3452,74
3453,299
3454,90
3455,841
3456,392
3457,1
3458,4
3459,188
3460,109
3461,810
3462,169
3463,175
3464,0
3465,14
3466,34
3467,135
3468,0
3469,400
3470,0
3471,365
3472,4
3473,0
3474,175
3475,39
3476,212
3477,2
3478,252
3479,322
3480,14
3481,14
3482,0
3483,23
3484,25
3485,0
3486,0
3487,58
3488,161
3489,0
3490,4
3491,209
3492,40
3493,514
3494,275
3495,546
3496,0
3497,63
3498,58
3499,38
3500,12
3501,23
3502,189
3503,257
3504,0
3505,73
3506,43
3507,645
3508,0
3509,271
3510,19
3511,253
3512,70
3513,518
3514,0
3515,391
3516,2
3517,214
3518,404
3519,13
3520,593
3521,356
3522,310
3523,429
3524,5
3525,749
3526,142
3527,73
3528,0
3529,113
3530,112
3531,88
3532,141
3533,1
3534,59
3535,120
3536,669
3537,8
3538,0
3539,28
3540,0
3541,34
3542,164
3543,1
3544,9
3545,0
3546,227
3547,129
3548,17
3549,257
3550,30
3551,1
3552,0
3553,519
3554,100
3555,63
3556,0
3557,41
3558,846
3559,97
3560,133
3561,482
3562,0
3563,94
3564,2
3565,298
3566,84
3567,192
3568,6
3569,0
3570,29
3571,85
3572,73
3573,33
3574,304
3575,598
3576,7
3577,502
3578,29
3579,415
3580,197
3581,4
3582,187
3583,1
3584,0
3585,0
3586,580
3587,238
3588,329
3589,4
3590,772
3591,140
3592,0
3593,341
3594,310
3595,93
3596,3
3597,13
3598,427
3599,20
3600,26
3601,22
3602,266
3603,238
3604,61
3605,129
3606,18
3607,3
3608,4
3609,366
3610,262
3611,3
3612,13
3613,0
3614,152
3615,416
3616,11
3617,0
3618,416
3619,36
3620,814
3621,15
3622,339
3623,0
3624,34
3625,76
3626,15
3627,230
3628,95
3629,175
3630,688
3631,232
3632,69
3633,686
3634,0
3635,177
3636,120
3637,0
3638,0
3639,25
3640,68
3641,6
3642,144
3643,20
3644,331
3645,0
3646,18
3647,0
3648,0
3649,50
3650,103
3651,0
3652,171
3653,382
3654,0
3655,229
3656,1
3657,584
3658,2
3659,0
3660,1
3661,165
3662,185
3663,56
3664,0
3665,127
3666,165
3667,0
3668,465
3669,21
3670,674
3671,0
3672,44
3673,21
3674,253
3675,82
3676,151
3677,10
3678,441
3679,0
3680,275
3681,5
3682,21
3683,9
3684,67
3685,87
3686,6
3687,0
3688,171
3689,33
3690,44
3691,4
3692,112
3693,380
3694,7
3695,17
3696,385
3697,0
3698,276
3699,9
3700,86
3701,255
3702,567
3703,53
3704,102
3705,0
3706,0
3707,610
3708,82
3709,162
3710,139
3711,3
3712,122
3713,363
3714,123
3715,321
3716,64
3717,1
3718,842
3719,534
3720,251
3721,22
3722,0
3723,69
3724,286
3725,532
3726,81
3727,27
3728,741
3729,0
3730,104
3731,4
3732,103
3733,6
3734,216
3735,716
3736,56
3737,153
3738,1
3739,341
3740,44
3741,520
3742,0
3743,103
3744,1
3745,9
3746,572
3747,234
3748,10
3749,119
3750,0
3751,112
3752,14
3753,3
3754,6
3755,155
3756,0
3757,13
3758,17
3759,317
3760,23
3761,51
3762,9
3763,74
3764,42
3765,0
3766,147
3767,811
3768,0
3769,18
3770,532
3771,49
3772,743
3773,12
3774,285
3775,0
3776,96
3777,140
3778,745
3779,200
3780,2
3781,5
3782,77
3783,248
3784,9
3785,231
3786,19
3787,4
3788,0
3789,62
3790,129
3791,752
3792,17
3793,1
3794,80
3795,0
3796,2
3797,2
3798,9
3799,74
3800,7
3801,73
3802,0
3803,119
3804,0
3805,261
3806,256
3807,100
3808,2
3809,305
3810,10
3811,33
3812,146
3813,127
3814,0
3815,558
3816,0
3817,3
3818,149
3819,0
3820,52
3821,0
3822,497
3823,457
3824,245
3825,9
3826,374
3827,330
3828,183
3829,32
3830,45
3831,204
3832,0
3833,62
3834,120
3835,9
3836,307
3837,20
3838,501
3839,484
3840,208
3841,70
3842,7
3843,480
3844,25
3845,46
3846,3
3847,1
3848,295
3849,162
3850,612
3851,0
3852,36
3853,0
3854,38
3855,701
3856,11
3857,1
3858,8
3859,289
3860,164
3861,115
3862,675
3863,198
3864,128
3865,139
3866,0
3867,270
3868,0
3869,69
3870,24
3871,138
3872,222
3873,31
3874,12
3875,1
3876,36
3877,194
3878,0
3879,531
3880,1
3881,221
3882,24
3883,14
3884,144
3885,8
3886,0
3887,130
3888,91
3889,13
3890,307
3891,246
3892,34
3893,8
3894,459
3895,27
3896,82
3897,26
3898,157
3899,0
3900,4
3901,420
3902,13
3903,6
3904,1
3905,1
3906,8
3907,41
3908,36
3909,720
3910,11
3911,1
3912,63
3913,27
3914,18
3915,46
3916,631
3917,118
3918,593
3919,217
3920,676
3921,691
3922,111
3923,47
3924,327
3925,10
3926,74
3927,750
3928,57
3929,47
3930,598
3931,241
3932,15
3933,1
3934,24
3935,2
3936,0
3937,0
3938,0
3939,5
3940,38
3941,75
3942,123
3943,269
3944,3
3945,322
3946,3
3947,118
3948,5
3949,59
3950,493
3951,8
3952,32
3953,0
3954,358
3955,11
3956,113
3957,777
3958,51
3959,555
3960,44
3961,5
3962,40
3963,4
3964,451
3965,584
3966,124
3967,127
3968,4
3969,71
3970,0
3971,6
3972,0
3973,553
3974,0
3975,117
3976,162
3977,2
3978,591
3979,309
3980,317
3981,95
3982,351
3983,0
3984,190
3985,174
3986,2
3987,87
3988,0
3989,59
3990,2
3991,385
3992,326
3993,0
3994,2
3995,244
3996,27
3997,373
3998,139
3999,533
4000,61
4001,144
4002,627
4003,29
4004,11
4005,61
4006,234
4007,134
4008,0
4009,183
4010,0
4011,276
4012,692
4013,126
4014,3
4015,88
4016,482
4017,544
4018,41
4019,208
4020,805
4021,86
4022,61
4023,145
4024,9
4025,385
4026,0
4027,111
4028,11
4029,393
4030,0
4031,141
4032,5
4033,337
4034,240
4035,292
4036,67
4037,0
4038,0
4039,420
4040,23
4041,215
4042,250
4043,6
4044,2
4045,19
4046,1
4047,92
4048,173
4049,118
4050,736
4051,653
4052,148
4053,0
4054,4
4055,0
4056,20
4057,56
4058,0
4059,107
4060,42
4061,0
4062,0
4063,216
4064,15
4065,61
4066,2
4067,334
4068,200
4069,0
4070,18
4071,35
4072,79
4073,33
4074,8
4075,8
4076,107
4077,25
4078,0
4079,97
4080,384
4081,115
4082,11
4083,440
4084,3
4085,4
4086,152
4087,14
4088,293
4089,0
4090,147
4091,0
4092,11
4093,0
4094,610
4095,4
4096,3
4097,5
4098,46
4099,118
4100,58
4101,445
4102,0
4103,5
4104,0
4105,644
4106,29
4107,26
4108,19
4109,0
4110,2
4111,454
4112,0
4113,11
4114,685
4115,0
4116,518
4117,18
4118,850
4119,97
4120,7
4121,54
4122,12
4123,724
4124,130
4125,142
4126,410
4127,177
4128,4
4129,139
4130,560
4131,340
4132,33
4133,59
4134,110
4135,13
4136,368
4137,3
4138,552
4139,25
4140,75
4141,26
4142,63
4143,107
4144,0
4145,475
4146,78
4147,0
4148,383
4149,0
4150,4
4151,626
4152,134
4153,315
4154,664
4155,649
4156,0
4157,13
4158,2
4159,129
4160,143
4161,0
4162,15
4163,5
4164,1
4165,265
4166,160
4167,195
4168,6
4169,368
4170,0
4171,0
4172,15
4173,364
4174,48
4175,102
4176,0
4177,26
4178,0
4179,114
4180,235
4181,567
4182,221
4183,168
4184,389
4185,120
4186,3
4187,2
4188,23
4189,0
4190,149
4191,10
4192,4
4193,25
4194,344
4195,12
4196,0
4197,0
4198,0
4199,0
4200,431
4201,0
4202,171
4203,431
4204,194
4205,309
4206,4
4207,272
4208,566
4209,26
4210,0
4211,267
4212,100
4213,43
4214,71
4215,618
4216,191
4217,64
4218,0
4219,414
4220,56
4221,53
4222,79
4223,19
4224,417
4225,307
4226,57
4227,40
4228,213
4229,1
4230,0
4231,2
4232,388
4233,168
4234,310
4235,3
4236,0
4237,492
4238,366
4239,14
4240,329
4241,21
4242,6
4243,336
4244,62
4245,473
4246,0
4247,78
4248,0
4249,93
4250,550
4251,18
4252,0
4253,6
4254,0
4255,59
4256,0
4257,644
4258,68
4259,21
4260,5
4261,235
4262,16
4263,0
4264,0
4265,4
4266,2
4267,0
4268,232
4269,95
4270,57
4271,5
4272,118
4273,533
4274,216
4275,3
4276,380
4277,38
4278,719
4279,19
4280,530
4281,20
4282,30
4283,180
4284,264
4285,90
4286,3
4287,97
4288,4
4289,0
4290,0
4291,23
4292,320
4293,159
4294,0
4295,13
4296,11
4297,638
4298,0
4299,96
4300,111
4301,0
4302,0
4303,5
4304,0
4305,0
4306,5
4307,0
4308,9
4309,180
4310,3
4311,0
4312,359
4313,2
4314,0
4315,260
4316,517
4317,9
4318,531
4319,59
4320,1
4321,29
4322,25
4323,2
4324,0
4325,290
4326,1
4327,24
4328,0
4329,0
4330,15
4331,13
4332,6
4333,442
4334,367
4335,1
4336,45
4337,0
4338,181
4339,401
4340,107
4341,58
4342,11
4343,50
4344,62
4345,256
4346,61
4347,51
4348,0
4349,31
4350,0
4351,317
4352,0
4353,6
4354,0
4355,20
4356,380
4357,181
4358,734
4359,8
4360,17
4361,185
4362,8
4363,107
4364,0
4365,31
4366,46
4367,112
4368,748
4369,22
4370,0
4371,2
4372,151
4373,212
4374,3
4375,19
4376,365
4377,141
4378,0
4379,0
4380,399
4381,25
4382,240
4383,12
4384,7
4385,2
4386,79
4387,0
4388,315
4389,115
4390,486
4391,0
4392,0
4393,75
4394,2
4395,0
4396,5
4397,280
4398,97
4399,1
4400,0
4401,63
4402,263
4403,11
4404,261
4405,0
4406,105
4407,258
4408,100
4409,0
4410,228
4411,713
4412,89
4413,37
4414,237
4415,0
4416,3
4417,5
4418,1
4419,81
4420,36
4421,28
4422,9
4423,2
4424,109
4425,20
4426,69
4427,369
4428,0
4429,18
4430,46
4431,5
4432,245
4433,13
4434,546
4435,423
4436,1
4437,147
4438,1
4439,13
4440,152
4441,494
4442,70
4443,152
4444,43
4445,489
4446,6
4447,313
4448,48
4449,0
4450,28
4451,1
4452,0
4453,13
4454,14
4455,647
4456,5
4457,0
4458,372
4459,6
4460,1
4461,51
4462,21
4463,90
4464,320
4465,629
4466,82
4467,17
4468,734
4469,0
4470,1
4471,399
4472,28
4473,450
4474,315
4475,2
4476,62
4477,385
4478,0
4479,0
4480,10
4481,535
4482,263
4483,473
4484,50
4485,18
4486,0
4487,0
4488,103
4489,36
4490,76
4491,0
4492,0
4493,85
4494,23
4495,0
4496,0
4497,219
4498,47
4499,577
4500,160
4501,411
4502,0
4503,2
4504,524
4505,0
4506,107
4507,0
4508,226
4509,587
4510,0
4511,0
4512,8
4513,447
4514,412
4515,118
4516,380
4517,0
4518,0
4519,91
4520,532
4521,556
4522,131
4523,106
4524,0
4525,0
4526,15
4527,356
4528,46
4529,0
4530,5
4531,25
4532,231
4533,284
4534,8
4535,1
4536,87
4537,331
4538,0
4539,77
4540,0
4541,101
4542,65
4543,256
4544,0
4545,67
4546,624
4547,38
4548,27
4549,1
4550,7
4551,37
4552,154
4553,70
4554,488
4555,164
4556,0
4557,0
4558,396
4559,685
4560,455
4561,373
4562,379
4563,30
4564,1
4565,16
4566,34
4567,487
4568,188
4569,0
4570,10
4571,55
4572,12
4573,16
4574,283
4575,18
4576,58
4577,315
4578,0
4579,18
4580,351
4581,0
4582,1
4583,0
4584,0
4585,279
4586,394
4587,693
4588,15
4589,4
4590,31
4591,33
4592,2
4593,45
4594,33
4595,63
4596,72
4597,151
4598,30
4599,429
4600,0
4601,0
4602,54
4603,174
4604,369
4605,6
4606,22
4607,0
4608,14
4609,20
4610,22
4611,421
4612,93
4613,30
4614,100
4615,29
4616,290
4617,0
4618,0
4619,0
4620,0
4621,189
4622,29
4623,20
4624,33
4625,45
4626,39
4627,22
4628,10
4629,0
4630,589
4631,217
4632,0
4633,0
4634,1
4635,1
4636,1
4637,404
4638,0
4639,56
4640,345
4641,11
4642,330
4643,282
4644,50
4645,511
4646,350
4647,630
4648,250
4649,1
4650,1
4651,462
4652,196
4653,674
4654,0
4655,11
4656,4
4657,95
4658,246
4659,17
4660,826
4661,109
4662,53
4663,193
4664,40
4665,80
4666,414
4667,225
4668,0
4669,4
4670,491
4671,12
4672,224
4673,60
4674,7
4675,588
4676,21
4677,177
4678,675
4679,7
4680,63
4681,142
4682,247
4683,24
4684,182
4685,0
4686,32
4687,2
4688,7
4689,188
4690,5
4691,384
4692,231
4693,280
4694,63
4695,2
4696,211
4697,305
4698,69
4699,119
4700,44
4701,53
4702,228
4703,4
4704,167
4705,143
4706,104
4707,9
4708,306
4709,36
4710,61
4711,733
4712,1
4713,565
4714,2
4715,7
4716,22
4717,1
4718,87
4719,5
4720,0
4721,0
4722,49
4723,601
4724,92
4725,87
4726,93
4727,20
4728,0
4729,68
4730,175
4731,0
4732,501
4733,508
4734,1
4735,50
4736,721
4737,76
4738,5
4739,209
4740,72
4741,401
4742,694
4743,280
4744,23
4745,11
4746,11
4747,3
4748,103
4749,717
4750,7
4751,0
4752,70
4753,125
4754,210
4755,28
4756,526
4757,6
4758,15
4759,0
4760,1
4761,705
4762,0
4763,298
4764,0
4765,276
4766,346
4767,12
4768,8
4769,0
4770,804
4771,53
4772,84
4773,306
4774,452
4775,0
4776,33
4777,339
4778,211
4779,527
4780,99
4781,234
4782,144
4783,115
4784,580
4785,597
4786,0
4787,6
4788,7
4789,53
4790,32
4791,48
4792,0
4793,9
4794,153
4795,104
4796,3
4797,0
4798,589
4799,158
4800,775
4801,8
4802,54
4803,68
4804,59
4805,0
4806,0
4807,670
4808,15
4809,15
4810,93
4811,281
4812,36
4813,29
4814,0
4815,92
4816,265
4817,26
4818,237
4819,129
4820,377
4821,233
4822,638
4823,673
4824,0
4825,459
4826,102
4827,82
4828,125
4829,0
4830,414
4831,0
4832,48
4833,29
4834,1
4835,215
4836,89
4837,15
4838,360
4839,0
4840,27
4841,112
4842,531
4843,1
4844,128
4845,9
4846,12
4847,438
4848,32
4849,315
4850,412
4851,420
4852,54
4853,97
4854,13
4855,31
4856,0
4857,0
4858,162
4859,170
4860,46
4861,125
4862,0
4863,26
4864,668
4865,275
4866,19
4867,18
4868,552
4869,569
4870,834
4871,0
4872,160
4873,546
4874,234
4875,36
4876,321
4877,4
4878,329
4879,229
4880,0
4881,43
4882,176
4883,33
4884,0
4885,772
4886,374
4887,3
4888,0
4889,0
4890,4
4891,0
4892,78
4893,122
4894,13
4895,136
4896,51
4897,236
4898,582
4899,552
4900,165
4901,0
4902,303
4903,5
4904,100
4905,1
4906,212
4907,31
4908,38
4909,14
4910,24
4911,764
4912,0
4913,2
4914,0
4915,138
4916,16
4917,19
4918,10
4919,568
4920,14
4921,155
4922,474
4923,12
4924,352
4925,24
4926,2
4927,4
4928,36
4929,97
4930,5
4931,507
4932,313
4933,119
4934,76
4935,136
4936,205
4937,21
4938,249
4939,1
4940,12
4941,2
4942,120
4943,6
4944,74
4945,67
4946,6
4947,4
4948,0
4949,11
4950,270
4951,58
4952,62
4953,0
4954,0
4955,13
4956,35
4957,104
4958,117
4959,71
4960,0
4961,23
4962,194
4963,28
4964,48
4965,65
4966,186
4967,61
4968,58
4969,438
4970,1
4971,199
4972,0
4973,0
4974,17
4975,2
4976,389
4977,46
4978,226
4979,52
4980,53
4981,606
4982,0
4983,80
4984,499
4985,2
4986,0
4987,44
4988,219
4989,80
4990,346
4991,15
4992,332
4993,1
4994,0
4995,164
4996,0
4997,91
4998,219
4999,47
5000,210
5001,164
5002,668
5003,14
5004,282
5005,776
5006,11
5007,135
5008,0
5009,0
5010,0
5011,184
5012,458
5013,56
5014,139
5015,0
5016,241
5017,548
5018,545
5019,0
5020,256
5021,0
5022,0
5023,608
5024,164
5025,35
5026,325
5027,193
5028,171
5029,16
5030,832
5031,192
5032,445
5033,90
5034,290
5035,207
5036,0
5037,38
5038,34
5039,702
5040,0
5041,16
5042,16
5043,19
5044,183
5045,55
5046,78
5047,0
5048,0
5049,79
5050,32
5051,379
5052,2
5053,94
5054,7
5055,349
5056,413
5057,26
5058,678
5059,21
5060,317
5061,28
5062,477
5063,245
5064,0
5065,318
5066,136
5067,69
5068,11
5069,741
5070,249
5071,236
5072,95
5073,2
5074,628
5075,0
5076,110
5077,48
5078,343
5079,6
5080,226
5081,136
5082,33
5083,6
5084,7
5085,1
5086,512
5087,0
5088,298
5089,42
5090,253
5091,598
5092,30
5093,45
5094,74
5095,2
5096,47
5097,0
5098,738
5099,83
5100,32
5101,36
5102,34
5103,62
5104,391
5105,44
5106,58
5107,18
5108,387
5109,18
5110,65
5111,232
5112,681
5113,29
5114,827
5115,0
5116,104
5117,92
5118,0
5119,93
5120,183
5121,444
5122,0
5123,22
5124,0
5125,0
5126,529
5127,636
5128,421
5129,47
5130,0
5131,89
5132,118
5133,1
5134,114
5135,651
5136,0
5137,23
5138,0
5139,0
5140,141
5141,20
5142,0
5143,0
5144,415
5145,3
5146,47
5147,0
5148,217
5149,228
5150,8
5151,23
5152,118
5153,0
5154,0
5155,331
5156,1
5157,24
5158,464
5159,7
5160,137
5161,173
5162,18
5163,1
5164,188
5165,357
5166,64
5167,743
5168,43
5169,10
5170,327
5171,212
5172,8
5173,488
5174,84
5175,62
5176,14
5177,67
5178,126
5179,123
5180,214
5181,156
5182,244
5183,1
5184,27
5185,9
5186,42
5187,159
5188,145
5189,25
5190,3
5191,0
5192,298
5193,156
5194,631
5195,798
5196,330
5197,0
5198,298
5199,6
5200,20
5201,5
5202,11
5203,10
5204,1
5205,392
5206,12
5207,0
5208,1
5209,533
5210,368
5211,9
5212,2
5213,27
5214,177
5215,621
5216,91
5217,30
5218,1
5219,178
5220,0
5221,554
5222,234
5223,2
5224,258
5225,333
5226,130
5227,146
5228,297
5229,3
5230,31
5231,720
5232,37
5233,8
5234,9
5235,132
5236,442
5237,21
5238,4
5239,5
5240,164
5241,77
5242,445
5243,204
5244,2
5245,0
5246,406
5247,109
5248,24
5249,152
5250,63
5251,45
5252,45
5253,461
5254,0
5255,9
5256,7
5257,430
5258,6
5259,752
5260,0
5261,67
5262,3
5263,0
5264,277
5265,137
5266,112
5267,3
5268,62
5269,281
5270,1
5271,173
5272,700
5273,2
5274,62
5275,57
5276,535
5277,0
5278,20
5279,0
5280,693
5281,433
5282,17
5283,22
5284,734
5285,20
5286,44
5287,4
5288,211
5289,69
5290,210
5291,0
5292,256
5293,502
5294,692
5295,380
5296,157
5297,43
5298,185
5299,8
5300,219
5301,41
5302,559
5303,43
5304,54
5305,224
5306,298
5307,198
5308,111
5309,235
5310,0
5311,339
5312,96
5313,213
5314,117
5315,341
5316,7
5317,5
5318,719
5319,56
5320,18
5321,0
5322,57
5323,685
5324,3
5325,43
5326,60
5327,571
5328,346
5329,0
5330,391
5331,79
5332,655
5333,127
5334,2
5335,0
5336,22
5337,13
5338,158
5339,40
5340,0
5341,0
5342,87
5343,0
5344,4
5345,377
5346,0
5347,10
5348,633
5349,490
5350,0
5351,190
5352,20
5353,18
5354,13
5355,128
5356,608
5357,362
5358,257
5359,259
5360,18
5361,60
5362,14
5363,645
5364,0
5365,0
5366,0
5367,2
5368,46
5369,530
5370,14
5371,2
5372,88
5373,369
5374,42
5375,92
5376,64
5377,732
5378,13
5379,13
5380,313
5381,36
5382,39
5383,324
5384,391
5385,271
5386,318
5387,167
5388,121
5389,8
5390,25
5391,473
5392,242
5393,0
5394,125
5395,14
5396,421
5397,42
5398,812
5399,774
5400,4
5401,0
5402,1
5403,29
5404,338
5405,358
5406,0
5407,0
5408,12
5409,0
5410,387
5411,2
5412,367
5413,23
5414,568
5415,60
5416,8
5417,7
5418,28
5419,495
5420,14
5421,60
5422,0
5423,120
5424,600
5425,5
5426,665
5427,35
5428,0
5429,1
5430,62
5431,40
5432,0
5433,89
5434,10
5435,366
5436,0
5437,0
5438,7
5439,216
5440,730
5441,25
5442,211
5443,0
5444,485
5445,0
5446,0
5447,21
5448,47
5449,724
5450,0
5451,5
5452,102
5453,0
5454,41
5455,7
5456,175
5457,670
5458,327
5459,128
5460,498
5461,20
5462,279
5463,0
5464,51
5465,1
5466,14
5467,366
5468,555
5469,750
5470,21
5471,13
5472,127
5473,37
5474,120
5475,123
5476,308
5477,7
5478,418
5479,113
5480,1
5481,2
5482,741
5483,0
5484,68
5485,437
5486,25
5487,228
5488,803
5489,681
5490,80
5491,18
5492,115
5493,12
5494,0
5495,337
5496,0
5497,138
5498,67
5499,0
5500,0
5501,73
5502,122
5503,410
5504,27
5505,12
5506,3
5507,83
5508,614
5509,234
5510,169
5511,350
5512,139
5513,149
5514,0
5515,56
5516,0
5517,71
5518,74
5519,15
5520,162
5521,149
5522,250
5523,18
5524,0
5525,0
5526,162
5527,715
5528,113
5529,229
5530,140
5531,5
5532,546
5533,4
5534,581
5535,719
5536,0
5537,399
5538,0
5539,1
5540,0
5541,26
5542,0
5543,88
5544,297
5545,34
5546,761
5547,7
5548,57
5549,21
5550,750
5551,0
5552,37
5553,166
5554,0
5555,19
5556,57
5557,32
5558,13
5559,327
5560,19
5561,283
5562,39
5563,457
5564,34
5565,24
5566,275
5567,119
5568,51
5569,0
5570,492
5571,0
5572,1
5573,833
5574,26
5575,33
5576,59
5577,404
5578,131
5579,0
5580,11
5581,351
5582,50
5583,413
5584,742
5585,345
5586,13
5587,14
5588,0
5589,2
5590,125
5591,105
5592,146
5593,116
5594,221
5595,1
5596,28
5597,420
5598,287
5599,123
5600,711
5601,141
5602,113
5603,359
5604,344
5605,2
5606,307
5607,2
5608,0
5609,413
5610,0
5611,488
5612,62
5613,0
5614,74
5615,525
5616,722
5617,11
5618,184
5619,371
5620,70
5621,0
5622,1
5623,85
5624,38
5625,107
5626,328
5627,8
5628,0
5629,5
5630,0
5631,0
5632,121
5633,15
5634,19
5635,352
5636,226
5637,0
5638,0
5639,380
5640,256
5641,5
5642,4
5643,31
5644,182
5645,125
5646,0
5647,485
5648,14
5649,61
5650,509
5651,0
5652,10
5653,2
5654,30
5655,15
5656,0
5657,33
5658,161
5659,4
5660,204
5661,717
5662,249
5663,20
5664,11
5665,0
5666,211
5667,25
5668,12
5669,0
5670,78
5671,79
5672,22
5673,66
5674,188
5675,7
5676,191
5677,294
5678,0
5679,1
5680,40
5681,35
5682,226
5683,69
5684,47
5685,83
5686,0
5687,24
5688,0
5689,87
5690,783
5691,330
5692,208
5693,330
5694,0
5695,646
5696,191
5697,299
5698,211
5699,0
5700,247
5701,31
5702,7
5703,0
5704,348
5705,27
5706,725
5707,4
5708,2
5709,13
5710,7
5711,60
5712,17
5713,115
5714,371
5715,14
5716,333
5717,158
5718,105
5719,14
5720,181
5721,65
5722,1
5723,10
5724,4
5725,26
5726,27
5727,309
5728,91
5729,0
5730,234
5731,245
5732,687
5733,301
5734,10
5735,1
5736,696
5737,92
5738,349
5739,47
5740,208
5741,22
5742,0
5743,26
5744,291
5745,441
5746,11
5747,6
5748,2
5749,116
5750,192
5751,0
5752,12
5753,16
5754,43
5755,39
5756,0
5757,12
5758,146
5759,604
5760,227
5761,53
5762,80
5763,107
5764,262
5765,163
5766,23
5767,8
5768,10
5769,49
5770,25
5771,532
5772,15
5773,0
5774,16
5775,155
5776,760
5777,54
5778,3
5779,1
5780,71
5781,3
5782,502
5783,1
5784,108
5785,2
5786,26
5787,661
5788,0
5789,125
5790,22
5791,10
5792,28
5793,114
5794,24
5795,100
5796,108
5797,6
5798,33
5799,131
5800,21
5801,257
5802,0
5803,20
5804,21
5805,0
5806,0
5807,58
5808,250
5809,229
5810,65
5811,187
5812,0
5813,814
5814,1
5815,8
5816,15
5817,562
5818,114
5819,87
5820,4
5821,81
5822,0
5823,205
5824,5
5825,371
5826,260
5827,64
5828,120
5829,56
5830,7
5831,0
5832,523
5833,9
5834,0
5835,401
5836,75
5837,603
5838,0
5839,9
5840,10
5841,0
5842,94
5843,235
5844,37
5845,19
5846,2
5847,1
5848,1
5849,0
5850,0
5851,765
5852,22
5853,175
5854,58
5855,14
5856,0
5857,221
5858,208
5859,183
5860,3
5861,672
5862,670
5863,105
5864,13
5865,12
5866,12
5867,359
5868,521
5869,145
5870,185
5871,51
5872,0
5873,140
5874,308
5875,1
5876,107
5877,0
5878,718
5879,1
5880,3
5881,0
5882,0
5883,138
5884,38
5885,0
5886,257
5887,10
5888,6
5889,8
5890,770
5891,9
5892,14
5893,188
5894,275
5895,0
5896,0
5897,839
5898,77
5899,0
5900,194
5901,107
5902,2
5903,13
5904,63
5905,688
5906,218
5907,1
5908,325
5909,153
5910,29
5911,23
5912,15
5913,2
5914,18
5915,62
5916,7
5917,0
5918,281
5919,18
5920,7
5921,37
5922,692
5923,0
5924,292
5925,486
5926,246
5927,75
5928,32
5929,163
5930,0
5931,50
5932,164
5933,13
5934,15
5935,0
5936,18
5937,133
5938,257
5939,144
5940,0
5941,52
5942,404
5943,0
5944,509
5945,694
5946,4
5947,414
5948,582
5949,391
5950,2
5951,3
5952,235
5953,301
5954,169
5955,74
5956,64
5957,260
5958,65
5959,13
5960,0
5961,418
5962,3
5963,105
5964,47
5965,12
5966,453
5967,388
5968,12
5969,20
5970,193
5971,701
5972,0
5973,0
5974,23
5975,408
5976,0
5977,76
5978,24
5979,43
5980,3
5981,0
5982,79
5983,0
5984,1
5985,6
5986,316
5987,0
5988,8
5989,0
5990,8
5991,11
5992,27
5993,237
5994,153
5995,338
5996,0
5997,0
5998,713
5999,27
6000,61
6001,153
6002,205
6003,402
6004,4
6005,505
6006,56
6007,1
6008,49
6009,0
6010,0
6011,72
6012,241
6013,49
6014,0
6015,264
6016,0
6017,0
6018,60
6019,31
6020,86
6021,113
6022,466
6023,9
6024,221
6025,83
6026,68
6027,22
6028,100
6029,5
6030,483
6031,3
6032,97
6033,1
6034,65
6035,104
6036,637
6037,28
6038,1
6039,493
6040,31
6041,65
6042,70
6043,186
6044,701
6045,141
6046,79
6047,341
6048,537
6049,750
6050,11
6051,121
6052,460
6053,501
6054,72
6055,0
6056,426
6057,16
6058,62
6059,287
6060,92
6061,5
6062,64
6063,0
6064,298
6065,1
6066,203
6067,81
6068,37
6069,4
6070,0
6071,4
6072,0
6073,4
6074,42
6075,344
6076,20
6077,37
6078,78
6079,0
6080,5
6081,132
6082,16
6083,98
6084,2
6085,0
6086,107
6087,213
6088,127
6089,49
6090,0
6091,13
6092,58
6093,1
6094,281
6095,591
6096,26
6097,151
6098,442
6099,92
6100,22
6101,471
6102,5
6103,49
6104,6
6105,324
6106,78
6107,104
6108,2
6109,7
6110,868
6111,531
6112,51
6113,408
6114,157
6115,216
6116,122
6117,600
6118,164
6119,182
6120,257
6121,496
6122,8
6123,47
6124,0
6125,1
6126,20
6127,667
6128,0
6129,47
6130,14
6131,145
6132,154
6133,2
6134,137
6135,5
6136,2
6137,13
6138,45
6139,0
6140,1
6141,133
6142,436
6143,43
6144,702
6145,0
6146,759
6147,0
6148,6
6149,334
6150,1
6151,73
6152,25
6153,262
6154,29
6155,87
6156,0
6157,8
6158,111
6159,6
6160,39
6161,3
6162,42
6163,12
6164,195
6165,44
6166,163
6167,105
6168,3
6169,498
6170,34
6171,0
6172,1
6173,198
6174,36
6175,159
6176,0
6177,237
6178,153
6179,479
6180,786
6181,487
6182,12
6183,45
6184,0
6185,215
6186,459
6187,30
6188,222
6189,1
6190,23
6191,0
6192,53
6193,10
6194,231
6195,4
6196,186
6197,257
6198,401
6199,17
6200,178
6201,0
6202,6
6203,181
6204,23
6205,29
6206,17
6207,266
6208,0
6209,0
6210,1
6211,343
6212,3
6213,322
6214,8
6215,178
6216,0
6217,237
6218,95
6219,13
6220,388
6221,461
6222,174
6223,71
6224,20
6225,834
6226,14
6227,9
6228,0
6229,105
6230,128
6231,3
6232,22
6233,0
6234,338
6235,85
6236,175
6237,155
6238,15
6239,14
6240,70
6241,540
6242,279
6243,27
6244,10
6245,166
6246,1
6247,528
6248,30
6249,106
6250,74
6251,860
6252,0
6253,765
6254,0
6255,582
6256,14
6257,99
6258,33
6259,193
6260,69
6261,116
6262,59
6263,94
6264,63
6265,185
6266,210
6267,140
6268,128
6269,1
6270,0
6271,0
6272,104
6273,26
6274,112
6275,0
6276,603
6277,116
6278,599
6279,0
6280,440
6281,1
6282,469
6283,383
6284,210
6285,2
6286,811
6287,283
6288,0
6289,76
6290,10
6291,1
6292,220
6293,4
6294,1
6295,2
6296,43
6297,13
6298,7
6299,135
6300,222
6301,151
6302,19
6303,28
6304,5
6305,1
6306,756
6307,51
6308,265
6309,283
6310,50
6311,49
6312,5
6313,8
6314,618
6315,3
6316,20
6317,0
6318,2
6319,66
6320,269
6321,12
6322,1
6323,10
6324,170
6325,468
6326,695
6327,65
6328,505
6329,7
6330,7
6331,23
6332,41
6333,136
6334,0
6335,29
6336,0
6337,5
6338,0
6339,78
6340,5
6341,384
6342,13
6343,2
6344,546
6345,218
6346,470
6347,333
6348,155
6349,338
6350,167
6351,0
6352,4
6353,21
6354,1
6355,300
6356,4
6357,162
6358,143
6359,362
6360,0
6361,485
6362,9
6363,47
6364,418
6365,387
6366,6
6367,25
6368,163
6369,3
6370,270
6371,61
6372,9
6373,24
6374,3
6375,459
6376,60
6377,54
6378,6
6379,2
6380,258
6381,220
6382,270
6383,174
6384,871
6385,122
6386,139
6387,5
6388,25
6389,60
6390,24
6391,79
6392,2
6393,0
6394,243
6395,22
6396,428
6397,77
6398,40
6399,181
6400,94
6401,0
6402,105
6403,357
6404,30
6405,214
6406,641
6407,2
6408,108
6409,346
6410,860
6411,50
6412,388
6413,2
6414,718
6415,70
6416,615
6417,1
6418,61
6419,174
6420,69
6421,761
6422,59
6423,0
6424,0
6425,203
6426,363
6427,24
6428,8
6429,153
6430,0
6431,55
6432,618
6433,76
6434,627
6435,742
6436,150
6437,0
6438,42
6439,86
6440,56
6441,28
6442,3
6443,7
6444,199
6445,447
6446,38
6447,214
6448,108
6449,150
6450,543
6451,0
6452,1
6453,279
6454,313
6455,20
6456,0
6457,380
6458,92
6459,22
6460,2
6461,198
6462,3
6463,18
6464,1
6465,252
6466,58
6467,80
6468,0
6469,32
6470,0
6471,119
6472,0
6473,2
6474,31
6475,536
6476,725
6477,0
6478,43
6479,0
6480,164
6481,0
6482,784
6483,160
6484,554
6485,288
6486,609
6487,137
6488,1
6489,289
6490,307
6491,124
6492,458
6493,42
6494,4
6495,3
6496,0
6497,271
6498,664
6499,0
6500,40
6501,7
6502,94
6503,0
6504,167
6505,8
6506,0
6507,114
6508,61
6509,127
6510,131
6511,3
6512,9
6513,19
6514,171
6515,0
6516,11
6517,643
6518,68
6519,13
6520,166
6521,756
6522,87
6523,75
6524,114
6525,0
6526,480
6527,206
6528,33
6529,0
6530,38
6531,500
6532,87
6533,78
6534,672
6535,3
6536,695
6537,97
6538,37
6539,0
6540,170
6541,665
6542,619
6543,127
6544,704
6545,20
6546,10
6547,68
6548,88
6549,464
6550,58
6551,25
6552,299
6553,69
6554,316
6555,67
6556,234
6557,176
6558,0
6559,2
6560,341
6561,607
6562,0
6563,63
6564,250
6565,87
6566,24
6567,16
6568,13
6569,637
6570,0
6571,145
6572,0
6573,223
6574,35
6575,327
6576,538
6577,9
6578,136
6579,10
6580,615
6581,7
6582,63
6583,216
6584,21
6585,52
6586,341
6587,61
6588,183
6589,201
6590,795
6591,11
6592,0
6593,153
6594,0
6595,61
6596,377
6597,292
6598,0
6599,480
6600,90
6601,275
6602,14
6603,266
6604,0
6605,7
6606,604
6607,204
6608,30
6609,320
6610,0
6611,0
6612,10
6613,74
6614,9
6615,84
6616,71
6617,630
6618,300
6619,297
6620,293
6621,59
6622,62
6623,143
6624,217
6625,50
6626,0
6627,93
6628,20
6629,27
6630,61
6631,1
6632,0
6633,92
6634,198
6635,345
6636,513
6637,327
6638,9
6639,383
6640,543
6641,288
6642,427
6643,118
6644,79
6645,272
6646,55
6647,4
6648,352
6649,533
6650,617
6651,290
6652,39
6653,0
6654,181
6655,132
6656,28
6657,227
6658,186
6659,195
6660,98
6661,5
6662,0
6663,374
6664,92
6665,736
6666,0
6667,97
6668,7
6669,98
6670,247
6671,13
6672,149
6673,54
6674,11
6675,138
6676,80
6677,6
6678,7
6679,9
6680,75
6681,25
6682,297
6683,608
6684,335
6685,65
6686,316
6687,24
6688,8
6689,14
6690,0
6691,71
6692,12
6693,160
6694,72
6695,70
6696,101
6697,71
6698,30
6699,127
6700,11
6701,140
6702,196
6703,4
6704,70
6705,850
6706,129
6707,192
6708,65
6709,2
6710,7
6711,1
6712,113
6713,7
6714,352
6715,3
6716,2
6717,0
6718,671
6719,30
6720,50
6721,90
6722,548
6723,479
6724,37
6725,190
6726,112
6727,1
6728,435
6729,1
6730,0
6731,11
6732,85
6733,86
6734,38
6735,36
6736,0
6737,0
6738,153
6739,529
6740,337
6741,1
6742,0
6743,556
6744,2
6745,48
6746,173
6747,252
6748,522
6749,224
6750,0
6751,690
6752,41
6753,123
6754,0
6755,8
6756,428
6757,9
6758,56
6759,7
6760,229
6761,0
6762,78
6763,13
6764,38
6765,34
6766,326
6767,61
6768,10
6769,85
6770,33
6771,7
6772,280
6773,0
6774,36
6775,74
6776,12
6777,86
6778,607
6779,30
6780,132
6781,293
6782,34
6783,5
6784,263
6785,97
6786,572
6787,3
6788,0
6789,591
6790,49
6791,45
6792,229
6793,226
6794,237
6795,57
6796,30
6797,29
6798,38
6799,7
6800,837
6801,470
6802,311
6803,40
6804,2
6805,0
6806,34
6807,109
6808,145
6809,1
6810,51
6811,243
6812,156
6813,159
6814,303
6815,676
6816,604
6817,6
6818,105
6819,112
6820,61
6821,0
6822,416
6823,2
6824,11
6825,290
6826,60
6827,431
6828,149
6829,0
6830,19
6831,16
6832,372
6833,7
6834,67
6835,19
6836,56
6837,113
6838,246
6839,30
6840,0
6841,629
6842,81
6843,3
6844,1
6845,0
6846,96
6847,5
6848,612
6849,0
6850,453
6851,0
6852,21
6853,558
6854,516
6855,105
6856,78
6857,84
6858,2
6859,329
6860,0
6861,123
6862,301
6863,0
6864,121
6865,320
6866,0
6867,29
6868,492
6869,5
6870,206
6871,756
6872,159
6873,22
6874,31
6875,3
6876,24
6877,784
6878,62
6879,0
6880,532
6881,0
6882,33
6883,4
6884,1
6885,625
6886,90
6887,0
6888,249
6889,718
6890,0
6891,0
6892,1
6893,61
6894,26
6895,1
6896,1
6897,71
6898,192
6899,8
6900,0
6901,0
6902,12
6903,54
6904,171
6905,0
6906,0
6907,4
6908,1
6909,23
6910,5
6911,230
6912,346
6913,91
6914,301
6915,12
6916,266
6917,14
6918,0
6919,487
6920,86
6921,677
6922,88
6923,19
6924,0
6925,13
6926,25
6927,0
6928,198
6929,13
6930,3
6931,69
6932,191
6933,1
6934,65
6935,72
6936,94
6937,150
6938,294
6939,477
6940,39
6941,70
6942,12
6943,53
6944,32
6945,522
6946,229
6947,80
6948,347
6949,164
6950,14
6951,58
6952,178
6953,711
6954,53
6955,67
6956,0
6957,10
6958,47
6959,69
6960,70
6961,0
6962,132
6963,154
6964,622
6965,0
6966,4
6967,270
6968,1
6969,5
6970,171
6971,35
6972,0
6973,59
6974,36
6975,10
6976,0
6977,673
6978,10
6979,51
6980,676
6981,6
6982,0
6983,26
6984,152
6985,400
6986,10
6987,255
6988,92
6989,0
6990,0
6991,203
6992,5
6993,412
6994,15
6995,181
6996,0
6997,1
6998,685
6999,313
7000,5
7001,184
7002,356
7003,22
7004,70
7005,0
7006,45
7007,36
7008,3
7009,209
7010,19
7011,5
7012,60
7013,410
7014,9
7015,154
7016,23
7017,4
7018,25
7019,557
7020,434
7021,2
7022,73
7023,124
7024,49
7025,50
7026,312
7027,635
7028,34
7029,3
7030,22
7031,0
7032,706
7033,5
7034,253
7035,136
7036,14
7037,193
7038,731
7039,162
7040,458
7041,318
7042,213
7043,0
7044,255
7045,54
7046,5
7047,0
7048,3
7049,0
7050,12
7051,339
7052,21
7053,2
7054,69
7055,525
7056,277
7057,725
7058,4
7059,0
7060,480
7061,0
7062,49
7063,278
7064,60
7065,4
7066,372
7067,432
7068,426
7069,527
7070,253
7071,41
7072,113
7073,230
7074,0
7075,15
7076,474
7077,30
7078,672
7079,12
7080,59
7081,24
7082,487
7083,711
7084,162
7085,21
7086,37
7087,117
7088,0
7089,623
7090,18
7091,230
7092,371
7093,95
7094,104
7095,7
7096,200
7097,0
7098,0
7099,176
7100,250
7101,89
7102,54
7103,102
7104,19
7105,1
7106,0
7107,172
7108,781
7109,553
7110,0
7111,117
7112,0
7113,141
7114,245
7115,509
7116,257
7117,409
7118,79
7119,92
7120,37
7121,186
7122,559
7123,73
7124,0
7125,133
7126,292
7127,0
7128,0
7129,7
7130,448
7131,95
7132,51
7133,125
7134,5
7135,26
7136,706
7137,18
7138,417
7139,80
7140,0
7141,559
7142,0
7143,796
7144,2
7145,12
7146,0
7147,418
7148,5
7149,198
7150,0
7151,4
7152,2
7153,5
7154,379
7155,0
7156,346
7157,481
7158,25
7159,0
7160,611
7161,108
7162,12
7163,239
7164,39
7165,95
7166,0
7167,118
7168,2
7169,355
7170,13
7171,379
7172,99
7173,134
7174,180
7175,1
7176,77
7177,168
7178,53
7179,492
7180,0
7181,863
7182,3
7183,0
7184,152
7185,98
7186,29
7187,62
7188,48
7189,588
7190,0
7191,143
7192,188
7193,0
7194,206
7195,1
7196,0
7197,3
7198,23
7199,395
7200,179
7201,21
7202,3
7203,30
7204,106
7205,0
7206,218
7207,328
7208,0
7209,529
7210,0
7211,0
7212,2
7213,15
7214,27
7215,88
7216,116
7217,2
7218,78
7219,0
7220,65
7221,90
7222,591
7223,0
7224,315
7225,124
7226,373
7227,218
7228,716
7229,577
7230,2
7231,2
7232,54
7233,33
7234,0
7235,55
7236,98
7237,400
7238,0
7239,32
7240,251
7241,73
7242,7
7243,36
7244,672
7245,0
7246,210
7247,205
7248,644
7249,200
7250,68
7251,4
7252,2
7253,288
7254,496
7255,730
7256,349
7257,308
7258,251
7259,184
7260,3
7261,34
7262,356
7263,0
7264,87
7265,15
7266,324
7267,109
7268,38
7269,443
7270,202
7271,0
7272,471
7273,735
7274,752
7275,0
7276,0
7277,4
7278,501
7279,373
7280,150
7281,101
7282,180
7283,451
7284,1
7285,225
7286,32
7287,51
7288,488
7289,1
7290,1
7291,136
7292,0
7293,82
7294,62
7295,783
7296,0
7297,72
7298,2
7299,7
7300,47
7301,171
7302,9
7303,0
7304,500
7305,0
7306,117
7307,0
7308,705
7309,4
7310,69
7311,103
7312,12
7313,297
7314,12
7315,490
7316,30
7317,81
7318,278
7319,16
7320,2
7321,346
7322,9
7323,148
7324,25
7325,0
7326,18
7327,4
7328,0
7329,37
7330,16
7331,0
7332,6
7333,3
7334,7
7335,55
7336,148
7337,24
7338,0
7339,6
7340,430
7341,2
7342,4
7343,776
7344,8
7345,36
7346,27
7347,0
7348,560
7349,266
7350,64
7351,371
7352,733
7353,514
7354,218
7355,204
7356,489
7357,17
7358,735
7359,350
7360,0
7361,7
7362,138
7363,2
7364,0
7365,636
7366,156
7367,4
7368,142
7369,515
7370,188
7371,124
7372,5
7373,167
7374,0
7375,496
7376,18
7377,0
7378,740
7379,26
7380,73
7381,71
7382,3
7383,371
7384,3
7385,0
7386,4
7387,0
7388,1
7389,9
7390,282
7391,836
7392,12
7393,373
7394,148
7395,178
7396,3
7397,114
7398,25
7399,24
7400,299
7401,291
7402,10
7403,138
7404,2
7405,610
7406,124
7407,152
7408,263
7409,332
7410,256
7411,370
7412,128
7413,2
7414,51
7415,3
7416,94
7417,149
7418,111
7419,4
7420,0
7421,0
7422,506
7423,144
7424,106
7425,22
7426,335
7427,97
7428,3
7429,284
7430,354
7431,275
7432,13
7433,164
7434,0
7435,227
7436,42
7437,0
7438,255
7439,46
7440,194
7441,42
7442,92
7443,377
7444,669
7445,184
7446,5
7447,90
7448,531
7449,12
7450,160
7451,121
7452,9
7453,648
7454,532
7455,313
7456,57
7457,62
7458,0
7459,628
7460,1
7461,0
7462,25
7463,0
7464,138
7465,12
7466,18
7467,11
7468,14
7469,117
7470,49
7471,497
7472,590
7473,304
7474,220
7475,0
7476,3
7477,114
7478,482
7479,0
7480,14
7481,70
7482,69
7483,706
7484,189
7485,5
7486,126
7487,109
7488,115
7489,0
7490,1
7491,1
7492,54
7493,510
7494,379
7495,50
7496,0
7497,173
7498,11
7499,343
7500,0
7501,591
7502,59
7503,73
7504,0
7505,500
7506,463
7507,0
7508,14
7509,1
7510,2
7511,6
7512,135
7513,0
7514,1
7515,93
7516,41
7517,0
7518,79
7519,2
7520,186
7521,582
7522,480
7523,63
7524,2
7525,355
7526,70
7527,0
7528,180
7529,71
7530,5
7531,23
7532,16
7533,604
7534,797
7535,491
7536,12
7537,45
7538,0
7539,81
7540,29
7541,17
7542,142
7543,11
7544,60
7545,0
7546,149
7547,3
7548,0
7549,289
7550,123
7551,122
7552,244
7553,417
7554,23
7555,153
7556,471
7557,206
7558,224
7559,0
7560,0
7561,108
7562,528
7563,114
7564,29
7565,15
7566,598
7567,29
7568,87
7569,116
7570,175
7571,410
7572,246
7573,0
7574,2
7575,16
7576,116
7577,156
7578,31
7579,3
7580,79
7581,27
7582,0
7583,329
7584,284
7585,308
7586,303
7587,53
7588,29
7589,0
7590,0
7591,424
7592,0
7593,1
7594,0
7595,0
7596,0
7597,269
7598,348
7599,1
7600,47
7601,395
7602,360
7603,0
7604,384
7605,502
7606,478
7607,100
7608,178
7609,55
7610,264
7611,2
7612,118
7613,237
7614,371
7615,13
7616,417
7617,30
7618,497
7619,285
7620,150
7621,401
7622,0
7623,13
7624,0
7625,156
7626,0
7627,0
7628,13
7629,51
7630,0
7631,731
7632,2
7633,195
7634,129
7635,221
7636,0
7637,379
7638,0
7639,94
7640,87
7641,41
7642,3
7643,0
7644,29
7645,7
7646,656
7647,158
7648,25
7649,99
7650,5
7651,85
7652,2
7653,203
7654,16
7655,0
7656,2
7657,182
7658,60
7659,17
7660,201
7661,146
7662,162
7663,209
7664,806
7665,60
7666,63
7667,15
7668,18
7669,0
7670,34
7671,7
7672,698
7673,0
7674,45
7675,97
7676,872
7677,775
7678,235
7679,3
7680,1
7681,404
7682,155
7683,0
7684,3
7685,8
7686,354
7687,651
7688,46
7689,326
7690,435
7691,1
7692,55
7693,10
7694,393
7695,77
7696,325
7697,564
7698,3
7699,2
7700,11
7701,13
7702,2
7703,329
7704,11
7705,7
7706,2
7707,50
7708,6
7709,375
7710,0
7711,12
7712,361
7713,84
7714,77
7715,242
7716,17
7717,32
7718,550
7719,9
7720,205
7721,17
7722,184
7723,15
7724,0
7725,0
7726,29
7727,31
7728,20
7729,497
7730,35
7731,63
7732,32
7733,0
7734,263
7735,414
7736,0
7737,81
7738,127
7739,419
7740,158
7741,671
7742,842
7743,861
7744,0
7745,185
7746,9
7747,65
7748,15
7749,79
7750,233
7751,280
7752,282
7753,75
7754,0
7755,0
7756,177
7757,815
7758,306
7759,54
7760,153
7761,783
7762,424
7763,0
7764,286
7765,0
7766,311
7767,26
7768,102
7769,422
7770,117
7771,117
7772,562
7773,0
7774,0
7775,12
7776,0
7777,0
7778,406
7779,5
7780,29
7781,0
7782,134
7783,7
7784,140
7785,123
7786,1
7787,156
7788,392
7789,314
7790,0
7791,393
7792,87
7793,170
7794,190
7795,395
7796,672
7797,210
7798,269
7799,259
7800,635
7801,47
7802,1
7803,103
7804,35
7805,2
7806,1
7807,10
7808,3
7809,230
7810,0
7811,1
7812,0
7813,249
7814,319
7815,76
7816,63
7817,8
7818,112
7819,455
7820,455
7821,346
7822,151
7823,676
7824,143
7825,3
7826,188
7827,200
7828,2
7829,1
7830,2
7831,111
7832,4
7833,11
7834,69
7835,250
7836,90
7837,391
7838,572
7839,406
7840,2
7841,491
7842,100
7843,3
7844,2
7845,3
7846,9
7847,802
7848,855
7849,292
7850,64
7851,12
7852,571
7853,0
7854,12
7855,201
7856,106
7857,0
7858,24
7859,0
7860,703
7861,5
7862,6
7863,14
7864,519
7865,606
7866,704
7867,421
7868,448
7869,428
7870,712
7871,818
7872,401
7873,2
7874,259
7875,36
7876,292
7877,61
7878,93
7879,49
7880,267
7881,230
7882,111
7883,17
7884,181
7885,14
7886,33
7887,518
7888,88
7889,22
7890,48
7891,8
7892,146
7893,12
7894,1
7895,6
7896,158
7897,46
7898,305
7899,6
7900,10
7901,2
7902,2
7903,0
7904,22
7905,0
7906,26
7907,2
7908,1
7909,302
7910,43
7911,411
7912,631
7913,39
7914,15
7915,120
7916,17
7917,25
7918,1
7919,587
7920,19
7921,431
7922,0
7923,66
7924,463
7925,38
7926,0
7927,141
7928,0
7929,4
7930,173
7931,76
7932,300
7933,0
7934,5
7935,0
7936,162
7937,331
7938,816
7939,40
7940,427
7941,256
7942,7
7943,43
7944,643
7945,191
7946,514
7947,133
7948,164
7949,365
7950,318
7951,532
7952,645
7953,29
7954,268
7955,166
7956,538
7957,787
7958,853
7959,831
7960,504
7961,7
7962,494
7963,0
7964,53
7965,120
7966,20
7967,559
7968,0
7969,718
7970,39
7971,9
7972,28
7973,3
7974,1
7975,25
7976,257
7977,31
7978,0
7979,0
7980,33
7981,26
7982,444
7983,35
7984,11
7985,135
7986,305
7987,90
7988,16
7989,120
7990,54
7991,508
7992,1
7993,15
7994,63
7995,23
7996,574
7997,46
7998,109
7999,86
8000,36
8001,58
8002,18
8003,6
8004,174
8005,265
8006,17
8007,0
8008,44
8009,172
8010,584
8011,7
8012,6
8013,8
8014,78
8015,322
8016,226
8017,2
8018,2
8019,1
8020,686
8021,395
8022,475
8023,0
8024,164
8025,0
8026,28
8027,34
8028,217
8029,173
8030,521
8031,197
8032,7
8033,19
8034,431
8035,140
8036,747
8037,317
8038,17
8039,23
8040,123
8041,0
8042,12
8043,0
8044,439
8045,621
8046,207
8047,1
8048,640
8049,189
8050,13
8051,1
8052,1
8053,206
8054,863
8055,77
8056,11
8057,281
8058,841
8059,3
8060,244
8061,96
8062,3
8063,4
8064,159
8065,27
8066,0
8067,0
8068,91
8069,506
8070,93
8071,212
8072,14
8073,24
8074,391
8075,2
8076,6
8077,0
8078,0
8079,2
8080,0
8081,147
8082,6
8083,156
8084,593
8085,683
8086,0
8087,0
8088,46
8089,0
8090,657
8091,29
8092,100
8093,285
8094,158
8095,598
8096,440
8097,431
8098,132
8099,72
8100,331
8101,66
8102,13
8103,0
8104,188
8105,322
8106,448
8107,57
8108,0
8109,15
8110,278
8111,732
8112,552
8113,315
8114,215
8115,451
8116,88
8117,1
8118,48
8119,718
8120,179
8121,216
8122,337
8123,405
8124,470
8125,5
8126,19
8127,100
8128,516
8129,541
8130,129
8131,148
8132,157
8133,115
8134,20
8135,155
8136,20
8137,235
8138,49
8139,1
8140,135
8141,294
8142,289
8143,231
8144,54
8145,212
8146,0
8147,2
8148,3
8149,265
8150,480
8151,440
8152,770
8153,10
8154,42
8155,2
8156,376
8157,0
8158,394
8159,60
8160,16
8161,21
8162,70
8163,1
8164,216
8165,9
8166,772
8167,384
8168,14
8169,63
8170,53
8171,371
8172,122
8173,341
8174,14
8175,57
8176,0
8177,10
8178,1
8179,221
8180,501
8181,476
8182,343
8183,769
8184,703
8185,159
8186,103
8187,112
8188,873
8189,583
8190,284
8191,473
8192,163
8193,247
8194,231
8195,6
8196,477
8197,346
8198,42
8199,5
8200,36
8201,628
8202,437
8203,24
8204,105
8205,70
8206,63
8207,369
8208,35
8209,171
8210,304
8211,29
8212,1
8213,2
8214,145
8215,536
8216,36
8217,0
8218,20
8219,49
8220,461
8221,767
8222,653
8223,774
8224,825
8225,14
8226,116
8227,789
8228,0
8229,3
8230,3
8231,94
8232,0
8233,302
8234,122
8235,64
8236,557
8237,4
8238,429
8239,733
8240,570
8241,380
8242,268
8243,854
8244,0
8245,682
8246,532
8247,42
8248,359
8249,102
8250,52
8251,2
8252,10
8253,551
8254,135
8255,726
8256,406
8257,84
8258,8
8259,1
8260,456
8261,11
8262,17
8263,11
8264,14
8265,238
8266,262
8267,17
8268,90
8269,794
8270,203
8271,355
8272,1
8273,18
8274,10
8275,190
8276,808
8277,365
8278,543
8279,495
8280,700
8281,26
8282,0
8283,0
8284,191
8285,0
8286,120
8287,9
8288,36
8289,19
8290,298
8291,8
8292,654
8293,410
8294,9
8295,37
8296,655
8297,39
8298,16
8299,34
8300,1
8301,1
8302,0
8303,0
8304,4
8305,123
8306,688
8307,277
8308,26
8309,0
8310,585
8311,797
8312,365
8313,575
8314,121
8315,399
8316,373
8317,12
8318,857
8319,292
8320,50
8321,20
8322,34
8323,507
8324,548
8325,240
8326,8
8327,3
8328,142
8329,16
8330,30
8331,0
8332,135
8333,99
8334,12
8335,124
8336,47
8337,407
8338,274
8339,478
8340,89
8341,186
8342,28
8343,116
8344,492
8345,344
8346,66
8347,277
8348,89
8349,10
8350,302
8351,411
8352,549
8353,0
8354,30
8355,262
8356,39
8357,0
8358,21
8359,4
8360,15
8361,73
8362,363
8363,17
8364,242
8365,224
8366,578
8367,762
8368,419
8369,85
8370,341
8371,458
8372,374
8373,415
8374,184
8375,111
8376,61
8377,35
8378,0
8379,0
8380,20
8381,8
8382,216
8383,9
8384,2
8385,0
8386,423
8387,460
8388,227
8389,465
8390,0
8391,0
8392,60
8393,0
8394,321
8395,486
8396,29
8397,180
8398,23
8399,80
8400,18
8401,69
8402,5
8403,197
8404,509
8405,2
8406,79
8407,4
8408,0
8409,0
8410,644
8411,608
8412,8
8413,52
8414,527
8415,83
8416,1
8417,4
8418,444
8419,0
8420,488
8421,14
8422,45
8423,310
8424,844
8425,505
8426,115
8427,355
8428,569
8429,173
8430,334
8431,59
8432,268
8433,0
8434,466
8435,330
8436,127
8437,673
8438,18
8439,78
8440,26
8441,30
8442,176
8443,294
8444,16
8445,440
8446,501
8447,421
8448,220
8449,4
8450,271
8451,54
8452,125
8453,5
8454,121
8455,1
8456,0
8457,0
8458,194
8459,5
8460,117
8461,337
8462,231
8463,30
8464,0
8465,59
8466,351
8467,75
8468,3
8469,43
8470,656
8471,335
8472,65
8473,15
8474,382
8475,201
8476,47
8477,691
8478,0
8479,227
8480,31
8481,249
8482,2
8483,51
8484,229
8485,5
8486,3
8487,168
8488,28
8489,0
8490,201
8491,127
8492,569
8493,168
8494,142
8495,179
8496,103
8497,0
8498,1
8499,633
8500,25
8501,13
8502,2
8503,39
8504,137
8505,235
8506,428
8507,11
8508,494
8509,799
8510,822
8511,837
8512,505
8513,0
8514,0
8515,29
8516,11
8517,42
8518,474
8519,481
8520,506
8521,308
8522,8
8523,540
8524,825
8525,17
8526,77
8527,0
8528,0
8529,0
8530,235
8531,14
8532,820
8533,115
8534,524
8535,370
8536,20
8537,170
8538,126
8539,5
8540,0
8541,24
8542,14
8543,169
8544,32
8545,81
8546,339
8547,27
8548,5
8549,119
8550,4
8551,760
8552,338
8553,713
8554,115
8555,0
8556,187
8557,186
8558,567
8559,11
8560,213
8561,441
8562,370
8563,660
8564,144
8565,300
8566,66
8567,227
8568,755
8569,0
8570,5
8571,3
8572,36
8573,3
8574,0
8575,517
8576,5
8577,18
8578,145
8579,148
8580,309
8581,7
8582,11
8583,561
8584,0
8585,402
8586,147
8587,734
8588,8
8589,118
8590,0
8591,2
8592,11
8593,146
8594,501
8595,139
8596,1
8597,796
8598,828
8599,162
8600,0
8601,1
8602,73
8603,76
8604,683
8605,4
8606,27
8607,0
8608,2
8609,611
8610,60
8611,4
8612,8
8613,315
8614,2
8615,231
8616,247
8617,740
8618,851
8619,851
8620,0
8621,79
8622,0
8623,493
8624,2
8625,75
8626,26
8627,0
8628,57
8629,12
8630,410
8631,146
8632,457
8633,261
8634,177
8635,200
8636,6
8637,9
8638,109
8639,0
8640,187
8641,142
8642,206
8643,21
8644,384
8645,58
8646,2
8647,0
8648,421
8649,137
8650,772
8651,683
8652,872
8653,30
8654,140
8655,87
8656,93
8657,266
8658,13
8659,24
8660,9
8661,0
8662,9
8663,111
8664,123
8665,81
8666,378
8667,657
8668,94
8669,343
8670,17
8671,783
8672,759
8673,764
8674,0
8675,141
8676,227
8677,361
8678,290
8679,0
8680,41
8681,0
8682,99
8683,454
8684,747
8685,29
8686,253
8687,158
8688,2
8689,148
8690,9
8691,262
8692,143
8693,393
8694,462
8695,17
8696,37
8697,55
8698,1
8699,576
8700,0
8701,28
8702,29
8703,20
8704,29
8705,234
8706,104
8707,641
8708,356
8709,753
8710,140
8711,521
8712,265
8713,88
8714,22
8715,152
8716,123
8717,478
8718,247
8719,336
8720,563
8721,347
8722,504
8723,0
8724,136
8725,18
8726,214
8727,69
8728,177
8729,31
8730,6
8731,1
8732,27
8733,18
8734,36
8735,497
8736,73
8737,392
8738,657
8739,116
8740,235
8741,785
8742,89
8743,628
8744,239
8745,153
8746,101
8747,9
8748,745
8749,769
8750,26
8751,383
8752,196
8753,33
8754,1
8755,85
8756,0
8757,0
8758,565
8759,539
8760,122
8761,873
8762,200
8763,363
8764,225
8765,0
8766,0
8767,30
8768,0
8769,11
8770,0
8771,0
8772,65
8773,454
8774,1
8775,9
8776,833
8777,744
8778,834
8779,81
8780,557
8781,753
8782,564
8783,868
8784,529
8785,751
8786,614
8787,154
8788,35
8789,18
8790,0
8791,0
8792,16
8793,8
8794,55
8795,248
8796,100
8797,25
8798,539
8799,629
8800,93
8801,235
8802,540
8803,35
8804,615
8805,159
8806,309
8807,0
8808,380
8809,252
8810,58
8811,444
8812,0
8813,0
8814,678
8815,73
8816,31
8817,35
8818,77
8819,473
8820,18
8821,0
8822,146
8823,10
8824,23
8825,402
8826,572
8827,97
8828,4
8829,131
8830,234
8831,374
8832,517
8833,51
8834,3
8835,44
8836,229
8837,66
8838,161
8839,57
8840,668
8841,374
8842,780
8843,817
8844,745
8845,22
8846,17
8847,171
8848,108
8849,13
8850,14
8851,635
8852,146
8853,17
8854,279
8855,33
8856,786
8857,0
8858,693
8859,601
8860,5
8861,0
8862,0
8863,89
8864,0
8865,223
8866,73
8867,233
8868,414
8869,0
8870,97
8871,234
8872,6
8873,0
8874,0
8875,729
8876,53
8877,0
8878,0
8879,31
8880,0
8881,867
8882,459
8883,535
8884,0
8885,601
8886,258
8887,39
8888,425
8889,268
8890,61
8891,267
8892,37
8893,141
8894,19
8895,678
8896,9
8897,480
8898,0
8899,3
8900,89
8901,19
8902,726
8903,65
8904,585
8905,12
8906,3
8907,0
8908,84
8909,50
8910,52
8911,92
8912,439
8913,103
8914,835
8915,517
8916,195
8917,498
8918,37
8919,109
8920,332
8921,84
8922,1
8923,40
8924,157
8925,18
8926,4
8927,0
8928,0
8929,0
8930,0
8931,0
8932,176
8933,225
8934,26
8935,168
8936,794
8937,54
8938,22
8939,142
8940,0
8941,819
8942,76
8943,799
8944,64
8945,0
8946,349
8947,232
8948,273
8949,205
8950,7
8951,157
8952,268
8953,240
8954,682
8955,19
8956,44
8957,856
8958,0
8959,43
8960,55
8961,4
8962,341
8963,1
8964,516
8965,35
8966,632
8967,35
8968,18
8969,490
8970,242
8971,53
8972,682
8973,128
8974,173
8975,24
8976,156
8977,1
8978,89
8979,98
8980,0
8981,7
8982,323
8983,0
8984,8
8985,0
8986,2
8987,367
8988,54
8989,328
8990,0
8991,99
8992,671
8993,8
8994,38
8995,413
8996,4
8997,220
8998,457
8999,10
9000,1
9001,408
9002,433
9003,115
9004,0
9005,640
9006,367
9007,10
9008,91
9009,183
9010,137
9011,1
9012,23
9013,239
9014,405
9015,133
9016,35
9017,1
9018,43
9019,412
9020,44
9021,322
9022,19
9023,9
9024,502
9025,330
9026,1
9027,0
9028,119
9029,248
9030,260
9031,165
9032,2
9033,6
9034,3
9035,42
9036,594
9037,18
9038,19
9039,206
9040,28
9041,193
9042,0
9043,175
9044,11
9045,91
9046,0
9047,0
9048,64
9049,6
9050,30
9051,158
9052,127
9053,271
9054,5
9055,551
9056,365
9057,98
9058,80
9059,208
9060,0
9061,44
9062,0
9063,166
9064,278
9065,644
9066,177
9067,855
9068,493
9069,0
9070,53
9071,75
9072,34
9073,411
9074,0
9075,4
9076,8
9077,1
9078,540
9079,6
9080,0
9081,314
9082,0
9083,24
9084,2
9085,182
9086,23
9087,59
9088,19
9089,627
9090,94
9091,97
9092,1
9093,32
9094,516
9095,411
9096,465
9097,0
9098,228
9099,3
9100,788
9101,269
9102,0
9103,0
9104,32
9105,141
9106,5
9107,28
9108,550
9109,0
9110,3
9111,157
9112,358
9113,52
9114,10
9115,0
9116,813
9117,223
9118,0
9119,9
9120,506
9121,352
9122,28
9123,28
9124,71
9125,358
9126,9
9127,8
9128,188
9129,11
9130,15
9131,7
9132,370
9133,1
9134,671
9135,163
9136,9
9137,93
9138,135
9139,69
9140,0
9141,200
9142,331
9143,83
9144,659
9145,243
9146,84
9147,209
9148,0
9149,76
9150,75
9151,4
9152,0
9153,221
9154,139
9155,243
9156,38
9157,83
9158,0
9159,401
9160,259
9161,161
9162,4
9163,275
9164,38
9165,688
9166,688
9167,435
9168,196
9169,112
9170,10
9171,260
9172,44
9173,1
9174,149
9175,53
9176,9
9177,199
9178,30
9179,20
9180,39
9181,1
9182,243
9183,10
9184,742
9185,97
9186,175
9187,0
9188,0
9189,19
9190,381
9191,52
9192,694
9193,47
9194,644
9195,52
9196,369
9197,548
9198,210
9199,175
9200,105
9201,47
9202,196
9203,212
9204,651
9205,0
9206,9
9207,31
9208,19
9209,76
9210,207
9211,60
9212,4
9213,1
9214,23
9215,9
9216,276
9217,12
9218,334
9219,0
9220,23
9221,211
9222,3
9223,594
9224,50
9225,338
9226,781
9227,437
9228,13
9229,46
9230,39
9231,352
9232,461
9233,8
9234,135
9235,86
9236,303
9237,116
9238,26
9239,3
9240,190
9241,116
9242,37
9243,0
9244,6
9245,74
9246,44
9247,337
9248,108
9249,2
9250,195
9251,0
9252,11
9253,132
9254,179
9255,5
9256,483
9257,4
9258,364
9259,0
9260,296
9261,17
9262,1
9263,16
9264,170
9265,268
9266,68
9267,0
9268,0
9269,0
9270,0
9271,62
9272,121
9273,537
9274,197
9275,0
9276,658
9277,8
9278,666
9279,0
9280,22
9281,18
9282,15
9283,53
9284,257
9285,110
9286,11
9287,455
9288,205
9289,177
9290,0
9291,367
9292,4
9293,310
9294,27
9295,38
9296,440
9297,13
9298,70
9299,735
9300,355
9301,82
9302,173
9303,20
9304,118
9305,248
9306,65
9307,4
9308,12
9309,21
9310,101
9311,21
9312,1
9313,0
9314,447
9315,17
9316,248
9317,1
9318,69
9319,57
9320,106
9321,788
9322,145
9323,7
9324,49
9325,241
9326,0
9327,50
9328,38
9329,126
9330,3
9331,55
9332,202
9333,55
9334,330
9335,571
9336,807
9337,456
9338,6
9339,68
9340,0
9341,25
9342,199
9343,339
9344,2
9345,17
9346,662
9347,0
9348,0
9349,64
9350,2
9351,369
9352,133
9353,37
9354,214
9355,168
9356,554
9357,0
9358,3
9359,3
9360,80
9361,64
9362,16
9363,0
9364,0
9365,649
9366,213
9367,0
9368,577
9369,52
9370,166
9371,292
9372,45
9373,320
9374,826
9375,584
9376,1
9377,11
9378,0
9379,10
9380,176
9381,0
9382,475
9383,598
9384,22
9385,225
9386,13
9387,69
9388,22
9389,70
9390,8
9391,343
9392,415
9393,0
9394,78
9395,107
9396,2
9397,0
9398,100
9399,141
9400,173
9401,558
9402,91
9403,1
9404,204
9405,176
9406,481
9407,170
9408,6
9409,536
9410,25
9411,106
9412,270
9413,160
9414,10
9415,566
9416,16
9417,18
9418,251
9419,295
9420,349
9421,60
9422,0
9423,171
9424,17
9425,35
9426,0
9427,856
9428,5
9429,0
9430,0
9431,178
9432,0
9433,270
9434,48
9435,32
9436,109
9437,6
9438,630
9439,22
9440,165
9441,96
9442,2
9443,26
9444,64
9445,290
9446,268
9447,44
9448,2
9449,28
9450,267
9451,196
9452,374
9453,265
9454,2
9455,128
9456,9
9457,55
9458,24
9459,2
9460,597
9461,25
9462,658
9463,144
9464,0
9465,584
9466,365
9467,88
9468,838
9469,1
9470,308
9471,303
9472,71
9473,134
9474,651
9475,64
9476,167
9477,72
9478,86
9479,199
9480,19
9481,702
9482,486
9483,162
9484,1
9485,70
9486,244
9487,173
9488,4
9489,60
9490,382
9491,643
9492,75
9493,39
9494,0
9495,54
9496,640
9497,46
9498,4
9499,44
9500,110
9501,0
9502,711
9503,345
9504,677
9505,409
9506,17
9507,78
9508,356
9509,587
9510,1
9511,24
9512,144
9513,10
9514,6
9515,82
9516,430
9517,13
9518,22
9519,10
9520,2
9521,0
9522,1
9523,276
9524,227
9525,31
9526,0
9527,582
9528,64
9529,20
9530,4
9531,152
9532,475
9533,0
9534,17
9535,7
9536,62
9537,1
9538,91
9539,817
9540,0
9541,10
9542,0
9543,23
9544,19
9545,24
9546,102
9547,238
9548,138
9549,9
9550,461
9551,367
9552,734
9553,0
9554,88
9555,1
9556,244
9557,8
9558,98
9559,67
9560,67
9561,43
9562,20
9563,649
9564,162
9565,107
9566,229
9567,132
9568,15
9569,0
9570,104
9571,250
9572,1
9573,26
9574,477
9575,0
9576,138
9577,0
9578,25
9579,60
9580,549
9581,280
9582,99
9583,93
9584,190
9585,142
9586,258
9587,383
9588,254
9589,2
9590,0
9591,0
9592,14
9593,30
9594,5
9595,298
9596,160
9597,763
9598,1
9599,46
9600,13
9601,430
9602,0
9603,688
9604,341
9605,0
9606,0
9607,342
9608,10
9609,156
9610,72
9611,195
9612,321
9613,140
9614,133
9615,4
9616,154
9617,117
9618,293
9619,37
9620,68
9621,316
9622,48
9623,1
9624,258
9625,0
9626,108
9627,2
9628,473
9629,15
9630,203
9631,43
9632,297
9633,38
9634,0
9635,103
9636,135
9637,334
9638,564
9639,42
9640,38
9641,10
9642,44
9643,394
9644,133
9645,0
9646,661
9647,0
9648,534
9649,120
9650,19
9651,81
9652,294
9653,746
9654,12
9655,47
9656,0
9657,291
9658,4
9659,242
9660,0
9661,87
9662,83
9663,0
9664,171
9665,80
9666,374
9667,1
9668,31
9669,72
9670,10
9671,339
9672,0
9673,3
9674,5
9675,14
9676,23
9677,4
9678,16
9679,8
9680,274
9681,175
9682,52
9683,383
9684,202
9685,22
9686,547
9687,8
9688,0
9689,36
9690,101
9691,75
9692,167
9693,210
9694,21
9695,19
9696,1
9697,60
9698,34
9699,6
9700,66
9701,42
9702,3
9703,227
9704,296
9705,115
9706,12
9707,41
9708,546
9709,0
9710,135
9711,447
9712,34
9713,12
9714,89
9715,1
9716,128
9717,0
9718,14
9719,47
9720,2
9721,345
9722,46
9723,25
9724,0
9725,14
9726,41
9727,125
9728,86
9729,218
9730,33
9731,32
9732,25
9733,1
9734,4
9735,38
9736,124
9737,20
9738,22
9739,54
9740,33
9741,2
9742,57
9743,3
9744,20
9745,0
9746,524
9747,288
9748,17
9749,351
9750,305
9751,272
9752,84
9753,327
9754,22
9755,0
9756,0
9757,459
9758,0
9759,0
9760,167
9761,319
9762,54
9763,51
9764,27
9765,65
9766,15
9767,3
9768,44
9769,431
9770,235
9771,4
9772,30
9773,1
9774,152
9775,9
9776,314
9777,1
9778,104
9779,7
9780,52
9781,26
9782,24
9783,172
9784,71
9785,6
9786,342
9787,6
9788,30
9789,0
9790,3
9791,108
9792,2
9793,57
9794,687
9795,12
9796,0
9797,305
9798,8
9799,0
9800,270
9801,61
9802,0
9803,0
9804,131
9805,8
9806,0
9807,55
9808,750
9809,68
9810,46
9811,134
9812,119
9813,59
9814,256
9815,16
9816,55
9817,18
9818,98
9819,96
9820,613
9821,8
9822,3
9823,110
9824,8
9825,206
9826,11
9827,35
9828,558
9829,0
9830,14
9831,359
9832,25
9833,9
9834,13
9835,27
9836,157
9837,87
9838,0
9839,252
9840,252
9841,148
9842,0
9843,3
9844,115
9845,594
9846,27
9847,225
9848,0
9849,125
9850,430
9851,3
9852,5
9853,20
9854,22
9855,437
9856,148
9857,238
9858,121
9859,8
9860,444
9861,74
9862,46
9863,721
9864,316
9865,439
9866,86
9867,245
9868,305
9869,79
9870,93
9871,615
9872,18
9873,474
9874,239
9875,0
9876,82
9877,109
9878,748
9879,336
9880,438
9881,25
9882,1
9883,34
9884,46
9885,0
9886,241
9887,185
9888,229
9889,55
9890,442
9891,22
9892,8
9893,25
9894,400
9895,142
9896,41
9897,71
9898,0
9899,25
9900,308
9901,23
9902,245
9903,0
9904,2
9905,11
9906,74
9907,315
9908,94
9909,10
9910,0
9911,28
9912,0
9913,138
9914,411
9915,673
9916,178
9917,123
9918,0
9919,0
9920,38
9921,289
9922,828
9923,5
9924,0
9925,0
9926,39
9927,87
9928,0
9929,493
9930,0
9931,5
9932,228
9933,0
9934,186
9935,0
9936,265
9937,572
9938,19
9939,207
9940,9
9941,3
9942,66
9943,307
9944,38
9945,41
9946,0
9947,1
9948,67
9949,147
9950,510
9951,376
9952,77
9953,88
9954,130
9955,47
9956,23
9957,415
9958,1
9959,235
9960,751
9961,0
9962,780
9963,83
9964,200
9965,350
9966,758
9967,491
9968,34
9969,700
9970,104
9971,430
9972,14
9973,85
9974,312
9975,41
9976,32
9977,12
9978,82
9979,18
9980,4
9981,25
9982,61
9983,6
9984,79
9985,22
9986,0
9987,0
9988,430
9989,0
9990,432
9991,127
9992,26
9993,76
9994,388
9995,412
9996,2
9997,126
9998,340
9999,0
10000,16
10001,11
10002,71
10003,2
10004,1
10005,2
10006,68
10007,19
10008,290
10009,303
10010,4
10011,560
10012,84
10013,94
10014,290
10015,670
10016,136
10017,198
10018,0
10019,810
10020,6
10021,275
10022,3
10023,44
10024,1
10025,22
10026,61
10027,95
10028,59
10029,3
10030,0
10031,1
10032,570
10033,498
10034,1
10035,0
10036,156
10037,35
10038,0
10039,80
10040,250
10041,10
10042,113
10043,114
10044,98
10045,706
10046,19
10047,146
10048,40
10049,56
10050,14
10051,17
10052,358
10053,122
10054,110
10055,156
10056,478
10057,448
10058,219
10059,66
10060,78
10061,199
10062,254
10063,54
10064,26
10065,74
10066,85
10067,13
10068,57
10069,5
10070,0
10071,6
10072,2
10073,521
10074,67
10075,1
10076,696
10077,29
10078,85
10079,27
10080,223
10081,5
10082,564
10083,191
10084,35
10085,4
10086,17
10087,123
10088,7
10089,138
10090,397
10091,17
10092,134
10093,0
10094,648
10095,3
10096,56
10097,173
10098,165
10099,368
10100,40
10101,98
10102,571
10103,85
10104,484
10105,257
10106,12
10107,78
10108,178
10109,147
10110,50
10111,8
10112,55
10113,0
10114,83
10115,222
10116,1
10117,123
10118,25
10119,82
10120,324
10121,205
10122,53
10123,0
10124,822
10125,21
10126,58
10127,839
10128,252
10129,81
10130,36
10131,155
10132,433
10133,132
10134,77
10135,3
10136,221
10137,367
10138,292
10139,57
10140,730
10141,71
10142,14
10143,4
10144,648
10145,37
10146,198
10147,561
10148,192
10149,13
10150,23
10151,9
10152,2
10153,825
10154,699
10155,834
10156,261
10157,21
10158,135
10159,0
10160,243
10161,416
10162,50
10163,65
10164,2
10165,297
10166,36
10167,530
10168,337
10169,8
10170,26
10171,51
10172,2
10173,19
10174,721
10175,1
10176,83
10177,47
10178,82
10179,665
10180,336
10181,1
10182,47
10183,470
10184,16
10185,3
10186,131
10187,4
10188,73
10189,0
10190,55
10191,0
10192,537
10193,7
10194,21
10195,305
10196,3
10197,377
10198,568
10199,4
10200,171
10201,0
10202,0
10203,37
10204,115
10205,692
10206,54
10207,18
10208,7
10209,30
10210,94
10211,343
10212,550
10213,16
10214,322
10215,56
10216,1
10217,0
10218,20
10219,12
10220,235
10221,0
10222,0
10223,29
10224,228
10225,22
10226,522
10227,8
10228,3
10229,48
10230,104
10231,82
10232,247
10233,3
10234,8
10235,2
10236,288
10237,98
10238,1
10239,322
10240,485
10241,0
10242,91
10243,34
10244,3
10245,85
10246,557
10247,67
10248,20
10249,0
10250,2
10251,83
10252,0
10253,83
10254,5
10255,32
10256,27
10257,30
10258,0
10259,130
10260,29
10261,0
10262,40
10263,346
10264,718
10265,12
10266,233
10267,5
10268,46
10269,766
10270,156
10271,442
10272,13
10273,400
10274,97
10275,188
10276,48
10277,512
10278,780
10279,4
10280,633
10281,55
10282,6
10283,0
10284,199
10285,3
10286,17
10287,703
10288,138
10289,29
10290,136
10291,70
10292,0
10293,400
10294,0
10295,119
10296,543
10297,78
10298,450
10299,67
10300,861
10301,14
10302,40
10303,38
10304,699
10305,195
10306,256
10307,133
10308,301
10309,0
10310,0
10311,13
10312,0
10313,151
10314,33
10315,26
10316,30
10317,45
10318,281
10319,236
10320,132
10321,640
10322,0
10323,24
10324,417
10325,702
10326,200
10327,26
10328,1
10329,153
10330,312
10331,1
10332,3
10333,37
10334,0
10335,64
10336,227
10337,649
10338,0
10339,185
10340,204
10341,98
10342,428
10343,308
10344,15
10345,21
10346,357
10347,61
10348,237
10349,102
10350,0
10351,1
10352,156
10353,34
10354,48
10355,198
10356,574
10357,302
10358,62
10359,98
10360,496
10361,43
10362,50
10363,101
10364,0
10365,51
10366,60
10367,1
10368,812
10369,143
10370,0
10371,75
10372,151
10373,461
10374,145
10375,168
10376,211
10377,190
10378,127
10379,0
10380,0
10381,24
10382,417
10383,253
10384,316
10385,173
10386,3
10387,3
10388,0
10389,158
10390,14
10391,34
10392,1
10393,285
10394,0
10395,412
10396,4
10397,75
10398,0
10399,29
10400,387
10401,37
10402,1
10403,14
10404,72
10405,20
10406,281
10407,10
10408,0
10409,12
10410,17
10411,61
10412,681
10413,17
10414,361
10415,0
10416,238
10417,469
10418,193
10419,8
10420,2
10421,7
10422,70
10423,39
10424,459
10425,1
10426,344
10427,41
10428,0
10429,236
10430,186
10431,62
10432,1
10433,757
10434,402
10435,0
10436,4
10437,0
10438,437
10439,6
10440,462
10441,0
10442,74
10443,6
10444,755
10445,79
10446,791
10447,165
10448,286
10449,0
10450,55
10451,1
10452,741
10453,2
10454,297
10455,98
10456,199
10457,127
10458,442
10459,708
10460,71
10461,0
10462,43
10463,36
10464,340
10465,185
10466,11
10467,159
10468,5
10469,28
10470,93
10471,5
10472,603
10473,628
10474,40
10475,64
10476,231
10477,354
10478,632
10479,256
10480,252
10481,110
10482,184
10483,164
10484,138
10485,0
10486,20
10487,0
10488,187
10489,22
10490,348
10491,0
10492,2
10493,0
10494,28
10495,207
10496,0
10497,1
10498,193
10499,414
10500,55
10501,80
10502,1
10503,342
10504,72
10505,58
10506,28
10507,0
10508,0
10509,88
10510,400
10511,248
10512,554
10513,2
10514,390
10515,12
10516,0
10517,282
10518,377
10519,5
10520,0
10521,228
10522,9
10523,0
10524,511
10525,697
10526,4
10527,0
10528,2
10529,193
10530,0
10531,256
10532,546
10533,218
10534,704
10535,262
10536,47
10537,288
10538,3
10539,0
10540,177
10541,1
10542,102
10543,305
10544,0
10545,10
10546,575
10547,43
10548,13
10549,813
10550,236
10551,0
10552,443
10553,19
10554,90
10555,1
10556,0
10557,21
10558,363
10559,0
10560,60
10561,29
10562,50
10563,206
10564,9
10565,33
10566,0
10567,0
10568,45
10569,68
10570,285
10571,252
10572,207
10573,261
10574,384
10575,44
10576,208
10577,106
10578,85
10579,800
10580,95
10581,0
10582,0
10583,302
10584,140
10585,106
10586,223
10587,3
10588,4
10589,103
10590,24
10591,3
10592,0
10593,227
10594,47
10595,2
10596,73
10597,29
10598,3
10599,14
10600,8
10601,21
10602,5
10603,0
10604,0
10605,268
10606,102
10607,402
10608,25
10609,395
10610,7
10611,81
10612,13
10613,163
10614,40
10615,352
10616,55
10617,11
10618,17
10619,17
10620,235
10621,0
10622,7
10623,0
10624,87
10625,78
10626,130
10627,154
10628,0
10629,175
10630,18
10631,185
10632,29
10633,118
10634,203
10635,526
10636,37
10637,6
10638,73
10639,336
10640,8
10641,1
10642,31
10643,22
10644,94
10645,45
10646,84
10647,617
10648,0
10649,2
10650,34
10651,590
10652,310
10653,825
10654,36
10655,68
10656,4
10657,133
10658,20
10659,0
10660,8
10661,2
10662,18
10663,158
10664,540
10665,4
10666,152
10667,366
10668,142
10669,240
10670,0
10671,75
10672,235
10673,108
10674,6
10675,83
10676,8
10677,5
10678,2
10679,1
10680,271
10681,213
10682,0
10683,330
10684,2
10685,61
10686,88
10687,9
10688,6
10689,281
10690,5
10691,26
10692,336
10693,0
10694,120
10695,588
10696,109
10697,48
10698,0
10699,9
10700,0
10701,1
10702,6
10703,0
10704,102
10705,46
10706,576
10707,1
10708,140
10709,347
10710,125
10711,49
10712,1
10713,132
10714,0
10715,338
10716,10
10717,383
10718,70
10719,808
10720,448
10721,4
10722,10
10723,97
10724,0
10725,11
10726,224
10727,3
10728,406
10729,1
10730,0
10731,8
10732,443
10733,91
10734,0
10735,0
10736,111
10737,418
10738,397
10739,373
10740,408
10741,144
10742,535
10743,0
10744,391
10745,72
10746,1
10747,4
10748,4
10749,101
10750,223
10751,81
10752,106
10753,0
10754,0
10755,3
10756,500
10757,2
10758,211
10759,77
10760,6
10761,0
10762,686
10763,16
10764,221
10765,0
10766,500
10767,0
10768,390
10769,25
10770,10
10771,3
10772,114
10773,1
10774,119
10775,129
10776,1
10777,183
10778,34
10779,2
10780,575
10781,21
10782,152
10783,372
10784,0
10785,409
10786,63
10787,755
10788,728
10789,25
10790,0
10791,126
10792,422
10793,201
10794,142
10795,626
10796,33
10797,440
10798,2
10799,18
10800,615
10801,649
10802,51
10803,259
10804,0
10805,627
10806,264
10807,38
10808,172
10809,139
10810,5
10811,11
10812,611
10813,2
10814,216
10815,652
10816,48
10817,12
10818,106
10819,149
10820,300
10821,19
10822,90
10823,13
10824,120
10825,24
10826,613
10827,4
10828,617
10829,21
10830,8
10831,0
10832,13
10833,357
10834,94
10835,272
10836,34
10837,5
10838,20
10839,43
10840,0
10841,492
10842,564
10843,2
10844,570
10845,446
10846,433
10847,17
10848,1
10849,5
10850,191
10851,116
10852,124
10853,178
10854,8
10855,23
10856,310
10857,0
10858,140
10859,0
10860,35
10861,236
10862,339
10863,124
10864,258
10865,2
10866,15
10867,363
10868,446
10869,7
10870,27
10871,270
10872,511
10873,86
10874,594
10875,2
10876,0
10877,136
10878,772
10879,590
10880,1
10881,4
10882,11
10883,207
10884,8
10885,115
10886,170
10887,0
10888,811
10889,128
10890,27
10891,297
10892,698
10893,89
10894,35
10895,106
10896,412
10897,2
10898,0
10899,0
10900,246
10901,0
10902,150
10903,17
10904,175
10905,327
10906,9
10907,148
10908,5
10909,221
10910,36
10911,684
10912,270
10913,26
10914,241
10915,37
10916,164
10917,35
10918,0
10919,48
10920,62
10921,64
10922,1
10923,8
10924,603
10925,107
10926,242
10927,6
10928,5
10929,453
10930,121
10931,141
10932,345
10933,579
10934,175
10935,752
10936,611
10937,2
10938,581
10939,40
10940,49
10941,0
10942,293
10943,19
10944,339
10945,0
10946,0
10947,507
10948,0
10949,0
10950,737
10951,27
10952,145
10953,172
10954,104
10955,81
10956,55
10957,9
10958,0
10959,279
10960,809
10961,39
10962,251
10963,556
10964,0
10965,113
10966,45
10967,105
10968,571
10969,629
10970,2
10971,22
10972,40
10973,4
10974,33
10975,7
10976,30
10977,2
10978,6
10979,19
10980,249
10981,174
10982,5
10983,138
10984,1
10985,0
10986,28
10987,210
10988,1
10989,489
10990,0
10991,427
10992,45
10993,104
10994,30
10995,0
10996,165
10997,147
10998,446
10999,1
11000,752
11001,2
11002,241
11003,212
11004,373
11005,22
11006,25
11007,42
11008,459
11009,37
11010,15
11011,55
11012,195
11013,0
11014,389
11015,65
11016,345
11017,17
11018,7
11019,13
11020,315
11021,0
11022,410
11023,58
11024,11
11025,38
11026,30
11027,0
11028,0
11029,415
11030,47
11031,0
11032,195
11033,82
11034,165
11035,3
11036,122
11037,0
11038,7
11039,508
11040,8
11041,253
11042,0
11043,44
11044,2
11045,40
11046,0
11047,0
11048,18
11049,237
11050,575
11051,1
11052,6
11053,298
11054,3
11055,645
11056,3
11057,620
11058,112
11059,9
11060,700
11061,1
11062,41
11063,98
11064,762
11065,172
11066,171
11067,9
11068,400
11069,158
11070,38
11071,63
11072,705
11073,555
11074,1
11075,40
11076,17
11077,4
11078,60
11079,59
11080,40
11081,22
11082,0
11083,111
11084,0
11085,4
11086,53
11087,26
11088,0
11089,370
11090,41
11091,0
11092,61
11093,10
11094,42
11095,362
11096,3
11097,87
11098,25
11099,0
11100,0
11101,556
11102,318
11103,502
11104,421
11105,10
11106,131
11107,215
11108,446
11109,7
11110,159
11111,358
11112,19
11113,4
11114,1
11115,76
11116,187
11117,4
11118,23
11119,211
11120,4
11121,108
11122,229
11123,40
11124,0
11125,96
11126,17
11127,9
11128,81
11129,79
11130,460
11131,204
11132,6
11133,3
11134,0
11135,166
11136,15
11137,357
11138,455
11139,2
11140,326
11141,20
11142,112
11143,67
11144,73
11145,94
11146,115
11147,25
11148,133
11149,19
11150,148
11151,32
11152,202
11153,450
11154,204
11155,292
11156,9
11157,328
11158,623
11159,0
11160,2
11161,0
11162,18
11163,6
11164,375
11165,8
11166,8
11167,6
11168,34
11169,88
11170,347
11171,0
11172,72
11173,66
11174,23
11175,108
11176,54
11177,0
11178,264
11179,62
11180,8
11181,133
11182,1
11183,183
11184,0
11185,105
11186,83
11187,515
11188,6
11189,442
11190,26
11191,186
11192,23
11193,177
11194,148
11195,1
11196,5
11197,80
11198,146
11199,28
11200,644
11201,0
11202,106
11203,307
11204,10
11205,434
11206,22
11207,138
11208,0
11209,364
11210,0
11211,0
11212,2
11213,2
11214,864
11215,101
11216,214
11217,80
11218,2
11219,50
11220,32
11221,42
11222,13
11223,468
11224,156
11225,301
11226,87
11227,16
11228,158
11229,208
11230,467
11231,22
11232,207
11233,8
11234,61
11235,18
11236,0
11237,31
11238,121
11239,151
11240,8
11241,7
11242,202
11243,18
11244,24
11245,577
11246,154
11247,556
11248,25
11249,51
11250,0
11251,354
11252,4
11253,15
11254,2
11255,579
11256,15
11257,17
11258,37
11259,0
11260,22
11261,544
11262,478
11263,601
11264,9
11265,275
11266,40
11267,264
11268,377
11269,575
11270,349
11271,23
11272,13
11273,285
11274,0
11275,52
11276,54
11277,0
11278,26
11279,19
11280,0
11281,532
11282,3
11283,8
11284,38
11285,480
11286,51
11287,1
11288,8
11289,241
11290,0
11291,25
11292,26
11293,707
11294,70
11295,20
11296,0
11297,161
11298,61
11299,0
11300,90
11301,0
11302,4
11303,1
11304,350
11305,283
11306,2
11307,724
11308,54
11309,38
11310,162
11311,472
11312,241
11313,0
11314,9
11315,0
11316,291
11317,182
11318,12
11319,152
11320,3
11321,200
11322,377
11323,0
11324,0
11325,271
11326,93
11327,51
11328,25
11329,42
11330,67
11331,83
11332,5
11333,101
11334,10
11335,0
11336,0
11337,78
11338,0
11339,731
11340,55
11341,22
11342,28
11343,33
11344,10
11345,51
11346,31
11347,81
11348,8
11349,20
11350,225
11351,0
11352,1
11353,27
11354,292
11355,4
11356,102
11357,59
11358,207
11359,83
11360,60
11361,9
11362,3
11363,16
11364,0
11365,0
11366,15
11367,1
11368,2
11369,1
11370,35
11371,18
11372,312
11373,342
11374,18
11375,8
11376,7
11377,1
11378,3
11379,511
11380,13
11381,8
11382,585
11383,7
11384,0
11385,472
11386,104
11387,27
11388,525
11389,13
11390,0
11391,603
11392,19
11393,3
11394,0
11395,430
11396,0
11397,368
11398,177
11399,204
11400,27
11401,300
11402,0
11403,42
11404,5
11405,25
11406,239
11407,183
11408,470
11409,234
11410,1
11411,851
11412,0
11413,591
11414,5
11415,0
11416,534
11417,38
11418,98
11419,0
11420,8
11421,492
11422,69
11423,822
11424,384
11425,84
11426,35
11427,108
11428,15
11429,13
11430,175
11431,210
11432,0
11433,397
11434,0
11435,2
11436,64
11437,136
11438,498
11439,34
11440,29
11441,20
11442,5
11443,84
11444,398
11445,202
11446,55
11447,45
11448,0
11449,0
11450,291
11451,3
11452,289
11453,358
11454,439
11455,3
11456,0
11457,25
11458,0
11459,34
11460,459
11461,40
11462,144
11463,39
11464,375
11465,3
11466,3
11467,67
11468,49
11469,416
11470,5
11471,0
11472,109
11473,115
11474,520
11475,13
11476,62
11477,444
11478,75
11479,16
11480,28
11481,0
11482,0
11483,38
11484,8
11485,505
11486,1
11487,532
11488,54
11489,123
11490,0
11491,418
11492,56
11493,300
11494,8
11495,131
11496,75
11497,0
11498,3
11499,43
11500,4
11501,319
11502,0
11503,220
11504,101
11505,21
11506,261
11507,296
11508,269
11509,3
11510,173
11511,26
11512,0
11513,2
11514,257
11515,208
11516,367
11517,73
11518,117
11519,45
11520,60
11521,73
11522,4
11523,70
11524,30
11525,0
11526,1
11527,576
11528,6
11529,517
11530,24
11531,2
11532,261
11533,609
11534,282
11535,90
11536,0
11537,3
11538,55
11539,308
11540,98
11541,402
11542,4
11543,430
11544,242
11545,0
11546,498
11547,467
11548,505
11549,77
11550,0
11551,229
11552,0
11553,7
11554,164
11555,350
11556,58
11557,301
11558,0
11559,4
11560,179
11561,165
11562,8
11563,1
11564,0
11565,7
11566,14
11567,115
11568,164
11569,18
11570,67
11571,8
11572,47
11573,483
11574,82
11575,178
11576,9
11577,397
11578,17
11579,549
11580,13
11581,38
11582,131
11583,53
11584,0
11585,456
11586,0
11587,314
11588,787
11589,249
11590,33
11591,91
11592,394
11593,3
11594,219
11595,48
11596,223
11597,40
11598,103
11599,51
11600,58
11601,39
11602,3
11603,131
11604,171
11605,34
11606,32
11607,35
11608,15
11609,79
11610,0
11611,104
11612,725
11613,1
11614,91
11615,135
11616,734
11617,14
11618,33
11619,703
11620,7
11621,34
11622,42
11623,240
11624,63
11625,0
11626,26
11627,37
11628,2
11629,25
11630,0
11631,214
11632,0
11633,22
11634,14
11635,6
11636,623
11637,135
11638,288
11639,319
11640,231
11641,114
11642,8
11643,186
11644,45
11645,28
11646,2
11647,23
11648,157
11649,15
11650,171
11651,31
11652,11
11653,563
11654,0
11655,48
11656,281
11657,88
11658,307
11659,301
11660,13
11661,193
11662,122
11663,50
11664,0
11665,416
11666,144
11667,0
11668,317
11669,1
11670,204
11671,285
11672,199
11673,73
11674,53
11675,0
11676,52
11677,18
11678,1
11679,24
11680,62
11681,0
11682,858
11683,432
11684,15
11685,5
11686,90
11687,11
11688,0
11689,121
11690,472
11691,122
11692,67
11693,58
11694,2
11695,2
11696,0
11697,0
11698,48
11699,22
11700,226
11701,17
11702,39
11703,1
11704,44
11705,11
11706,42
11707,556
11708,9
11709,8
11710,706
11711,350
11712,4
11713,13
11714,0
11715,0
11716,356
11717,605
11718,98
11719,71
11720,364
11721,6
11722,75
11723,200
11724,135
11725,171
11726,34
11727,8
11728,177
11729,1
11730,408
11731,39
11732,553
11733,613
11734,177
11735,416
11736,120
11737,0
11738,46
11739,363
11740,44
11741,190
11742,9
11743,106
11744,33
11745,1
11746,0
11747,43
11748,13
11749,1
11750,642
11751,675
11752,11
11753,113
11754,409
11755,24
11756,53
11757,44
11758,64
11759,212
11760,72
11761,8
11762,71
11763,547
11764,85
11765,0
11766,111
11767,3
11768,63
11769,9
11770,93
11771,307
11772,311
11773,363
11774,19
11775,129
11776,118
11777,3
11778,0
11779,242
11780,168
11781,15
11782,823
11783,52
11784,27
11785,16
11786,548
11787,214
11788,74
11789,94
11790,313
11791,475
11792,140
11793,54
11794,37
11795,23
11796,61
11797,2
11798,45
11799,6
11800,11
11801,148
11802,649
11803,102
11804,73
11805,63
11806,323
11807,228
11808,153
11809,0
11810,425
11811,0
11812,47
11813,85
11814,106
11815,293
11816,0
11817,0
11818,480
11819,3
11820,327
11821,0
11822,107
11823,130
11824,52
11825,195
11826,23
11827,51
11828,54
11829,45
11830,0
11831,0
11832,0
11833,0
11834,470
11835,98
11836,2
11837,141
11838,1
11839,15
11840,101
11841,137
11842,0
11843,373
11844,93
11845,0
11846,11
11847,0
11848,6
11849,252
11850,87
11851,21
11852,16
11853,23
11854,179
11855,209
11856,32
11857,16
11858,11
11859,81
11860,8
11861,42
11862,0
11863,315
11864,348
11865,58
11866,36
11867,33
11868,24
11869,10
11870,6
11871,225
11872,38
11873,754
11874,36
11875,42
11876,0
11877,46
11878,2
11879,16
11880,0
11881,42
11882,0
11883,94
11884,163
11885,215
11886,412
11887,14
11888,36
11889,0
11890,7
11891,0
11892,55
11893,410
11894,5
11895,286
11896,4
11897,34
11898,12
11899,580
11900,392
11901,36
11902,77
11903,11
11904,444
11905,54
11906,257
11907,0
11908,116
11909,0
11910,139
11911,548
11912,549
11913,755
11914,2
11915,124
11916,101
11917,5
11918,175
11919,496
11920,45
11921,0
11922,21
11923,570
11924,199
11925,0
11926,186
11927,844
11928,0
11929,9
11930,4
11931,68
11932,11
11933,176
11934,115
11935,5
11936,250
11937,72
11938,151
11939,296
11940,0
11941,3
11942,0
11943,198
11944,2
11945,356
11946,301
11947,16
11948,0
11949,18
11950,30
11951,19
11952,397
11953,217
11954,262
11955,0
11956,414
11957,31
11958,254
11959,399
11960,46
11961,0
11962,0
11963,258
11964,45
11965,94
11966,267
11967,559
11968,341
11969,24
11970,327
11971,65
11972,348
11973,2
11974,64
11975,0
11976,374
11977,21
11978,167
11979,179
11980,0
11981,0
11982,0
11983,236
11984,43
11985,138
11986,65
11987,2
11988,0
11989,0
11990,364
11991,81
11992,73
11993,355
11994,0
11995,114
11996,3
11997,51
11998,505
11999,9
12000,496
12001,95
12002,56
12003,186
12004,48
12005,18
12006,37
12007,259
12008,212
12009,49
12010,432
12011,0
12012,114
12013,156
12014,852
12015,170
12016,1
12017,257
12018,68
12019,179
12020,49
12021,371
12022,14
12023,551
12024,72
12025,5
12026,1
12027,0
12028,389
12029,42
12030,0
12031,390
12032,25
12033,350
12034,28
12035,42
12036,233
12037,5
12038,0
12039,37
12040,40
12041,137
12042,130
12043,1
12044,160
12045,0
12046,566
12047,21
12048,413
12049,114
12050,349
12051,69
12052,1
12053,52
12054,69
12055,1
12056,292
12057,102
12058,12
12059,0
12060,6
12061,12
12062,13
12063,10
12064,2
12065,0
12066,8
12067,54
12068,168
12069,151
12070,75
12071,2
12072,439
12073,25
12074,114
12075,289
12076,1
12077,860
12078,112
12079,26
12080,0
12081,143
12082,90
12083,0
12084,0
12085,196
12086,39
12087,12
12088,156
12089,4
12090,2
12091,28
12092,24
12093,180
12094,0
12095,15
12096,765
12097,22
12098,169
12099,513
12100,0
12101,0
12102,3
12103,0
12104,20
12105,3
12106,15
12107,0
12108,0
12109,582
12110,151
12111,1
12112,68
12113,0
12114,300
12115,385
12116,492
12117,10
12118,719
12119,175
12120,810
12121,125
12122,0
12123,0
12124,4
12125,2
12126,306
12127,529
12128,304
12129,43
12130,0
12131,177
12132,0
12133,335
12134,7
12135,74
12136,1
12137,16
12138,55
12139,463
12140,0
12141,123
12142,322
12143,5
12144,137
12145,4
12146,6
12147,0
12148,218
12149,312
12150,501
12151,2
12152,5
12153,17
12154,2
12155,111
12156,1
12157,308
12158,47
12159,703
12160,67
12161,0
12162,33
12163,9
12164,0
12165,64
12166,173
12167,149
12168,430
12169,35
12170,72
12171,17
12172,4
12173,6
12174,40
12175,377
12176,5
12177,94
12178,271
12179,48
12180,26
12181,23
12182,55
12183,16
12184,460
12185,0
12186,17
12187,7
12188,94
12189,68
12190,13
12191,65
12192,312
12193,646
12194,24
12195,68
12196,16
12197,289
12198,11
12199,493
12200,0
12201,0
12202,96
12203,129
12204,0
12205,64
12206,211
12207,69
12208,0
12209,19
12210,115
12211,13
12212,40
12213,60
12214,10
12215,10
12216,101
12217,572
12218,19
12219,81
12220,519
12221,0
12222,19
12223,309
12224,1
12225,666
12226,133
12227,3
12228,12
12229,407
12230,18
12231,469
12232,1
12233,266
12234,6
12235,111
12236,106
12237,11
12238,110
12239,0
12240,22
12241,89
12242,149
12243,167
12244,561
12245,0
12246,35
12247,525
12248,22
12249,0
12250,1
12251,61
12252,13
12253,133
12254,0
12255,65
12256,0
12257,33
12258,11
12259,213
12260,553
12261,2
12262,136
12263,217
12264,25
12265,4
12266,5
12267,0
12268,1
12269,273
12270,173
12271,0
12272,523
12273,340
12274,96
12275,420
12276,235
12277,202
12278,6
12279,0
12280,343
12281,101
12282,1
12283,109
12284,0
12285,3
12286,504
12287,288
12288,16
12289,269
12290,107
12291,2
12292,0
12293,18
12294,8
12295,216
12296,665
12297,250
12298,14
12299,378
12300,239
12301,141
12302,77
12303,24
12304,79
12305,20
12306,79
12307,674
12308,157
12309,201
12310,1
12311,316
12312,129
12313,0
12314,7
12315,266
12316,39
12317,383
12318,68
12319,382
12320,100
12321,0
12322,0
12323,0
12324,280
12325,373
12326,286
12327,608
12328,102
12329,0
12330,0
12331,179
12332,20
12333,58
12334,612
12335,10
12336,0
12337,120
12338,15
12339,0
12340,0
12341,289
12342,546
12343,747
12344,43
12345,0
12346,229
12347,7
12348,30
12349,108
12350,1
12351,0
12352,320
12353,558
12354,6
12355,654
12356,125
12357,43
12358,78
12359,68
12360,172
12361,20
12362,2
12363,638
12364,0
12365,197
12366,75
12367,497
12368,83
12369,15
12370,28
12371,52
12372,16
12373,80
12374,155
12375,116
12376,557
12377,6
12378,8
12379,0
12380,0
12381,94
12382,145
12383,591
12384,719
12385,0
12386,0
12387,1
12388,419
12389,374
12390,153
12391,320
12392,38
12393,1
12394,171
12395,0
12396,200
12397,0
12398,75
12399,304
12400,109
12401,14
12402,41
12403,5
12404,391
12405,127
12406,30
12407,9
12408,4
12409,35
12410,9
12411,340
12412,2
12413,138
12414,146
12415,43
12416,0
12417,510
12418,10
12419,303
12420,653
12421,274
12422,361
12423,8
12424,350
12425,135
12426,0
12427,0
12428,178
12429,0
12430,136
12431,4
12432,22
12433,98
12434,187
12435,599
12436,448
12437,106
12438,97
12439,14
12440,73
12441,92
12442,58
12443,198
12444,211
12445,4
12446,267
12447,292
12448,13
12449,147
12450,14
12451,0
12452,175
12453,819
12454,90
12455,122
12456,429
12457,571
12458,107
12459,147
12460,3
12461,16
12462,402
12463,18
12464,86
12465,32
12466,234
12467,248
12468,116
12469,161
12470,4
12471,273
12472,33
12473,417
12474,0
12475,0
12476,163
12477,332
12478,50
12479,7
12480,0
12481,70
12482,5
12483,117
12484,34
12485,149
12486,7
12487,25
12488,42
12489,6
12490,756
12491,2
12492,32
12493,0
12494,227
12495,147
12496,26
12497,86
12498,18
12499,25
12500,103
12501,116
12502,5
12503,360
12504,517
12505,17
12506,57
12507,12
12508,365
12509,57
12510,224
12511,11
12512,5
12513,273
12514,34
12515,124
12516,237
12517,233
12518,4
12519,367
12520,360
12521,259
12522,3
12523,15
12524,7
12525,24
12526,97
12527,44
12528,237
12529,29
12530,314
12531,492
12532,0
12533,103
12534,0
12535,42
12536,78
12537,0
12538,6
12539,360
12540,848
12541,465
12542,34
12543,0
12544,57
12545,231
12546,392
12547,874
12548,9
12549,44
12550,364
12551,0
12552,417
12553,108
12554,6
12555,102
12556,110
12557,15
12558,0
12559,42
12560,0
12561,3
12562,0
12563,64
12564,428
12565,447
12566,3
12567,856
12568,47
12569,336
12570,133
12571,126
12572,187
12573,259
12574,38
12575,2
12576,174
12577,31
12578,215
12579,1
12580,381
12581,13
12582,272
12583,28
12584,648
12585,29
12586,11
12587,22
12588,0
12589,681
12590,1
12591,13
12592,45
12593,104
12594,0
12595,32
12596,264
12597,59
12598,6
12599,23
12600,114
12601,2
12602,49
12603,57
12604,347
12605,521
12606,0
12607,24
12608,106
12609,7
12610,289
12611,283
12612,267
12613,493
12614,0
12615,377
12616,249
12617,464
12618,14
12619,200
12620,53
12621,77
12622,13
12623,55
12624,0
12625,66
12626,26
12627,428
12628,185
12629,13
12630,4
12631,0
12632,259
12633,0
12634,30
12635,20
12636,0
12637,114
12638,686
12639,425
12640,7
12641,11
12642,2
12643,1
12644,232
12645,97
12646,27
12647,654
12648,4
12649,0
12650,3
12651,83
12652,307
12653,0
12654,0
12655,0
12656,34
12657,182
12658,59
12659,0
12660,92
12661,2
12662,13
12663,664
12664,15
12665,2
12666,78
12667,100
12668,407
12669,42
12670,48
12671,0
12672,24
12673,9
12674,15
12675,18
12676,23
12677,219
12678,0
12679,743
12680,0
12681,216
12682,3
12683,511
12684,35
12685,104
12686,77
12687,259
12688,2
12689,56
12690,3
12691,376
12692,281
12693,0
12694,107
12695,319
12696,3
12697,36
12698,141
12699,4
12700,0
12701,0
12702,54
12703,261
12704,194
12705,0
12706,0
12707,86
12708,41
12709,253
12710,805
12711,360
12712,454
12713,381
12714,470
12715,41
12716,7
12717,6
12718,2
12719,1
12720,274
12721,40
12722,13
12723,4
12724,698
12725,142
12726,481
12727,2
12728,189
12729,647
12730,392
12731,71
12732,47
12733,4
12734,0
12735,0
12736,0
12737,17
12738,124
12739,266
12740,1
12741,46
12742,105
12743,8
12744,60
12745,428
12746,12
12747,0
12748,161
12749,36
12750,39
12751,133
12752,366
12753,0
12754,25
12755,34
12756,282
12757,343
12758,850
12759,194
12760,0
12761,70
12762,463
12763,0
12764,53
12765,0
12766,321
12767,159
12768,163
12769,287
12770,110
12771,306
12772,23
12773,1
12774,13
12775,46
12776,0
12777,20
12778,37
12779,63
12780,31
12781,403
12782,36
12783,5
12784,539
12785,29
12786,355
12787,131
12788,36
12789,3
12790,432
12791,205
12792,20
12793,72
12794,7
12795,1
12796,1
12797,0
12798,4
12799,49
12800,61
12801,181
12802,201
12803,210
12804,13
12805,41
12806,78
12807,3
12808,365
12809,0
12810,19
12811,537
12812,556
12813,767
12814,479
12815,2
12816,525
12817,586
12818,76
12819,213
12820,426
12821,234
12822,389
12823,384
12824,126
12825,331
12826,821
12827,0
12828,22
12829,3
12830,169
12831,2
12832,256
12833,7
12834,7
12835,262
12836,13
12837,736
12838,452
12839,282
12840,355
12841,154
12842,13
12843,83
12844,3
12845,3
12846,0
12847,12
12848,10
12849,111
12850,6
12851,290
12852,244
12853,159
12854,45
12855,2
12856,327
12857,13
12858,545
12859,96
12860,515
12861,55
12862,425
12863,84
12864,155
12865,29
12866,686
12867,675
12868,200
12869,135
12870,21
12871,5
12872,131
12873,99
12874,173
12875,57
12876,57
12877,24
12878,732
12879,26
12880,7
12881,455
12882,127
12883,146
12884,271
12885,38
12886,45
12887,5
12888,13
12889,0
12890,59
12891,426
12892,344
12893,1
12894,451
12895,268
12896,508
12897,2
12898,2
12899,0
12900,328
12901,194
12902,5
12903,0
12904,0
12905,8
12906,4
12907,87
12908,385
12909,29
12910,3
12911,7
12912,73
12913,0
12914,579
12915,341
12916,345
12917,22
12918,40
12919,25
12920,0
12921,0
12922,0
12923,121
12924,2
12925,206
12926,35
12927,23
12928,717
12929,268
12930,20
12931,19
12932,47
12933,0
12934,2
12935,1
12936,4
12937,310
12938,5
12939,20
12940,1
12941,642
12942,15
12943,0
12944,0
12945,317
12946,438
12947,261
12948,23
12949,400
12950,649
12951,20
12952,18
12953,232
12954,51
12955,8
12956,40
12957,364
12958,181
12959,351
12960,158
12961,226
12962,41
12963,46
12964,0
12965,238
12966,0
12967,0
12968,83
12969,455
12970,3
12971,4
12972,434
12973,355
12974,0
12975,505
12976,82
12977,532
12978,2
12979,113
12980,0
12981,26
12982,670
12983,7
12984,24
12985,0
12986,115
12987,86
12988,34
12989,741
12990,128
12991,643
12992,110
12993,202
12994,420
12995,22
12996,74
12997,6
12998,523
12999,810
13000,227
13001,70
13002,70
13003,340
13004,135
13005,0
13006,13
13007,185
13008,0
13009,0
13010,163
13011,42
13012,24
13013,242
13014,26
13015,536
13016,249
13017,360
13018,234
13019,33
13020,682
13021,46
13022,223
13023,200
13024,42
13025,1
13026,1
13027,0
13028,75
13029,143
13030,0
13031,56
13032,345
13033,245
13034,3
13035,3
13036,9
13037,124
13038,48
13039,0
13040,203
13041,70
13042,87
13043,11
13044,0
13045,76
13046,163
13047,18
13048,526
13049,5
13050,90
13051,311
13052,10
13053,0
13054,305
13055,227
13056,150
13057,325
13058,0
13059,16
13060,34
13061,71
13062,284
13063,1
13064,3
13065,277
13066,0
13067,32
13068,0
13069,0
13070,206
13071,31
13072,55
13073,240
13074,333
13075,2
13076,296
13077,0
13078,125
13079,155
13080,15
13081,22
13082,8
13083,73
13084,39
13085,14
13086,24
13087,1
13088,459
13089,0
13090,0
13091,246
13092,70
13093,734
13094,203
13095,35
13096,18
13097,2
13098,3
13099,151
13100,23
13101,3
13102,11
13103,8
13104,187
13105,75
13106,5
13107,271
13108,0
13109,441
13110,37
13111,231
13112,172
13113,611
13114,565
13115,198
13116,114
13117,230
13118,716
13119,300
13120,0
13121,1
13122,7
13123,332
13124,10
13125,21
13126,24
13127,0
13128,51
13129,50
13130,1
13131,120
13132,36
13133,201
13134,84
13135,33
13136,43
13137,441
13138,62
13139,152
13140,663
13141,128
13142,179
13143,533
13144,0
13145,338
13146,12
13147,157
13148,171
13149,0
13150,0
13151,12
13152,107
13153,661
13154,639
13155,41
13156,12
13157,41
13158,52
13159,93
13160,54
13161,0
13162,4
13163,1
13164,1
13165,182
13166,254
13167,12
13168,0
13169,336
13170,2
13171,0
13172,8
13173,245
13174,137
13175,62
13176,41
13177,4
13178,85
13179,38
13180,1
13181,152
13182,0
13183,152
13184,31
13185,256
13186,151
13187,636
13188,1
13189,252
13190,226
13191,58
13192,51
13193,250
13194,7
13195,3
13196,783
13197,0
13198,207
13199,0
13200,2
13201,260
13202,334
13203,12
13204,37
13205,817
13206,0
13207,0
13208,192
13209,67
13210,668
13211,801
13212,5
13213,102
13214,238
13215,101
13216,682
13217,55
13218,0
13219,131
13220,5
13221,41
13222,538
13223,33
13224,200
13225,0
13226,6
13227,19
13228,653
13229,281
13230,3
13231,0
13232,29
13233,6
13234,1
13235,390
13236,8
13237,108
13238,796
13239,5
13240,6
13241,0
13242,14
13243,129
13244,141
13245,371
13246,16
13247,96
13248,224
13249,18
13250,799
13251,37
13252,80
13253,6
13254,384
13255,432
13256,305
13257,256
13258,228
13259,673
13260,245
13261,804
13262,3
13263,129
13264,117
13265,14
13266,1
13267,10
13268,0
13269,44
13270,10
13271,38
13272,10
13273,647
13274,0
13275,48
13276,1
13277,287
13278,636
13279,62
13280,21
13281,302
13282,20
13283,109
13284,13
13285,216
13286,10
13287,0
13288,252
13289,0
13290,657
13291,176
13292,241
13293,36
13294,20
13295,7
13296,61
13297,1
13298,155
13299,359
13300,1
13301,413
13302,99
13303,73
13304,347
13305,11
13306,52
13307,1
13308,3
13309,9
13310,90
13311,4
13312,312
13313,14
13314,63
13315,0
13316,415
13317,93
13318,0
13319,0
13320,0
13321,525
13322,14
13323,390
13324,348
13325,48
13326,705
13327,4
13328,57
13329,106
13330,67
13331,594
13332,42
13333,0
13334,524
13335,0
13336,31
13337,6
13338,232
13339,0
13340,7
13341,169
13342,3
13343,0
13344,13
13345,261
13346,0
13347,28
13348,32
13349,70
13350,16
13351,0
13352,188
13353,26
13354,72
13355,27
13356,431
13357,570
13358,2
13359,9
13360,739
13361,53
13362,211
13363,210
13364,144
13365,114
13366,284
13367,0
13368,183
13369,11
13370,365
13371,244
13372,381
13373,113
13374,23
13375,2
13376,157
13377,180
13378,2
13379,139
13380,187
13381,62
13382,261
13383,21
13384,225
13385,0
13386,0
13387,80
13388,192
13389,12
13390,81
13391,7
13392,451
13393,119
13394,4
13395,213
13396,208
13397,284
13398,142
13399,2
13400,95
13401,6
13402,38
13403,147
13404,167
13405,0
13406,824
13407,301
13408,7
13409,1
13410,79
13411,10
13412,567
13413,6
13414,290
13415,33
13416,53
13417,2
13418,3
13419,8
13420,129
13421,438
13422,168
13423,142
13424,183
13425,27
13426,11
13427,120
13428,565
13429,176
13430,139
13431,0
13432,236
13433,70
13434,185
13435,21
13436,3
13437,13
13438,24
13439,839
13440,170
13441,10
13442,26
13443,58
13444,179
13445,2
13446,213
13447,57
13448,0
13449,82
13450,1
13451,5
13452,31
13453,405
13454,78
13455,2
13456,18
13457,354
13458,172
13459,21
13460,121
13461,71
13462,632
13463,20
13464,2
13465,164
13466,238
13467,305
13468,11
13469,77
13470,0
13471,692
13472,0
13473,27
13474,3
13475,31
13476,120
13477,216
13478,4
13479,0
13480,3
13481,165
13482,0
13483,172
13484,57
13485,59
13486,3
13487,0
13488,45
13489,159
13490,98
13491,0
13492,81
13493,237
13494,522
13495,0
13496,187
13497,2
13498,1
13499,244
13500,0
13501,4
13502,288
13503,50
13504,433
13505,37
13506,71
13507,623
13508,0
13509,562
13510,0
13511,77
13512,507
13513,109
13514,18
13515,157
13516,90
13517,9
13518,51
13519,221
13520,464
13521,4
13522,0
13523,0
13524,62
13525,28
13526,168
13527,2
13528,15
13529,44
13530,159
13531,755
13532,18
13533,0
13534,8
13535,150
13536,234
13537,243
13538,142
13539,41
13540,0
13541,8
13542,47
13543,137
13544,1
13545,20
13546,534
13547,227
13548,0
13549,0
13550,220
13551,248
13552,146
13553,14
13554,24
13555,0
13556,132
13557,86
13558,341
13559,0
13560,263
13561,88
13562,10
13563,213
13564,13
13565,84
13566,347
13567,35
13568,94
13569,2
13570,358
13571,426
13572,10
13573,42
13574,34
13575,0
13576,46
13577,5
13578,16
13579,0
13580,132
13581,522
13582,530
13583,629
13584,6
13585,79
13586,762
13587,87
13588,555
13589,334
13590,125
13591,22
13592,0
13593,378
13594,437
13595,0
13596,157
13597,101
13598,2
13599,84
13600,117
13601,0
13602,18
13603,252
13604,10
13605,0
13606,122
13607,197
13608,35
13609,616
13610,13
13611,214
13612,186
13613,1
13614,130
13615,3
13616,38
13617,632
13618,106
13619,295
13620,507
13621,0
13622,18
13623,25
13624,604
13625,0
13626,17
13627,540
13628,0
13629,5
13630,861
13631,0
13632,186
13633,28
13634,26
13635,151
13636,60
13637,0
13638,98
13639,0
13640,15
13641,116
13642,34
13643,309
13644,381
13645,0
13646,213
13647,0
13648,63
13649,32
13650,0
13651,84
13652,25
13653,184
13654,1
13655,4
13656,0
13657,16
13658,111
13659,19
13660,547
13661,89
13662,112
13663,8
13664,175
13665,312
13666,322
13667,6
13668,164
13669,204
13670,88
13671,152
13672,57
13673,0
13674,0
13675,45
13676,0
13677,366
13678,85
13679,307
13680,569
13681,27
13682,14
13683,537
13684,111
13685,380
13686,0
13687,39
13688,689
13689,51
13690,854
13691,19
13692,63
13693,0
13694,1
13695,53
13696,38
13697,300
13698,2
13699,21
13700,64
13701,68
13702,103
13703,259
13704,4
13705,676
13706,8
13707,59
13708,0
13709,8
13710,89
13711,468
13712,2
13713,87
13714,9
13715,0
13716,3
13717,0
13718,77
13719,74
13720,546
13721,426
13722,0
13723,158
13724,49
13725,55
13726,50
13727,30
13728,93
13729,15
13730,292
13731,5
13732,22
13733,44
13734,112
13735,533
13736,720
13737,4
13738,19
13739,175
13740,541
13741,9
13742,832
13743,815
13744,313
13745,61
13746,2
13747,40
13748,5
13749,0
13750,223
13751,10
13752,524
13753,454
13754,474
13755,0
13756,0
13757,644
13758,354
13759,227
13760,441
13761,190
13762,0
13763,39
13764,6
13765,0
13766,1
13767,0
13768,203
13769,206
13770,272
13771,89
13772,38
13773,21
13774,5
13775,255
13776,10
13777,132
13778,9
13779,24
13780,121
13781,0
13782,6
13783,7
13784,612
13785,162
13786,13
13787,126
13788,742
13789,699
13790,140
13791,0
13792,541
13793,87
13794,2
13795,280
13796,245
13797,0
13798,116
13799,0
13800,232
13801,57
13802,797
13803,7
13804,121
13805,43
13806,114
13807,313
13808,292
13809,42
13810,22
13811,112
13812,420
13813,121
13814,446
13815,561
13816,169
13817,7
13818,530
13819,10
13820,0
13821,114
13822,360
13823,111
13824,0
13825,409
13826,0
13827,331
13828,0
13829,34
13830,8
13831,9
13832,34
13833,14
13834,91
13835,40
13836,4
13837,0
13838,266
13839,351
13840,172
13841,0
13842,53
13843,441
13844,352
13845,1
13846,40
13847,141
13848,214
13849,26
13850,37
13851,743
13852,0
13853,321
13854,108
13855,363
13856,46
13857,388
13858,95
13859,356
13860,651
13861,279
13862,13
13863,120
13864,37
13865,766
13866,257
13867,9
13868,192
13869,27
13870,90
13871,56
13872,8
13873,206
13874,684
13875,159
13876,5
13877,2
13878,1
13879,358
13880,7
13881,55
13882,53
13883,745
13884,56
13885,72
13886,0
13887,225
13888,16
13889,125
13890,0
13891,1
13892,7
13893,27
13894,558
13895,613
13896,34
13897,75
13898,555
13899,726
13900,26
13901,0
13902,36
13903,19
13904,603
13905,1
13906,0
13907,223
13908,134
13909,4
13910,42
13911,3
13912,15
13913,345
13914,10
13915,36
13916,12
13917,23
13918,0
13919,29
13920,615
13921,23
13922,9
13923,175
13924,0
13925,1
13926,246
13927,8
13928,49
13929,217
13930,9
13931,9
13932,191
13933,21
13934,140
13935,2
13936,18
13937,730
13938,0
13939,23
13940,0
13941,34
13942,158
13943,204
13944,230
13945,13
13946,0
13947,7
13948,289
13949,190
13950,66
13951,8
13952,7
13953,0
13954,11
13955,0
13956,22
13957,73
13958,496
13959,483
13960,23
13961,12
13962,76
13963,128
13964,525
13965,31
13966,4
13967,74
13968,50
13969,0
13970,3
13971,255
13972,254
13973,0
13974,495
13975,86
13976,35
13977,537
13978,0
13979,204
13980,9
13981,0
13982,110
13983,79
13984,21
13985,511
13986,19
13987,430
13988,420
13989,0
13990,15
13991,473
13992,1
13993,487
13994,67
13995,186
13996,146
13997,183
13998,334
13999,394
14000,95
14001,9
14002,48
14003,399
14004,26
14005,118
14006,188
14007,318
14008,59
14009,73
14010,200
14011,24
14012,658
14013,265
14014,385
14015,81
14016,464
14017,0
14018,5
14019,234
14020,8
14021,78
14022,540
14023,7
14024,17
14025,500
14026,27
14027,10
14028,741
14029,446
14030,85
14031,190
14032,37
14033,152
14034,206
14035,55
14036,162
14037,10
14038,1
14039,116
14040,6
14041,52
14042,5
14043,3
14044,0
14045,540
14046,26
14047,124
14048,224
14049,21
14050,72
14051,4
14052,317
14053,44
14054,91
14055,49
14056,260
14057,289
14058,170
14059,324
14060,2
14061,158
14062,494
14063,4
14064,410
14065,4
14066,7
14067,467
14068,7
14069,264
14070,55
14071,245
14072,123
14073,124
14074,134
14075,703
14076,14
14077,149
14078,0
14079,8
14080,11
14081,342
14082,137
14083,1
14084,750
14085,1
14086,13
14087,632
14088,12
14089,0
14090,172
14091,39
14092,491
14093,150
14094,226
14095,157
14096,3
14097,0
14098,4
14099,144
14100,158
14101,1
14102,57
14103,475
14104,5
14105,145
14106,32
14107,80
14108,2
14109,366
14110,12
14111,0
14112,0
14113,144
14114,99
14115,218
14116,168
14117,6
14118,384
14119,602
14120,118
14121,0
14122,266
14123,106
14124,67
14125,8
14126,58
14127,2
14128,530
14129,4
14130,91
14131,76
14132,177
14133,148
14134,68
14135,0
14136,341
14137,45
14138,105
14139,14
14140,0
14141,88
14142,43
14143,17
14144,33
14145,318
14146,9
14147,112
14148,29
14149,88
14150,133
14151,266
14152,314
14153,23
14154,25
14155,375
14156,0
14157,5
14158,6
14159,511
14160,105
14161,125
14162,0
14163,1
14164,18
14165,152
14166,62
14167,428
14168,18
14169,18
14170,1
14171,4
14172,0
14173,645
14174,134
14175,11
14176,113
14177,282
14178,1
14179,49
14180,14
14181,30
14182,4
14183,1
14184,2
14185,415
14186,18
14187,39
14188,40
14189,169
14190,128
14191,170
14192,0
14193,558
14194,22
14195,132
14196,259
14197,170
14198,21
14199,346
14200,10
14201,640
14202,256
14203,31
14204,30
14205,290
14206,43
14207,29
14208,5
14209,557
14210,1
14211,48
14212,677
14213,794
14214,54
14215,33
14216,18
14217,224
14218,25
14219,114
14220,4
14221,0
14222,500
14223,0
14224,0
14225,0
14226,0
14227,101
14228,270
14229,535
14230,32
14231,125
14232,14
14233,0
14234,141
14235,0
14236,11
14237,78
14238,340
14239,595
14240,0
14241,158
14242,120
14243,263
14244,468
14245,28
14246,35
14247,0
14248,0
14249,17
14250,4
14251,266
14252,35
14253,17
14254,105
14255,4
14256,277
14257,16
14258,65
14259,39
14260,286
14261,1
14262,14
14263,1
14264,228
14265,6
14266,293
14267,60
14268,562
14269,375
14270,155
14271,1
14272,0
14273,8
14274,835
14275,195
14276,19
14277,33
14278,142
14279,107
14280,90
14281,308
14282,83
14283,9
14284,246
14285,6
14286,71
14287,15
14288,83
14289,67
14290,166
14291,138
14292,94
14293,83
14294,50
14295,839
14296,573
14297,217
14298,46
14299,449
14300,215
14301,728
14302,236
14303,2
14304,51
14305,51
14306,406
14307,0
14308,0
14309,85
14310,35
14311,186
14312,37
14313,53
14314,64
14315,692
14316,22
14317,52
14318,14
14319,213
14320,0
14321,47
14322,0
14323,744
14324,184
14325,1
14326,0
14327,0
14328,57
14329,235
14330,20
14331,707
14332,2
14333,273
14334,30
14335,7
14336,2
14337,0
14338,14
14339,146
14340,0
14341,18
14342,10
14343,15
14344,319
14345,194
14346,64
14347,520
14348,371
14349,18
14350,13
14351,715
14352,8
14353,0
14354,19
14355,11
14356,298
14357,195
14358,128
14359,348
14360,51
14361,0
14362,269
14363,32
14364,0
14365,506
14366,12
14367,16
14368,364
14369,191
14370,212
14371,17
14372,284
14373,3
14374,355
14375,2
14376,152
14377,234
14378,21
14379,27
14380,34
14381,0
14382,11
14383,91
14384,25
14385,228
14386,45
14387,123
14388,228
14389,665
14390,18
14391,83
14392,407
14393,27
14394,180
14395,0
14396,138
14397,818
14398,0
14399,136
14400,13
14401,10
14402,58
14403,270
14404,28
14405,91
14406,678
14407,265
14408,2
14409,28
14410,340
14411,130
14412,432
14413,2
14414,0
14415,14
14416,584
14417,304
14418,4
14419,0
14420,4
14421,81
14422,12
14423,142
14424,7
14425,24
14426,7
14427,32
14428,132
14429,3
14430,0
14431,50
14432,33
14433,17
14434,50
14435,247
14436,27
14437,88
14438,578
14439,717
14440,17
14441,320
14442,22
14443,18
14444,1
14445,8
14446,0
14447,670
14448,293
14449,12
14450,333
14451,0
14452,156
14453,417
14454,2
14455,5
14456,195
14457,48
14458,0
14459,39
14460,11
14461,2
14462,0
14463,88
14464,275
14465,3
14466,312
14467,256
14468,64
14469,654
14470,146
14471,536
14472,13
14473,0
14474,123
14475,1
14476,26
14477,277
14478,351
14479,54
14480,1
14481,183
14482,0
14483,11
14484,0
14485,212
14486,0
14487,5
14488,0
14489,59
14490,33
14491,647
14492,658
14493,429
14494,653
14495,501
14496,155
14497,764
14498,696
14499,437
14500,348
14501,1
14502,19
14503,21
14504,158
14505,299
14506,0
14507,197
14508,45
14509,420
14510,375
14511,218
14512,78
14513,0
14514,1
14515,9
14516,101
14517,58
14518,140
14519,181
14520,0
14521,185
14522,2
14523,9
14524,73
14525,356
14526,106
14527,291
14528,808
14529,112
14530,0
14531,43
14532,608
14533,27
14534,51
14535,126
14536,0
14537,181
14538,466
14539,0
14540,72
14541,48
14542,49
14543,32
14544,218
14545,0
14546,11
14547,44
14548,11
14549,14
14550,169
14551,0
14552,2
14553,286
14554,257
14555,394
14556,0
14557,107
14558,7
14559,187
14560,579
14561,43
14562,0
14563,38
14564,11
14565,11
14566,21
14567,4
14568,261
14569,38
14570,200
14571,235
14572,51
14573,43
14574,190
14575,231
14576,0
14577,2
14578,41
14579,34
14580,413
14581,147
14582,0
14583,28
14584,156
14585,231
14586,30
14587,402
14588,649
14589,437
14590,351
14591,202
14592,160
14593,0
14594,2
14595,0
14596,2
14597,0
14598,245
14599,33
14600,286
14601,10
14602,235
14603,19
14604,21
14605,6
14606,1
14607,178
14608,568
14609,7
14610,0
14611,2
14612,16
14613,215
14614,4
14615,12
14616,404
14617,180
14618,0
14619,489
14620,360
14621,237
14622,21
14623,17
14624,533
14625,152
14626,33
14627,172
14628,49
14629,5
14630,2
14631,247
14632,137
14633,25
14634,576
14635,2
14636,1
14637,843
14638,282
14639,29
14640,483
14641,52
14642,378
14643,138
14644,10
14645,87
14646,201
14647,4
14648,0
14649,501
14650,31
14651,0
14652,483
14653,10
14654,220
14655,368
14656,1
14657,80
14658,0
14659,276
14660,126
14661,449
14662,0
14663,0
14664,195
14665,123
14666,212
14667,348
14668,733
14669,411
14670,33
14671,69
14672,799
14673,65
14674,0
14675,133
14676,61
14677,219
14678,19
14679,1
14680,503
14681,5
14682,3
14683,23
14684,1
14685,334
14686,322
14687,29
14688,227
14689,46
14690,22
14691,0
14692,849
14693,118
14694,51
14695,3
14696,47
14697,6
14698,9
14699,367
14700,25
14701,216
14702,67
14703,0
14704,17
14705,69
14706,509
14707,24
14708,418
14709,338
14710,826
14711,113
14712,189
14713,15
14714,11
14715,1
14716,28
14717,39
14718,828
14719,3
14720,48
14721,195
14722,359
14723,0
14724,3
14725,333
14726,0
14727,5
14728,43
14729,50
14730,448
14731,0
14732,176
14733,442
14734,44
14735,102
14736,247
14737,253
14738,42
14739,724
14740,52
14741,299
14742,617
14743,64
14744,145
14745,2
14746,70
14747,125
14748,124
14749,108
14750,389
14751,0
14752,10
14753,298
14754,30
14755,238
14756,0
14757,88
14758,28
14759,104
14760,14
14761,25
14762,46
14763,90
14764,3
14765,0
14766,2
14767,28
14768,69
14769,71
14770,568
14771,238
14772,79
14773,10
14774,168
14775,34
14776,0
14777,74
14778,0
14779,56
14780,20
14781,0
14782,42
14783,8
14784,0
14785,8
14786,65
14787,111
14788,1
14789,1
14790,13
14791,58
14792,152
14793,3
14794,0
14795,110
14796,43
14797,281
14798,0
14799,125
14800,288
14801,0
14802,0
14803,735
14804,0
14805,193
14806,142
14807,118
14808,43
14809,26
14810,8
14811,101
14812,281
14813,258
14814,0
14815,149
14816,2
14817,384
14818,396
14819,370
14820,123
14821,2
14822,24
14823,347
14824,0
14825,0
14826,2
14827,416
14828,0
14829,382
14830,289
14831,5
14832,56
14833,3
14834,46
14835,166
14836,134
14837,4
14838,1
14839,42
14840,48
14841,6
14842,66
14843,0
14844,817
14845,668
14846,278
14847,153
14848,304
14849,0
14850,38
14851,0
14852,94
14853,608
14854,403
14855,564
14856,12
14857,65
14858,41
14859,19
14860,290
14861,2
14862,253
14863,144
14864,0
14865,37
14866,4
14867,74
14868,0
14869,11
14870,74
14871,58
14872,195
14873,11
14874,0
14875,0
14876,89
14877,1
14878,12
14879,12
14880,3
14881,32
14882,420
14883,0
14884,159
14885,251
14886,23
14887,0
14888,36
14889,332
14890,203
14891,309
14892,60
14893,36
14894,4
14895,0
14896,625
14897,120
14898,0
14899,0
14900,345
14901,15
14902,82
14903,85
14904,3
14905,281
14906,177
14907,31
14908,117
14909,17
14910,127
14911,108
14912,2
14913,0
14914,0
14915,388
14916,518
14917,1
14918,0
14919,269
14920,194
14921,135
14922,50
14923,1
14924,0
14925,101
14926,11
14927,89
14928,464
14929,13
14930,9
14931,58
14932,6
14933,14
14934,41
14935,33
14936,10
14937,38
14938,420
14939,9
14940,120
14941,10
14942,496
14943,660
14944,705
14945,1
14946,7
14947,0
14948,298
14949,42
14950,254
14951,163
14952,63
14953,841
14954,43
14955,481
14956,509
14957,159
14958,451
14959,131
14960,52
14961,1
14962,23
14963,396
14964,2
14965,13
14966,218
14967,378
14968,124
14969,0
14970,74
14971,28
14972,364
14973,0
14974,0
14975,412
14976,318
14977,0
14978,2
14979,339
14980,141
14981,11
14982,408
14983,203
14984,16
14985,84
14986,93
14987,0
14988,327
14989,653
14990,575
14991,42
14992,454
14993,61
14994,0
14995,25
14996,199
14997,84
14998,261
14999,448
15000,53
15001,190
15002,63
15003,1
15004,2
15005,1
15006,39
15007,0
15008,52
15009,168
15010,276
15011,210
15012,0
15013,62
15014,90
15015,85
15016,52
15017,299
15018,345
15019,31
15020,270
15021,161
15022,0
15023,13
15024,9
15025,156
15026,113
15027,343
15028,189
15029,175
15030,5
15031,19
15032,169
15033,194
15034,291
15035,3
15036,58
15037,167
15038,184
15039,530
15040,192
15041,8
15042,64
15043,1
15044,0
15045,0
15046,20
15047,0
15048,15
15049,36
15050,73
15051,0
15052,246
15053,64
15054,18
15055,16
15056,0
15057,605
15058,214
15059,26
15060,12
15061,98
15062,1
15063,182
15064,115
15065,44
15066,42
15067,22
15068,0
15069,30
15070,0
15071,36
15072,448
15073,48
15074,5
15075,133
15076,459
15077,17
15078,41
15079,644
15080,221
15081,63
15082,15
15083,3
15084,411
15085,14
15086,344
15087,377
15088,566
15089,93
15090,73
15091,130
15092,1
15093,473
15094,78
15095,20
15096,64
15097,1
15098,5
15099,400
15100,247
15101,453
15102,113
15103,406
15104,1
15105,11
15106,0
15107,305
15108,75
15109,454
15110,293
15111,139
15112,0
15113,520
15114,178
15115,215
15116,43
15117,47
15118,616
15119,0
15120,438
15121,370
15122,631
15123,111
15124,416
15125,36
15126,379
15127,6
15128,149
15129,4
15130,8
15131,121
15132,78
15133,160
15134,0
15135,231
15136,10
15137,2
15138,0
15139,166
15140,143
15141,58
15142,201
15143,0
15144,47
15145,3
15146,333
15147,28
15148,59
15149,0
15150,259
15151,270
15152,128
15153,0
15154,0
15155,314
15156,0
15157,4
15158,0
15159,539
15160,0
15161,44
15162,806
15163,95
15164,13
15165,27
15166,12
15167,48
15168,589
15169,92
15170,283
15171,205
15172,204
15173,0
15174,71
15175,102
15176,4
15177,5
15178,20
15179,202
15180,41
15181,707
15182,16
15183,126
15184,11
15185,0
15186,570
15187,120
15188,442
15189,2
15190,271
15191,15
15192,197
15193,313
15194,75
15195,0
15196,44
15197,0
15198,306
15199,232
15200,0
15201,573
15202,53
15203,9
15204,133
15205,15
15206,724
15207,0
15208,35
15209,0
15210,33
15211,27
15212,0
15213,28
15214,763
15215,462
15216,5
15217,204
15218,16
15219,163
15220,300
15221,0
15222,264
15223,142
15224,1
15225,39
15226,0
15227,297
15228,59
15229,377
15230,141
15231,294
15232,40
15233,673
15234,642
15235,5
15236,40
15237,15
15238,131
15239,342
15240,0
15241,1
15242,97
15243,290
15244,319
15245,169
15246,543
15247,448
15248,2
15249,90
15250,14
15251,0
15252,89
15253,2
15254,61
15255,211
15256,3
15257,692
15258,247
15259,241
15260,356
15261,446
15262,136
15263,748
15264,6
15265,397
15266,56
15267,0
15268,0
15269,0
15270,42
15271,431
