ids,epoch_19,epoch_39,epoch_79,epoch_99,epoch_100
0,1,1,5,9,7
1,0,0,1,0,1
2,0,0,0,0,0
3,7,16,9,1,1
4,75,11,16,14,12
5,21,24,127,103,101
6,321,115,62,126,137
7,2,27,15,27,29
8,141,9,1,3,4
9,2,23,7,6,3
10,5,1,2,2,1
11,23,43,0,0,0
12,0,1,2,1,3
13,13,2,9,6,5
14,118,20,422,152,176
15,0,0,0,1,1
16,0,0,0,0,0
17,1,0,0,0,0
18,18,0,61,79,56
19,5,5,4,5,4
20,0,53,73,93,86
21,0,5,21,46,39
22,8,25,149,75,81
23,9,41,39,47,57
24,0,0,0,0,0
25,39,10,9,35,17
26,57,20,18,14,18
27,294,438,1806,1403,1614
28,61,35,4,12,13
29,38,3,58,55,58
30,27,20,14,13,8
31,15,157,785,498,504
32,67,167,93,161,120
33,6,9,2,3,1
34,0,2,3,7,5
35,4,1,0,2,3
36,0,1,0,0,0
37,0,0,0,1,1
38,14,19,105,66,24
39,3,3,78,41,50
40,6,102,48,34,30
41,51,1,350,249,245
42,4,6,53,25,30
43,156,17,139,111,122
44,2,55,14,4,5
45,19,3,2,7,5
46,3,0,5,6,2
47,1,7,19,26,26
48,1,1,2,0,3
49,63,13,6,13,14
50,2,0,1,9,26
51,9,43,4,6,4
52,6,34,27,97,88
53,38,7,182,184,243
54,160,339,42,21,23
55,78,176,427,291,329
56,36,213,282,110,159
57,109,15,2,1,0
58,0,3,3,1,1
59,0,1,3,4,5
60,4,11,31,18,15
61,1,1,6,9,5
62,478,760,39,98,107
63,1,0,2,1,3
64,6,86,9,7,7
65,0,0,0,0,0
66,2,2,0,0,0
67,7,4,7,10,9
68,0,3,14,8,7
69,35,18,11,6,4
70,63,67,65,30,41
71,10,3,0,0,0
72,148,2,19,31,41
73,1,3,26,34,51
74,39,4,50,52,16
75,68,2,4,10,9
76,7,100,71,44,41
77,3,3,22,39,36
78,0,0,0,0,0
79,103,17,15,14,15
80,26,16,20,33,30
81,0,4,5,25,22
82,13,8,3,1,2
83,187,67,10,160,193
84,0,1,58,40,56
85,4,46,1,12,21
86,1,1,13,17,16
87,14,103,4,6,6
88,69,167,241,205,158
89,42,108,0,0,2
90,3,3,96,314,188
91,14,1,4,11,19
92,6,8,117,83,50
93,5,7,13,29,27
94,23,82,4,3,3
95,22,0,0,0,0
96,6,40,20,14,14
97,325,625,49,154,230
98,208,102,14,38,30
99,0,14,24,22,12
100,0,0,16,12,6
101,0,0,105,58,59
102,0,0,0,0,0
103,0,1,6,4,4
104,0,0,0,1,1
105,464,21,68,96,77
106,120,38,26,42,30
107,18,117,74,83,129
108,15,36,8,17,18
109,0,1,26,31,26
110,0,85,41,103,73
111,3,5,0,2,1
112,0,0,1,0,1
113,12,1,6,2,3
114,9,47,45,54,68
115,1,3,30,6,4
116,0,0,1,3,3
117,81,138,7,32,19
118,63,45,29,12,27
119,30,13,17,28,35
120,4,4,37,22,21
121,25,7,38,27,45
122,7,4,5,3,2
123,3,1,10,6,6
124,5,3,1,0,0
125,1,6,23,27,18
126,5,22,10,5,4
127,108,45,26,43,40
128,4,15,155,149,77
129,16,4,0,3,4
130,22,2,67,38,45
131,0,10,0,0,0
132,11,1,22,14,10
133,19,0,16,18,36
134,210,0,183,428,329
135,1,1,13,1,4
136,112,33,121,141,265
137,34,130,116,79,77
138,0,0,14,21,23
139,4,1,11,3,5
140,0,2,0,0,0
141,42,3,36,50,45
142,58,2,3,1,1
143,2,9,47,75,85
144,5,18,5,54,83
145,0,16,32,18,19
146,20,4,25,11,12
147,4,0,7,15,16
148,3,1,25,32,25
149,12,324,39,226,120
150,0,0,22,17,19
151,0,0,41,6,9
152,0,5,3,2,2
153,106,1,41,19,22
154,179,9,6,9,11
155,16,115,21,37,22
156,8,14,25,30,32
157,3,11,4,8,10
158,1,29,6,77,51
159,1,9,2,5,5
160,0,0,4,2,2
161,12,0,0,1,0
162,0,0,4,0,0
163,9,0,0,2,2
164,0,10,0,0,0
165,4,10,23,31,39
166,1,0,0,1,1
167,2,13,19,27,20
168,5,1,22,37,20
169,7,23,1,6,6
170,1,17,9,25,24
171,117,273,76,103,72
172,7,39,0,0,0
173,82,4,10,15,9
174,11,1,15,7,5
175,7,0,53,44,61
176,2,0,0,1,0
177,2,0,0,0,0
178,0,0,0,1,0
179,0,0,2,2,1
180,0,2,1,1,1
181,44,1,5,3,4
182,3,0,1,1,0
183,20,0,0,0,0
184,2,0,13,7,7
185,0,0,8,8,6
186,4,74,19,14,18
187,57,30,69,154,169
188,145,6,438,406,500
189,0,0,0,0,0
190,294,54,4,3,9
191,7,6,4,3,3
192,34,133,16,36,26
193,3,77,7,16,16
194,5,23,31,16,19
195,1,4,43,124,128
196,2,35,10,24,21
197,8,10,13,3,3
198,31,17,24,35,23
199,66,3,4,0,0
200,52,151,56,109,100
201,0,2,1,0,0
202,1,0,0,0,0
203,4,2,2,15,15
204,0,13,5,4,3
205,0,0,0,1,1
206,0,0,10,7,5
207,2,61,16,18,15
208,0,0,0,0,0
209,13,5,10,16,19
210,5,1,0,1,1
211,10,26,282,74,25
212,300,106,236,173,172
213,10,8,7,6,8
214,1,2,13,11,7
215,11,13,12,22,23
216,0,1,14,9,8
217,0,0,0,0,0
218,1,0,2,0,0
219,5,22,4,15,20
220,140,240,536,495,554
221,8,23,23,30,18
222,6,32,11,16,12
223,161,43,18,15,9
224,12,1,30,44,28
225,98,10,50,64,68
226,10,8,254,708,559
227,20,0,157,380,367
228,54,37,36,28,25
229,0,1,2,1,2
230,1,0,2,0,0
231,109,3,4,21,24
232,5,8,2,2,1
233,2,0,1,1,0
234,1,10,14,24,22
235,0,2,8,0,2
236,1,51,8,8,3
237,1,44,1,0,0
238,0,221,108,725,657
239,0,0,16,9,7
240,62,188,83,43,43
241,55,33,29,108,123
242,23,14,18,10,15
243,0,0,17,19,22
244,2,4,3,3,4
245,0,0,1,0,0
246,5,25,14,17,16
247,0,4,23,12,12
248,0,3,6,18,14
249,1,22,40,24,27
250,422,411,57,28,23
251,9,8,19,18,14
252,176,49,102,101,222
253,3,3,97,81,98
254,20,1,6,6,7
255,16,6,80,50,46
256,475,102,178,167,125
257,12,188,119,65,101
258,11,1,10,7,4
259,28,28,6,9,10
260,7,16,25,12,7
261,53,11,35,39,33
262,19,9,3,13,13
263,673,10,3,8,5
264,13,32,35,64,44
265,9,4,2,1,3
266,2,0,3,20,30
267,2,36,24,23,25
268,0,0,0,0,0
269,4,36,2,1,0
270,4,33,6,32,34
271,7,4,8,3,2
272,48,25,15,81,82
273,23,4,27,5,7
274,5,2,5,5,8
275,19,19,28,19,16
276,56,2,4,4,4
277,71,5,12,1,0
278,330,77,850,1263,1428
279,0,4,7,22,41
280,4,2,29,17,9
281,0,0,8,8,8
282,17,28,1,0,0
283,0,2,7,15,4
284,30,0,1,1,1
285,10,3,8,2,1
286,4,1,0,3,5
287,4,43,0,5,2
288,4,58,24,36,30
289,26,450,513,414,364
290,59,69,45,150,150
291,9,4,1,0,0
292,351,58,385,270,210
293,71,186,255,335,337
294,7,54,20,10,13
295,3,15,83,20,24
296,113,16,15,7,9
297,10,25,17,40,58
298,4,7,4,4,4
299,55,15,274,80,74
300,20,34,5,4,5
301,1,1,1,2,2
302,0,0,0,2,1
303,4,41,90,139,149
304,1,6,6,5,4
305,18,1,29,37,66
306,1,0,0,4,1
307,0,0,0,0,0
308,1,1,1,1,1
309,0,0,3,2,3
310,0,0,1,0,0
311,61,2,12,2,3
312,9,6,4,3,0
313,73,12,157,91,69
314,53,0,5,6,8
315,2,2,4,3,4
316,0,0,1,1,1
317,4,0,0,3,1
318,3,6,0,2,0
319,34,3,3,24,27
320,0,0,1,0,1
321,1,5,127,111,104
322,9,54,57,208,167
323,5,0,0,0,0
324,0,0,0,2,1
325,3,7,0,0,0
326,0,0,7,4,7
327,5,135,25,39,36
328,62,7,46,58,60
329,0,60,39,98,101
330,1,3,16,25,23
331,7,0,9,9,7
332,3,0,7,6,5
333,30,27,20,20,21
334,21,9,14,4,4
335,2,18,0,0,0
336,26,21,7,6,9
337,2,1,50,34,33
338,10,70,3,34,11
339,153,12,49,96,99
340,19,25,113,105,112
341,480,3,1,20,8
342,105,67,42,86,64
343,0,3,1,1,1
344,0,2,1,1,1
345,72,3,371,1231,866
346,120,517,34,33,45
347,292,352,108,159,179
348,0,0,0,0,0
349,0,1,17,14,6
350,0,0,0,0,0
351,45,1,14,5,8
352,0,0,0,0,0
353,33,20,9,7,9
354,6,5,85,124,122
355,4,26,59,48,45
356,123,28,39,130,211
357,114,11,71,180,176
358,24,69,107,41,39
359,57,53,227,70,68
360,12,292,157,82,51
361,0,3,16,20,20
362,2,71,21,30,73
363,9,7,0,0,0
364,5,0,0,1,1
365,5,2,0,0,0
366,0,0,2,3,6
367,0,2,3,1,1
368,0,0,1,1,0
369,9,57,51,80,67
370,0,10,17,8,12
371,97,143,68,63,28
372,4,1,2,2,1
373,8,0,2,17,12
374,12,5,7,9,9
375,15,13,48,31,40
376,11,0,3,10,3
377,14,34,3,3,3
378,7,0,8,10,15
379,117,30,5,11,9
380,9,0,140,173,189
381,0,17,108,68,58
382,10,22,259,233,251
383,2,0,3,6,3
384,2,1,119,110,93
385,33,0,13,13,14
386,21,1,0,0,0
387,1,0,0,0,0
388,0,0,0,0,0
389,46,2,1,0,4
390,0,0,36,24,29
391,71,13,6,16,21
392,24,30,35,60,49
393,0,0,0,0,0
394,0,0,0,0,0
395,0,1,6,2,4
396,0,0,0,7,6
397,45,16,4,8,10
398,0,0,1,4,4
399,7,3,2,1,0
400,2,15,117,52,58
401,39,44,1,7,8
402,2,3,23,15,7
403,0,3,1,0,0
404,0,1,9,7,8
405,3,1,0,0,0
406,20,49,144,132,84
407,3,2,0,0,0
408,36,83,29,18,18
409,39,13,3,14,26
410,110,119,12,7,7
411,31,633,16,6,6
412,67,41,34,29,34
413,0,0,0,0,0
414,1,0,3,2,2
415,0,0,0,0,0
416,0,2,18,13,6
417,0,2,10,9,4
418,0,12,15,5,4
419,0,51,35,9,16
420,50,8,7,0,0
421,0,0,0,0,0
422,0,0,4,1,1
423,7,17,99,133,103
424,2,6,0,0,0
425,1,4,3,3,5
426,34,137,18,40,44
427,7,7,1,1,1
428,223,49,7,5,4
429,2,28,297,507,561
430,33,0,22,48,45
431,405,80,122,158,181
432,1,0,69,76,74
433,1,18,11,21,17
434,13,256,15,2,2
435,6,5,30,5,8
436,1,0,10,7,3
437,3,0,0,0,0
438,4,6,48,53,50
439,11,0,51,29,25
440,22,205,19,19,18
441,84,275,121,153,137
442,0,67,57,6,10
443,0,7,50,52,74
444,29,1,368,304,326
445,12,37,59,152,141
446,13,22,27,31,29
447,0,1,32,11,9
448,1,22,77,27,16
449,21,33,87,20,27
450,7,7,2,1,1
451,2,1,0,0,0
452,12,0,0,5,19
453,52,32,127,92,87
454,31,184,328,354,299
455,77,132,62,98,86
456,249,30,1,2,2
457,519,61,31,39,28
458,198,32,1,1,0
459,89,52,58,32,22
460,9,55,11,22,22
461,82,2,236,340,345
462,0,3,0,7,2
463,3,8,4,24,27
464,1,1,29,31,28
465,0,0,3,4,6
466,0,0,1,1,2
467,5,0,0,0,0
468,2,0,7,8,6
469,34,1,0,1,4
470,37,0,28,4,5
471,8,6,180,83,46
472,7,2,0,0,0
473,4,5,0,1,0
474,263,100,620,688,469
475,0,27,374,98,61
476,0,49,86,28,74
477,16,16,2,1,1
478,27,8,0,1,3
479,11,33,0,2,10
480,130,105,144,29,47
481,224,206,32,8,13
482,84,54,47,70,72
483,3,0,1,0,3
484,10,0,8,14,19
485,11,10,4,4,5
486,10,1076,36,41,29
487,0,38,57,133,107
488,0,40,97,115,108
489,13,28,9,10,7
490,0,0,0,1,0
491,0,0,2,1,2
492,0,26,41,83,131
493,27,28,26,82,75
494,14,40,9,8,12
495,143,12,2,8,8
496,260,149,53,49,64
497,321,144,326,828,1190
498,0,52,1,1,2
499,18,11,275,280,272
500,0,5,2,3,5
501,23,9,0,8,3
502,12,33,24,31,31
503,0,41,90,112,114
504,0,4,50,21,13
505,12,1,6,7,4
506,60,91,59,190,141
507,0,0,1,4,3
508,0,1,0,8,8
509,0,1,2,5,4
510,0,0,0,0,0
511,0,2,12,14,20
512,37,42,3,4,4
513,0,0,0,0,0
514,4,4,7,5,3
515,35,65,91,75,97
516,0,95,3,1,1
517,1,7,14,26,20
518,1,4,15,12,13
519,117,113,294,288,218
520,12,9,19,209,157
521,11,0,0,6,5
522,19,0,1,1,0
523,1,0,4,0,0
524,1,0,0,0,0
525,6,13,32,23,17
526,1,1,2,4,2
527,0,33,32,13,7
528,1,0,6,37,27
529,37,26,60,55,59
530,1,0,13,25,15
531,0,15,3,5,5
532,6,21,0,0,0
533,13,9,1,3,1
534,0,0,0,0,0
535,0,0,0,0,0
536,2,33,181,216,194
537,8,37,18,18,33
538,112,25,16,17,13
539,2,0,0,0,0
540,59,35,25,81,72
541,34,55,1,0,0
542,0,0,0,0,0
543,0,0,0,0,0
544,0,1,0,0,0
545,0,3,0,0,0
546,75,102,77,130,85
547,1,0,2,5,2
548,2,5,0,0,0
549,2,18,29,29,24
550,0,0,2,4,5
551,1,8,1,5,4
552,159,31,63,47,36
553,0,2,1,1,2
554,0,0,2,3,3
555,183,176,30,19,69
556,2,6,3,38,19
557,0,24,4,14,16
558,24,28,97,352,338
559,4,1,144,63,77
560,294,18,49,151,136
561,0,3,44,45,35
562,0,10,2,6,7
563,202,70,283,143,217
564,14,5,9,10,10
565,2,1,27,28,29
566,15,83,44,55,51
567,2,107,185,48,39
568,161,49,82,290,128
569,9,36,148,133,109
570,0,2,35,37,31
571,0,5,9,13,26
572,0,1,3,24,19
573,3,1,11,12,14
574,33,1,2,3,4
575,0,5,14,2,7
576,0,0,0,0,0
577,0,0,5,3,4
578,40,81,2,4,5
579,0,0,4,2,2
580,0,3,2,12,13
581,0,15,1,16,15
582,51,3,3,9,10
583,114,73,43,29,19
584,0,29,4,0,0
585,1,0,1,1,1
586,14,0,0,3,3
587,0,4,0,0,0
588,24,15,3,6,3
589,0,25,64,205,171
590,4,99,3,5,6
591,3,2,51,62,53
592,1,0,102,98,113
593,0,0,32,27,27
594,66,24,11,146,104
595,1,0,35,9,5
596,1,18,34,15,18
597,92,103,6,6,7
598,80,11,23,19,13
599,119,144,101,175,130
600,194,2,1,3,2
601,40,23,14,1,2
602,149,241,171,231,240
603,170,91,279,333,253
604,61,8,201,155,169
605,244,14,854,851,918
606,14,43,188,81,154
607,5,2,2,6,1
608,13,33,16,11,14
609,16,318,4,10,11
610,546,4,6,5,5
611,1,2,6,69,45
612,182,49,274,114,123
613,123,42,6,50,49
614,1,4,5,2,1
615,63,278,133,140,158
616,191,46,15,0,4
617,1296,1239,527,812,532
618,0,0,0,0,0
619,27,13,34,36,42
620,14,66,98,214,361
621,193,188,89,96,122
622,0,696,320,291,290
623,55,67,56,28,60
624,113,140,458,321,333
625,10,7,36,13,28
626,13,1,6,12,26
627,1,23,13,17,17
628,2,2,6,4,1
629,0,14,11,9,6
630,0,0,0,0,0
631,0,3,3,3,5
632,16,17,244,294,142
633,50,1224,2394,1850,1775
634,30,174,361,449,491
635,250,61,13,18,13
636,446,236,936,1006,885
637,9,17,9,12,15
638,173,242,154,159,177
639,0,0,0,0,0
640,17,7,23,41,50
641,0,14,0,1,0
642,423,1588,110,53,25
643,0,0,16,17,13
644,38,15,64,37,26
645,146,285,247,195,247
646,64,80,83,54,106
647,122,101,37,57,73
648,2,17,35,13,9
649,132,119,258,606,611
650,1,0,4,19,17
651,1,43,40,36,46
652,2,37,11,24,19
653,5,0,377,139,166
654,52,1346,1031,943,721
655,14,9,8,4,1
656,11,0,6,6,3
657,506,926,561,334,377
658,8,355,113,193,186
659,32,159,14,15,24
660,5,3,10,11,10
661,9,0,0,2,3
662,0,71,19,5,12
663,309,12,4,17,12
664,1,56,1,2,2
665,7,18,0,0,0
666,1,46,2,6,3
667,71,138,177,168,194
668,78,10,130,196,184
669,107,107,101,49,57
670,64,128,43,4,12
671,181,234,47,162,170
672,7,10,24,9,8
673,0,7,9,8,11
674,2,0,1,1,1
675,15,60,19,6,4
676,173,2,39,81,94
677,1,1,4,3,2
678,2,24,5,1,5
679,183,371,879,399,488
680,4,8,0,1,0
681,0,15,1,0,0
682,7,8,17,55,43
683,10,324,71,55,58
684,245,11,28,10,15
685,549,10,349,325,375
686,132,152,85,98,102
687,51,163,113,218,229
688,14,7,51,32,28
689,2,0,25,35,31
690,1,19,25,37,39
691,259,140,98,48,34
692,370,164,60,92,83
693,0,158,5,29,30
694,39,11,23,55,56
695,271,202,11,6,5
696,1,2,7,28,18
697,18,244,341,531,613
698,10,5,66,119,73
699,46,62,2,4,3
700,0,0,0,0,0
701,13,0,2,2,2
702,0,2,1,1,1
703,382,636,97,96,108
704,1,6,0,3,5
705,1269,282,79,195,241
706,234,46,93,55,72
707,48,661,70,69,93
708,10,0,1,4,4
709,1,5,3,0,1
710,63,97,68,75,64
711,103,407,126,216,240
712,3,2,4,1,3
713,1,9,18,27,29
714,0,3,1,4,5
715,30,0,2,4,4
716,26,21,20,21,21
717,3,2,0,0,0
718,32,39,12,6,7
719,5,26,810,555,271
720,44,211,35,30,38
721,16,10,3,6,4
722,0,0,0,0,0
723,35,113,123,59,103
724,0,75,16,14,13
725,82,78,174,116,110
726,74,9,1,1,1
727,1,0,0,0,0
728,2,0,0,1,0
729,15,229,263,326,267
730,2,1,0,0,0
731,91,235,48,40,56
732,27,161,315,373,353
733,175,125,25,84,146
734,35,33,21,31,44
735,8,1,1,0,0
736,0,5,7,4,2
737,10,7,15,11,10
738,34,8,2,2,2
739,1,6,6,28,24
740,31,25,202,32,70
741,12,20,8,4,3
742,28,2,5,17,24
743,37,3,2,6,2
744,1,3,1,1,1
745,40,124,24,20,13
746,14,2,14,13,9
747,2,128,20,55,49
748,187,450,66,45,36
749,8,5,9,12,16
750,41,36,14,48,41
751,14,45,79,61,68
752,21,246,40,15,15
753,67,67,181,56,59
754,44,23,19,21,23
755,12,34,26,37,51
756,0,9,8,10,9
757,0,6,0,2,3
758,5,32,17,23,19
759,25,179,2,1,1
760,3,5,2,13,5
761,7,0,7,17,16
762,849,1368,1882,2078,1949
763,21,344,0,1,1
764,86,56,29,44,52
765,17,14,3,12,15
766,1,8,52,74,38
767,2275,538,492,405,438
768,1305,5103,415,263,322
769,6,0,9,4,3
770,0,7,10,16,14
771,9,9,4,19,23
772,33,17,10,11,8
773,15,56,144,103,90
774,0,0,12,16,14
775,3,3,3,2,1
776,674,150,15,24,17
777,145,282,208,73,56
778,234,47,205,209,144
779,245,102,234,210,195
780,138,429,2,5,6
781,11,18,32,69,78
782,0,48,27,11,11
783,0,4,7,3,4
784,773,1683,689,775,569
785,57,51,10,15,21
786,0,0,0,0,0
787,7,20,55,31,29
788,44,546,46,48,41
789,6,41,2,8,7
790,202,232,562,601,616
791,19,10,0,0,1
792,10,1,69,45,70
793,123,7,349,419,442
794,3,0,6,7,8
795,8,0,0,0,0
796,3,19,18,2,6
797,19,2,45,41,53
798,4,9,179,225,237
799,6,1,0,0,0
800,227,28,10,14,19
801,5,0,41,34,39
802,119,54,739,14,15
803,216,21,12,48,21
804,1,9,19,37,40
805,7,6,12,11,13
806,39,20,31,16,17
807,0,6,5,8,10
808,0,0,0,0,0
809,175,14,52,45,41
810,36,106,124,141,79
811,7,3,83,60,84
812,2,39,1,0,0
813,2,63,29,13,11
814,0,27,129,128,102
815,2,1,1,23,16
816,1,0,3,2,3
817,0,0,0,2,4
818,10,6,16,15,19
819,9,1,10,16,11
820,1,11,4,1,1
821,175,616,159,241,157
822,240,122,177,472,294
823,3,0,0,0,0
824,118,42,608,206,250
825,118,58,554,368,401
826,2,14,1,3,3
827,1,1,17,29,39
828,33,2,42,22,34
829,16,4,11,24,14
830,48,452,508,372,465
831,20,11,71,87,106
832,19,145,8,3,3
833,38,18,179,122,113
834,329,76,896,1095,1001
835,68,240,337,184,245
836,45,48,55,39,20
837,0,0,9,1,3
838,54,155,144,85,74
839,9,200,57,104,99
840,1,5,262,245,222
841,18,53,25,121,82
842,5,30,27,15,17
843,26,0,12,13,12
844,0,0,0,0,0
845,9,48,2,0,0
846,221,411,163,241,171
847,214,169,155,53,72
848,0,23,27,91,89
849,2,6,0,4,4
850,7,22,17,30,26
851,44,146,162,453,429
852,2,1,0,1,2
853,17,22,0,0,0
854,114,73,604,699,572
855,19,146,152,137,155
856,97,25,39,18,11
857,1,23,24,63,74
858,47,15,600,217,207
859,15,1,16,16,17
860,200,189,127,175,256
861,20,12,68,75,87
862,69,2,14,14,23
863,179,25,47,81,107
864,8,1,0,0,0
865,61,627,607,333,318
866,0,0,0,0,0
867,0,0,1,2,2
868,8,14,5,5,5
869,11,10,10,8,8
870,0,0,0,0,0
871,0,0,78,162,184
872,107,5,89,65,92
873,3,3,39,61,46
874,104,344,44,8,5
875,3,1,67,62,65
876,226,316,183,281,349
877,9,153,0,1,1
878,0,3,3,19,20
879,41,10,2,1,2
880,27,31,5,10,9
881,0,0,3,2,3
882,462,9,1286,886,918
883,89,159,590,410,418
884,0,4,13,42,45
885,248,62,60,94,117
886,2,22,10,9,7
887,5,39,30,36,37
888,8,8,39,52,53
889,3,3,3,1,1
890,1,29,1,0,1
891,0,12,2,0,0
892,0,2,1,31,29
893,0,0,1,2,2
894,51,427,185,273,303
895,410,480,236,222,306
896,125,9,94,0,0
897,8,1,12,13,18
898,19,122,3,4,4
899,1305,172,90,434,292
900,110,63,205,114,148
901,8,0,1,1,1
902,13,5,39,50,64
903,52,131,100,126,120
904,18,142,132,302,309
905,37,142,269,30,45
906,9,27,27,27,8
907,12,191,10,22,18
908,0,100,6,9,10
909,60,668,52,135,140
910,4,56,8,5,4
911,3,1,0,3,3
912,5,23,13,10,13
913,142,54,738,325,478
914,1,0,3,2,2
915,9,5,4,8,7
916,21,39,80,123,119
917,1,3,4,2,3
918,13,27,0,0,0
919,34,107,171,250,323
920,5,0,3,2,4
921,1,101,655,842,958
922,93,117,61,133,86
923,101,4,60,55,47
924,0,0,0,0,0
925,3,11,49,9,9
926,11,39,36,30,17
927,307,549,99,55,65
928,109,1,418,459,444
929,11,6,1,2,0
930,0,0,3,3,1
931,11,141,9,0,0
932,36,89,37,1,9
933,228,83,40,79,62
934,17,5,107,29,20
935,27,33,52,22,19
936,190,180,87,259,449
937,86,0,0,0,0
938,0,0,7,15,10
939,29,50,67,228,129
940,686,850,472,813,770
941,212,886,127,160,199
942,1,4,0,0,0
943,0,7,21,34,36
944,53,1,50,119,129
945,324,325,7,8,7
946,370,226,520,296,388
947,484,331,162,238,259
948,7,28,55,15,11
949,4,2,20,17,32
950,6,0,0,0,0
951,33,0,4,4,4
952,18,14,334,363,277
953,16,13,235,203,256
954,23,6,65,26,25
955,564,330,58,133,88
956,41,30,30,7,14
957,633,50,2,9,47
958,8,1,1,1,4
959,107,292,133,65,72
960,0,54,111,39,93
961,244,39,29,7,9
962,309,9,158,136,153
963,9,310,376,285,291
964,3,10,13,6,5
965,36,79,3,7,7
966,7,64,1,19,12
967,62,81,11,10,12
968,19,184,73,45,72
969,9,101,316,400,315
970,27,7,24,13,12
971,43,130,9,15,9
972,55,2,12,21,18
973,4,0,0,1,0
974,4,0,11,12,13
975,88,94,72,103,120
976,14,350,99,42,42
977,36,14,221,256,263
978,13,12,1,1,1
979,46,1,4,7,5
980,0,2,1,3,3
981,7,10,31,17,14
982,370,16,528,753,814
983,1,0,0,0,0
984,7,327,45,23,28
985,11,206,41,31,23
986,2,85,23,55,47
987,290,273,123,75,135
988,21,2,2,4,3
989,16,26,182,184,224
990,29,25,30,30,25
991,2,1,3,4,5
992,259,378,310,338,236
993,1,43,46,43,30
994,50,21,43,167,127
995,93,14,9,3,2
996,114,40,81,32,29
997,87,1193,764,1152,1308
998,380,833,830,619,633
999,87,18,23,39,31
1000,126,98,221,258,132
1001,1,40,5,5,3
1002,0,9,0,0,0
1003,1,0,3,3,3
1004,116,285,261,107,93
1005,2,2,6,10,10
1006,114,220,1017,777,807
1007,271,1036,534,406,490
1008,7,11,71,274,195
1009,159,1410,512,461,828
1010,0,12,3,2,3
1011,6,71,3,24,23
1012,50,64,4,2,1
1013,43,0,0,1,1
1014,1,0,9,14,10
1015,35,47,0,0,0
1016,7,7,90,96,102
1017,48,25,95,171,151
1018,101,24,7,20,27
1019,83,15,29,146,139
1020,19,30,70,97,84
1021,1,5,40,70,94
1022,35,134,7,6,6
1023,31,171,300,182,204
1024,18,5,34,14,11
1025,98,54,10,4,4
1026,0,1,0,1,0
1027,246,36,180,226,226
1028,111,139,6,19,24
1029,0,0,0,0,0
1030,37,15,19,15,14
1031,2,1,7,14,18
1032,285,227,433,440,364
1033,273,87,198,111,133
1034,39,15,72,48,35
1035,31,51,19,50,51
1036,55,622,315,210,310
1037,42,215,56,76,123
1038,5,2,6,7,4
1039,45,3,43,36,23
1040,0,16,7,10,8
1041,0,1,214,151,98
1042,45,20,23,53,76
1043,20,133,20,77,67
1044,0,0,11,3,2
1045,0,0,1,1,0
1046,24,22,9,70,65
1047,13,70,826,1285,1462
1048,0,1,20,6,14
1049,5,66,51,82,65
1050,7,7,12,36,33
1051,47,219,718,906,881
1052,19,27,11,1,5
1053,13,12,3,12,8
1054,70,293,37,14,21
1055,24,28,9,93,67
1056,6,11,15,15,17
1057,92,27,18,27,29
1058,26,21,124,167,116
1059,195,10,22,12,11
1060,86,20,88,57,64
1061,11,21,786,306,290
1062,2,111,193,142,146
1063,590,80,66,7,10
1064,2053,528,974,1301,1435
1065,4,58,0,24,12
1066,1,3,14,4,4
1067,32,361,312,205,413
1068,0,4,60,35,22
1069,89,54,219,248,286
1070,2,14,6,9,8
1071,29,2,130,116,67
1072,3,2,6,5,3
1073,16,0,6,10,12
1074,0,1,0,0,0
1075,15,42,8,5,8
1076,1250,1118,118,139,145
1077,449,284,170,422,562
1078,50,1,3,1,2
1079,265,1143,449,646,436
1080,452,121,15,9,6
1081,13,7,45,45,35
1082,5,0,0,1,0
1083,1,88,3,6,8
1084,11,5,13,16,13
1085,48,216,180,115,108
1086,51,2,0,0,0
1087,5,1,44,36,42
1088,41,8,40,30,16
1089,10,3,186,109,135
1090,32,13,221,62,84
1091,0,0,0,0,0
1092,51,54,20,44,45
1093,35,12,71,63,52
1094,43,79,55,4,14
1095,15,42,3,3,4
1096,27,6,2,2,1
1097,0,35,9,8,6
1098,0,10,1,1,0
1099,2,1,46,42,35
1100,12,6,420,481,708
1101,50,22,6,1,1
1102,9,1,23,27,18
1103,5,1,0,0,0
1104,21,173,247,210,150
1105,1,25,80,70,49
1106,7,37,36,7,10
1107,83,32,627,960,1528
1108,1,5,13,54,52
1109,226,30,123,38,51
1110,35,102,5,3,1
1111,89,8,3,35,16
1112,258,15,39,26,23
1113,43,8,1,5,5
1114,19,1,0,3,2
1115,0,8,103,264,363
1116,48,34,41,109,156
1117,622,15,222,217,233
1118,37,62,103,58,65
1119,882,411,251,160,172
1120,150,12,2,0,0
1121,4,4,481,618,543
1122,2,1,4,0,0
1123,20,4,44,7,11
1124,103,0,4,20,26
1125,258,10,16,9,8
1126,2,7,6,6,8
1127,5,1,7,4,4
1128,2,12,42,38,53
1129,0,0,22,95,93
1130,5,46,146,204,244
1131,6,2,0,0,0
1132,6,3,0,0,0
1133,0,4,10,7,7
1134,2,3,17,14,18
1135,2,1,1,0,0
1136,11,7,11,18,17
1137,50,39,1,0,0
1138,7,1,6,0,3
1139,73,15,0,0,0
1140,38,12,23,34,18
1141,0,0,0,9,4
1142,2,2,2,0,1
1143,21,36,28,13,10
1144,104,249,952,1137,1084
1145,4,3,22,21,15
1146,16,86,67,19,20
1147,21,24,0,0,0
1148,79,116,28,23,23
1149,1,9,8,7,3
1150,1,0,3,1,1
1151,137,488,766,736,507
1152,131,9,324,158,204
1153,183,15,19,5,8
1154,0,0,1,3,3
1155,1,0,0,0,1
1156,0,2,10,15,11
1157,0,0,0,0,0
1158,32,63,5,1,3
1159,1,49,275,101,210
1160,52,62,79,23,59
1161,24,0,10,3,6
1162,6,1,12,13,16
1163,65,160,1137,1479,1437
1164,18,62,159,125,120
1165,12,135,48,96,89
1166,5,151,402,376,364
1167,13,3,18,27,24
1168,11,30,16,16,17
1169,9,12,17,12,16
1170,2,1,5,6,4
1171,11,0,7,4,8
1172,8,2,14,7,4
1173,17,8,1,2,3
1174,1,2,16,39,48
1175,8,117,22,40,47
1176,32,586,144,343,320
1177,4,2,102,61,75
1178,5,5,4,1,2
1179,0,0,61,46,80
1180,0,13,5,6,5
1181,28,0,17,5,3
1182,23,83,365,329,298
1183,33,743,378,266,477
1184,24,34,11,71,59
1185,0,0,8,8,9
1186,2,4,5,8,7
1187,63,20,161,187,210
1188,66,12,71,117,98
1189,196,25,4,1,2
1190,0,1,1,3,2
1191,86,53,44,76,44
1192,26,43,150,204,192
1193,203,736,297,307,275
1194,15,2,7,10,5
1195,146,14,21,7,16
1196,4,0,1,2,1
1197,428,1470,1040,1394,1213
1198,11,17,19,56,73
1199,77,190,462,780,846
1200,372,957,460,541,382
1201,14,14,43,77,80
1202,0,64,0,5,6
1203,1,0,13,4,3
1204,4,21,627,547,509
1205,2,13,5,10,10
1206,0,3,10,11,14
1207,622,371,239,227,391
1208,85,48,9,15,15
1209,12,0,0,0,0
1210,0,2,10,7,8
1211,2,0,0,0,0
1212,49,113,8,9,9
1213,378,491,995,1098,1020
1214,73,39,47,55,53
1215,408,170,52,77,84
1216,116,840,519,464,457
1217,0,52,15,15,8
1218,7,17,25,21,16
1219,0,0,3,8,7
1220,6,5,0,0,0
1221,0,0,0,0,0
1222,5,4,11,3,3
1223,4,1,5,4,5
1224,86,3,69,23,46
1225,424,284,1446,760,1178
1226,0,0,1,1,0
1227,57,55,159,145,148
1228,0,1,1,1,1
1229,49,1,22,5,2
1230,355,97,499,589,436
1231,0,5,0,0,0
1232,13,59,2,8,3
1233,133,283,668,795,734
1234,113,69,17,19,16
1235,0,0,2,0,0
1236,1,0,0,1,1
1237,2,3,0,0,0
1238,29,101,13,13,12
1239,72,253,124,187,206
1240,17,132,21,14,22
1241,43,30,23,27,29
1242,127,362,524,350,298
1243,103,10,24,7,6
1244,19,7,11,15,14
1245,60,3,9,13,31
1246,0,8,26,5,4
1247,31,191,253,154,177
1248,169,20,109,159,155
1249,46,4,3,4,6
1250,1,11,2,13,13
1251,12,154,6,12,2
1252,47,9,7,6,17
1253,0,0,2,1,1
1254,397,185,119,21,11
1255,17,96,68,68,47
1256,53,14,62,39,37
1257,0,1,383,269,213
1258,3,189,262,26,38
1259,4,0,7,6,3
1260,29,47,14,17,34
1261,18,3,54,74,78
1262,6,5,18,13,13
1263,18,147,74,112,108
1264,193,56,69,47,53
1265,39,86,103,123,116
1266,38,337,30,37,26
1267,1,8,16,23,20
1268,18,44,2,15,14
1269,0,0,9,7,3
1270,69,115,50,66,72
1271,47,49,55,58,82
1272,10,1,72,29,26
1273,100,44,57,73,62
1274,2,2,0,2,2
1275,7,3,12,17,17
1276,22,32,17,17,22
1277,21,0,1,0,0
1278,3,15,0,1,1
1279,0,0,0,0,0
1280,2,209,99,78,102
1281,1,188,792,853,889
1282,0,2,5,6,5
1283,125,57,100,175,190
1284,63,0,38,14,27
1285,2,53,23,43,36
1286,0,13,14,0,2
1287,0,0,2,8,4
1288,0,0,2,4,0
1289,4,0,4,6,10
1290,28,16,38,51,30
1291,33,45,589,551,518
1292,1,34,90,104,65
1293,8,4,10,10,10
1294,72,129,42,4,14
1295,4,0,53,39,33
1296,1,2,81,93,45
1297,13,175,10,3,5
1298,2,5,1,0,0
1299,12,18,13,10,4
1300,44,40,0,0,0
1301,125,75,136,105,117
1302,21,6,110,149,141
1303,5,45,62,60,54
1304,9,13,1310,1292,1456
1305,2,4,72,209,204
1306,0,0,11,10,8
1307,183,619,5,4,6
1308,158,428,273,231,229
1309,2,7,32,34,35
1310,0,1,2,16,8
1311,10,92,295,246,202
1312,419,291,97,219,219
1313,7,3,0,0,0
1314,16,24,6,19,20
1315,31,90,332,301,401
1316,5,6,28,18,21
1317,62,12,85,28,31
1318,5,17,17,14,13
1319,35,2,19,2,1
1320,1,3,28,25,17
1321,279,259,52,61,53
1322,56,14,11,25,33
1323,9,5,51,63,70
1324,9,8,1,3,1
1325,5,17,17,23,35
1326,21,230,190,59,52
1327,11,2,1,7,7
1328,35,43,52,97,57
1329,0,0,16,9,5
1330,0,0,0,0,0
1331,102,28,32,76,85
1332,89,342,120,168,184
1333,264,2,729,707,715
1334,4,0,5,9,9
1335,4,2,6,6,5
1336,3,364,39,98,110
1337,3,7,310,303,424
1338,85,12,36,48,35
1339,138,103,318,490,449
1340,12,21,8,33,23
1341,1,0,0,1,0
1342,114,50,180,42,28
1343,250,334,607,735,741
1344,118,73,210,191,174
1345,19,1,9,15,26
1346,39,55,9,10,5
1347,53,94,232,210,195
1348,5,71,0,2,2
1349,15,7,9,15,14
1350,327,279,94,226,275
1351,156,250,72,26,52
1352,456,569,136,54,61
1353,51,36,10,66,105
1354,401,2509,2056,1937,1686
1355,4,14,25,5,6
1356,7,5,27,52,31
1357,2,0,4,12,12
1358,3,0,11,1,4
1359,74,10,57,75,100
1360,24,14,21,73,63
1361,0,3,7,4,4
1362,52,35,1,0,3
1363,165,75,18,37,46
1364,9,115,96,55,48
1365,44,57,275,44,25
1366,592,852,605,1041,903
1367,0,0,13,29,44
1368,0,4,15,6,6
1369,72,16,224,37,31
1370,78,583,1,15,19
1371,9,2,3,6,7
1372,0,35,84,88,101
1373,29,5,1,2,2
1374,4,43,53,73,92
1375,9,104,342,368,329
1376,69,40,4,8,10
1377,45,11,7,8,4
1378,1265,1307,1539,1614,2145
1379,12,6,9,23,27
1380,39,76,14,44,31
1381,9,1,6,12,10
1382,2,0,0,0,0
1383,93,19,4,8,7
1384,286,1104,161,176,109
1385,32,49,96,32,50
1386,14,27,53,36,51
1387,46,4,102,71,95
1388,67,37,136,174,86
1389,168,595,56,167,204
1390,6,2,23,20,23
1391,0,39,35,8,8
1392,5,53,31,46,20
1393,7,0,4,12,9
1394,122,17,6,37,36
1395,88,24,15,47,48
1396,40,123,137,101,125
1397,19,36,26,29,24
1398,2,9,27,62,60
1399,247,848,984,1569,1312
1400,0,0,1,1,1
1401,1,3,118,156,91
1402,57,12,86,104,156
1403,13,9,40,28,29
1404,7,86,134,123,125
1405,16,6,102,51,67
1406,15,0,0,0,0
1407,19,18,59,44,37
1408,0,6,0,2,1
1409,5,16,0,1,1
1410,36,13,141,45,47
1411,2,1,0,1,1
1412,1,4,48,42,63
1413,196,407,340,209,190
1414,13,11,40,225,207
1415,27,45,17,6,6
1416,0,0,4,4,3
1417,0,1,4,5,5
1418,4,0,152,59,64
1419,6,18,50,45,53
1420,481,27,244,655,574
1421,25,65,239,151,113
1422,1,6,0,9,3
1423,329,41,18,11,15
1424,3,146,413,294,348
1425,7,21,1,3,3
1426,625,58,136,124,91
1427,1,1,3,1,3
1428,11,309,154,192,260
1429,9,0,25,19,18
1430,34,54,47,27,30
1431,45,0,1,4,3
1432,2,0,5,6,4
1433,1,0,30,32,26
1434,1,1,2,26,29
1435,597,226,40,99,97
1436,54,622,48,21,17
1437,2,6,18,23,21
1438,1,8,1,2,1
1439,9,22,12,3,4
1440,133,31,105,6,10
1441,75,41,38,33,53
1442,2,111,27,38,29
1443,0,0,0,1,1
1444,181,292,420,610,530
1445,75,12,28,27,25
1446,77,13,69,81,117
1447,1,2,0,3,4
1448,175,28,41,52,48
1449,78,913,163,202,214
1450,1,5,24,12,7
1451,0,1,0,0,0
1452,47,0,26,18,20
1453,1,1,3,2,2
1454,0,0,0,0,0
1455,0,29,107,72,90
1456,4,4,4,4,4
1457,49,138,266,813,643
1458,38,4,12,7,8
1459,7,289,1297,936,667
1460,909,129,640,732,698
1461,31,3,12,19,22
1462,3,0,7,1,1
1463,1,0,0,4,5
1464,36,0,38,56,63
1465,101,9,120,108,122
1466,45,107,7,16,12
1467,2,24,72,108,87
1468,22,161,846,1179,871
1469,34,13,107,13,17
1470,17,31,5,22,11
1471,12,17,40,45,28
1472,86,899,215,182,105
1473,72,40,8,3,4
1474,2,4,3,1,1
1475,3,3,0,0,0
1476,62,94,501,323,300
1477,9,78,0,4,8
1478,0,6,0,0,0
1479,2,0,1,5,7
1480,48,22,81,0,0
1481,27,20,22,12,17
1482,491,15,54,73,64
1483,7,4,16,28,47
1484,4,3,1,0,0
1485,2,0,51,60,45
1486,145,771,515,234,219
1487,68,0,2,2,2
1488,531,36,268,294,481
1489,2163,522,223,180,230
1490,18,58,8,27,29
1491,23,221,11,5,7
1492,1,14,118,114,118
1493,9,15,167,241,236
1494,0,0,4,5,8
1495,31,24,22,44,50
1496,0,0,0,0,0
1497,19,37,120,72,90
1498,6,7,14,26,22
1499,1,4,0,3,2
1500,601,306,2546,3037,2555
1501,58,55,210,36,66
1502,358,317,101,127,136
1503,12,248,412,606,729
1504,2,15,273,192,218
1505,12,44,4,0,1
1506,0,0,5,6,7
1507,0,64,1561,1170,976
1508,0,0,0,0,0
1509,94,42,4,5,4
1510,16,14,9,5,6
1511,0,0,0,1,3
1512,0,0,70,47,46
1513,307,249,34,1,1
1514,44,56,192,182,154
1515,629,167,7,39,35
1516,0,1,2,1,1
1517,20,201,30,16,33
1518,2,3,0,0,0
1519,0,1,4,10,20
1520,2,0,39,29,37
1521,1,0,1,0,0
1522,1,16,39,35,26
1523,48,96,29,81,110
1524,233,241,211,290,305
1525,25,58,0,0,0
1526,4,9,3,3,3
1527,133,364,119,14,25
1528,97,112,87,41,24
1529,27,143,78,45,46
1530,60,413,127,76,95
1531,7,8,3,3,4
1532,55,24,49,46,31
1533,2104,258,251,197,150
1534,10,20,10,11,14
1535,4,0,0,0,0
1536,12,30,23,31,34
1537,6,124,21,36,29
1538,6,8,29,3,4
1539,69,319,612,778,916
1540,18,29,375,133,216
1541,0,0,0,1,1
1542,63,28,4,2,1
1543,7,10,26,26,27
1544,25,244,13,19,16
1545,103,198,20,47,42
1546,1,0,1,1,1
1547,0,0,49,27,16
1548,12,4,4,3,1
1549,0,0,0,0,0
1550,140,34,17,10,22
1551,17,70,85,40,20
1552,154,632,67,92,92
1553,0,0,0,0,0
1554,11,12,11,4,4
1555,0,0,5,3,4
1556,2,1,20,23,18
1557,134,114,57,59,43
1558,11,4,39,24,19
1559,109,121,89,95,78
1560,61,93,11,4,4
1561,2,32,23,14,14
1562,7,6,2,10,11
1563,6,35,135,78,124
1564,2,0,13,15,7
1565,12,35,1,7,6
1566,75,3,3,4,5
1567,11,112,5,2,2
1568,0,0,20,19,13
1569,219,124,131,200,146
1570,22,4,75,96,120
1571,5,1,71,81,94
1572,328,698,40,15,26
1573,3,0,0,2,1
1574,4,27,1,1,1
1575,1,15,0,0,0
1576,6,36,83,56,67
1577,6,3,406,359,267
1578,893,690,238,417,553
1579,13,17,16,61,68
1580,5,17,4,2,0
1581,17,2,2,5,3
1582,0,9,0,6,7
1583,14,1,24,150,183
1584,29,1,5,1,1
1585,25,8,3,5,10
1586,0,0,0,0,0
1587,0,40,26,63,63
1588,223,51,346,732,604
1589,967,18,84,141,145
1590,0,69,185,72,41
1591,19,15,5,5,10
1592,2,0,0,1,2
1593,23,13,216,377,247
1594,135,100,583,171,208
1595,1,10,2,3,2
1596,95,23,263,61,46
1597,0,43,4,34,42
1598,35,13,27,8,6
1599,2,20,9,22,21
1600,16,0,0,1,0
1601,131,187,45,21,22
1602,0,0,0,0,0
1603,10,1,12,11,10
1604,163,33,7,6,13
1605,26,154,110,136,105
1606,19,13,66,122,61
1607,8,9,33,4,4
1608,81,32,109,64,66
1609,322,286,129,178,115
1610,52,82,191,244,267
1611,10,21,49,117,63
1612,7,27,14,15,27
1613,187,1138,68,61,74
1614,0,0,0,2,1
1615,98,1081,345,304,188
1616,265,5,26,73,75
1617,7,5,21,34,47
1618,35,32,28,32,29
1619,15,60,897,558,794
1620,4,8,2,14,16
1621,5,0,12,17,14
1622,2,1,2,0,0
1623,4,33,197,199,180
1624,78,43,140,236,293
1625,21,16,11,28,17
1626,76,385,191,168,192
1627,60,99,769,829,699
1628,391,422,229,247,271
1629,6,0,0,0,0
1630,92,22,0,10,5
1631,0,0,0,0,0
1632,12,2,6,16,19
1633,37,38,179,105,111
1634,163,34,162,240,134
1635,4,7,184,199,108
1636,6,6,3,0,1
1637,2,25,2,30,34
1638,113,338,351,325,284
1639,8,84,44,30,38
1640,7,42,75,70,56
1641,0,0,10,2,1
1642,15,29,60,83,99
1643,0,0,0,0,0
1644,5,17,338,280,278
1645,100,722,37,95,99
1646,9,0,3,3,3
1647,0,2,0,0,0
1648,61,80,405,406,231
1649,13,8,83,29,10
1650,13,55,394,169,137
1651,1,0,6,4,5
1652,56,79,9,20,31
1653,0,0,2,3,4
1654,10,72,52,73,49
1655,5,5,0,0,0
1656,227,480,95,133,79
1657,0,18,12,8,12
1658,1,9,19,120,114
1659,6,1,5,7,8
1660,309,603,364,471,474
1661,3,2,32,26,30
1662,19,8,88,54,29
1663,14,185,198,95,38
1664,30,75,229,636,707
1665,2,27,22,64,34
1666,1,0,1,0,1
1667,12,9,21,84,95
1668,16,3,10,6,1
1669,0,6,5,1,3
1670,466,500,36,38,30
1671,44,6,34,14,17
1672,251,127,118,18,19
1673,62,3,38,17,19
1674,124,296,25,14,9
1675,164,51,15,8,8
1676,41,43,1,2,2
1677,6,4,3,3,1
1678,9,8,16,13,10
1679,56,263,443,340,448
1680,7,44,19,29,41
1681,225,3,2,3,3
1682,36,40,15,15,12
1683,36,92,92,56,54
1684,19,3,44,60,62
1685,1,100,189,234,223
1686,29,5,1,4,6
1687,68,17,308,404,383
1688,5,65,366,465,333
1689,10,0,7,3,2
1690,3,0,16,13,20
1691,130,14,353,52,38
1692,21,1,24,24,18
1693,5,5,2,2,2
1694,7,2,9,33,25
1695,33,10,909,758,930
1696,4,9,1,0,0
1697,148,96,466,403,407
1698,53,69,75,31,61
1699,69,5,134,84,116
1700,31,0,0,0,0
1701,12,145,174,145,106
1702,0,2,15,10,6
1703,17,39,221,432,491
1704,3,7,64,52,88
1705,54,85,19,8,20
1706,344,68,11,7,11
1707,2,1,2,4,3
1708,2,15,8,6,8
1709,11,15,14,1,2
1710,189,40,0,11,0
1711,21,31,15,34,28
1712,1,0,0,1,1
1713,12,69,126,65,70
1714,1024,459,1751,1557,1481
1715,6,8,0,0,0
1716,17,8,22,38,31
1717,1,1,3,0,0
1718,44,7,21,60,48
1719,19,7,18,2,3
1720,69,6,31,50,30
1721,289,187,733,617,656
1722,474,230,280,411,315
1723,21,172,31,3,2
1724,28,6,13,17,15
1725,164,228,72,30,23
1726,1,5,19,32,35
1727,5,2,8,21,28
1728,75,4,2,10,9
1729,12,6,24,21,11
1730,1,9,1,0,0
1731,6,104,75,126,129
1732,67,33,129,121,125
1733,9,6,1,2,2
1734,64,7,139,67,85
1735,147,55,4,2,2
1736,0,0,0,1,1
1737,8,8,14,24,15
1738,28,7,1,4,3
1739,16,20,17,28,30
1740,235,55,7,20,7
1741,214,29,166,205,198
1742,2,0,0,0,0
1743,20,7,118,48,38
1744,0,4,8,7,8
1745,1055,89,90,374,398
1746,0,0,7,3,4
1747,0,0,0,1,1
1748,0,0,2,3,6
1749,0,2,33,10,9
1750,3,11,4,0,2
1751,0,0,1,1,1
1752,1,6,4,5,11
1753,163,104,56,28,26
1754,0,17,5,11,10
1755,16,30,41,29,20
1756,6,1,139,174,145
1757,115,20,89,143,132
1758,0,3,26,20,24
1759,266,999,213,221,216
1760,89,98,187,18,14
1761,3,4,0,0,0
1762,70,2,1,4,3
1763,2,244,97,156,129
1764,1,0,19,6,9
1765,19,68,154,126,153
1766,89,41,58,78,89
1767,0,4,2,2,2
1768,246,147,136,130,159
1769,63,2,18,2,2
1770,11,0,3,2,0
1771,0,0,0,1,4
1772,172,519,1,1,1
1773,167,311,13,39,49
1774,3,0,5,6,11
1775,5,2,0,0,0
1776,111,3,17,6,5
1777,143,48,14,30,37
1778,0,2,27,50,43
1779,32,51,5,2,2
1780,119,239,28,74,74
1781,117,26,137,79,91
1782,0,4,15,3,4
1783,160,1225,277,376,371
1784,5,14,3,3,3
1785,1,0,2,3,2
1786,283,52,44,61,99
1787,61,108,49,43,58
1788,0,20,0,2,2
1789,255,81,77,66,52
1790,523,115,473,210,329
1791,6,4,43,21,26
1792,4,3,6,29,20
1793,21,16,9,10,7
1794,25,530,883,1079,932
1795,126,3,6,3,4
1796,4,0,1,0,0
1797,28,17,0,0,0
1798,38,0,3,3,4
1799,12,3,103,102,96
1800,0,0,1,8,6
1801,17,40,37,96,116
1802,726,787,308,212,190
1803,72,67,106,62,56
1804,10,133,283,234,273
1805,0,7,22,4,5
1806,134,217,5,5,13
1807,1,17,116,163,109
1808,24,19,14,4,5
1809,51,24,48,11,22
1810,68,92,703,278,341
1811,74,16,10,3,2
1812,1,2,18,16,13
1813,0,5,15,13,10
1814,13,5,0,0,0
1815,4,11,75,44,20
1816,43,56,20,18,9
1817,6,34,2,2,2
1818,1,1,0,0,0
1819,6,37,131,204,200
1820,0,23,17,37,60
1821,39,29,26,19,18
1822,68,85,175,167,156
1823,2,0,0,5,2
1824,5,618,751,718,731
1825,183,640,318,503,418
1826,44,16,162,96,83
1827,181,209,69,34,37
1828,6,8,3,3,2
1829,3,1,28,24,31
1830,0,2,0,0,0
1831,1,0,15,15,16
1832,103,34,43,33,35
1833,501,1118,93,100,108
1834,1,0,3,0,0
1835,460,45,41,57,44
1836,1,5,122,102,86
1837,218,26,11,12,10
1838,103,110,50,111,69
1839,0,3,1,3,3
1840,7,11,31,45,33
1841,0,0,4,9,9
1842,93,86,112,78,87
1843,3,8,4,2,3
1844,25,52,92,176,153
1845,68,14,71,84,108
1846,450,234,328,348,231
1847,0,0,0,0,0
1848,29,3,447,521,435
1849,0,0,0,0,0
1850,2,0,17,20,6
1851,739,27,0,20,29
1852,13,90,4,0,0
1853,5,1,7,9,9
1854,21,29,81,99,111
1855,5,22,88,56,60
1856,0,7,8,26,17
1857,26,17,49,8,16
1858,21,116,168,70,110
1859,898,386,282,250,226
1860,4,128,36,168,265
1861,100,140,201,233,217
1862,0,0,0,0,0
1863,185,8,2,3,4
1864,40,13,16,15,14
1865,79,7,231,123,45
1866,8,2,0,0,4
1867,24,16,17,71,68
1868,61,54,109,89,88
1869,39,9,3,22,7
1870,1,0,5,2,6
1871,320,304,445,218,145
1872,624,13,29,45,28
1873,7,91,19,16,18
1874,0,0,0,0,0
1875,1,0,6,2,1
1876,2,0,5,7,4
1877,189,244,246,167,231
1878,0,1,2,3,2
1879,2,0,0,0,0
1880,10,7,4,1,0
1881,7,25,24,2,6
1882,14,88,83,62,102
1883,255,33,36,28,31
1884,2,70,15,3,2
1885,183,78,219,235,232
1886,243,32,23,104,123
1887,4,1,4,10,10
1888,12,1969,1145,1610,1605
1889,211,137,26,55,56
1890,0,0,0,2,3
1891,94,395,73,81,59
1892,0,0,0,0,0
1893,7,70,99,87,75
1894,0,0,1,1,1
1895,0,0,11,10,5
1896,9,0,76,60,95
1897,6,22,19,6,10
1898,0,0,8,3,2
1899,1,0,1,2,2
1900,81,292,44,106,66
1901,29,52,619,611,483
1902,0,50,77,78,63
1903,121,47,17,7,4
1904,96,231,103,173,232
1905,0,0,61,65,56
1906,32,13,0,0,0
1907,414,66,100,158,167
1908,3,2,1,1,6
1909,498,1263,483,432,262
1910,14,5,11,15,17
1911,83,54,23,25,30
1912,1,17,66,95,108
1913,0,20,6,14,16
1914,11,34,92,34,39
1915,38,102,288,256,208
1916,25,71,81,43,61
1917,31,0,331,425,406
1918,17,7,2,22,37
1919,105,242,663,639,680
1920,131,232,512,768,791
1921,4,3,14,17,7
1922,3,4,0,0,2
1923,1,10,0,0,0
1924,17,31,32,35,28
1925,11,4,2,1,0
1926,3,230,1247,1566,1552
1927,16,24,19,38,25
1928,125,167,6,105,101
1929,82,45,133,120,128
1930,21,108,115,193,165
1931,0,6,1,0,1
1932,116,66,19,20,28
1933,141,160,290,410,422
1934,1,2,0,1,1
1935,239,34,61,35,62
1936,74,161,1303,1190,1225
1937,1,20,0,0,0
1938,8,24,156,118,157
1939,10,11,365,36,46
1940,28,92,124,99,97
1941,20,3,41,69,85
1942,2,0,307,173,177
1943,301,20,52,34,25
1944,23,15,1,3,7
1945,96,93,63,2,3
1946,90,412,247,269,205
1947,11,0,12,103,81
1948,617,380,0,0,0
1949,7,0,0,0,0
1950,3,6,97,121,107
1951,1,4,1,3,3
1952,56,131,154,282,314
1953,4,0,0,2,0
1954,9,3,154,160,117
1955,20,43,240,219,201
1956,4,495,233,186,197
1957,45,59,0,0,0
1958,30,2,3,1,3
1959,321,111,311,364,337
1960,17,15,17,11,9
1961,133,1,1,0,0
1962,1,8,3,4,2
1963,2,11,25,58,50
1964,14,20,11,13,7
1965,9,10,51,38,47
1966,37,32,144,143,166
1967,56,63,88,113,114
1968,48,105,41,57,51
1969,0,0,19,12,11
1970,2,30,98,116,99
1971,0,0,1,0,0
1972,9,16,4,27,42
1973,3,15,10,5,9
1974,45,9,1,1,3
1975,25,726,21,3,12
1976,5,0,0,1,2
1977,14,17,0,0,0
1978,2,2,135,103,133
1979,13,45,132,252,279
1980,189,9,27,49,44
1981,212,311,706,587,562
1982,246,14,215,197,214
1983,51,68,0,1,2
1984,68,74,515,788,539
1985,26,14,69,31,36
1986,466,67,76,124,104
1987,0,7,1,0,0
1988,9,11,2,1,3
1989,0,0,0,0,0
1990,0,15,99,49,64
1991,7,5,32,42,59
1992,8,1,0,1,1
1993,11,12,10,54,41
1994,60,21,3,6,2
1995,28,53,15,5,4
1996,25,14,16,6,5
1997,0,14,5,14,11
1998,33,14,55,22,16
1999,3,10,57,88,104
2000,5,3,39,33,39
2001,1,12,4,5,3
2002,7,35,3,1,1
2003,26,19,422,323,313
2004,405,110,122,34,74
2005,236,200,122,70,58
2006,0,1,0,0,0
2007,0,33,5,8,6
2008,0,6,0,0,0
2009,21,100,149,280,206
2010,9,5,11,6,6
2011,3,38,7,5,3
2012,4,8,2,4,3
2013,0,2,0,0,0
2014,497,408,4,78,42
2015,661,256,209,169,212
2016,103,15,18,8,8
2017,6,4,106,81,73
2018,8,5,59,8,2
2019,0,1,35,29,19
2020,106,130,148,37,47
2021,0,18,15,22,14
2022,9,0,3,3,3
2023,5,9,12,4,5
2024,34,200,28,29,28
2025,0,3,0,0,0
2026,111,12,34,2,2
2027,0,0,38,15,14
2028,59,9,428,104,112
2029,246,191,230,117,105
2030,75,41,43,16,11
2031,259,335,769,1177,1296
2032,0,1,0,19,12
2033,6,4,50,88,100
2034,0,23,14,37,41
2035,396,191,33,27,40
2036,3,12,21,16,9
2037,210,205,1286,1346,1282
2038,4,5,10,5,9
2039,327,89,685,193,229
2040,10,47,1482,1233,1158
2041,16,35,96,159,160
2042,308,31,113,31,47
2043,69,103,20,11,9
2044,78,64,136,67,57
2045,65,83,366,439,384
2046,1,20,268,178,220
2047,7,26,18,65,48
2048,0,3,45,23,22
2049,1,52,1,49,46
2050,33,56,7,6,3
2051,174,729,476,426,318
2052,5,12,9,17,24
2053,50,23,132,183,207
2054,0,0,4,16,2
2055,6,120,212,141,64
2056,9,33,11,15,8
2057,50,391,155,202,225
2058,1368,116,120,203,187
2059,52,98,38,20,18
2060,40,1,38,36,43
2061,32,27,450,623,536
2062,10,22,82,114,101
2063,72,10,59,82,44
2064,39,3,12,11,15
2065,18,20,15,13,12
2066,164,20,65,134,140
2067,0,27,42,39,29
2068,5,9,1,1,0
2069,19,5,4,28,25
2070,2,1,3,1,2
2071,85,166,35,32,38
2072,0,1,9,20,13
2073,133,19,443,738,639
2074,0,38,45,27,18
2075,0,0,1,1,1
2076,1915,1633,664,697,444
2077,0,15,41,17,25
2078,67,49,33,3,2
2079,5,6,3,2,2
2080,225,1508,805,527,774
2081,7,12,3,4,4
2082,64,2,3,1,0
2083,0,2,1,4,4
2084,0,0,4,1,1
2085,186,163,12,7,8
2086,0,10,229,138,143
2087,10,4,3,1,3
2088,90,21,10,7,12
2089,6,0,5,8,13
2090,203,301,82,107,105
2091,31,87,193,150,146
2092,3,2,16,9,13
2093,59,0,15,6,6
2094,1,3,7,5,11
2095,3,40,3,3,3
2096,290,18,93,104,146
2097,0,4,11,7,10
2098,15,37,143,142,84
2099,8,68,11,17,26
2100,23,241,211,460,528
2101,776,64,90,196,118
2102,0,50,16,12,13
2103,466,203,904,1472,1575
2104,8,1,2,5,6
2105,4,0,3,25,30
2106,34,4,6,11,8
2107,44,137,53,75,79
2108,28,13,37,37,31
2109,10,3,32,53,38
2110,10,5,2,2,1
2111,0,0,1,1,1
2112,2,12,409,230,227
2113,75,437,233,296,327
2114,2,69,102,70,92
2115,6,5,24,24,23
2116,5,2,35,58,44
2117,40,2,25,24,26
2118,8,2,2,3,1
2119,40,1097,608,430,391
2120,1,0,118,38,40
2121,1272,235,665,721,789
2122,18,97,138,98,118
2123,0,4,16,6,2
2124,0,4,6,2,0
2125,44,102,21,25,31
2126,0,0,0,0,0
2127,7,10,4,6,5
2128,1,81,117,151,159
2129,0,0,0,0,0
2130,17,26,11,14,16
2131,0,49,29,25,30
2132,21,9,50,57,60
2133,98,328,88,168,130
2134,64,2,2,2,2
2135,0,2,7,22,26
2136,43,170,1062,304,350
2137,344,471,1013,499,732
2138,3,0,17,8,7
2139,26,89,33,38,37
2140,0,1,156,94,75
2141,56,117,25,17,21
2142,77,26,53,128,96
2143,5,18,43,41,82
2144,124,99,126,128,102
2145,11,178,70,71,160
2146,73,61,90,83,124
2147,0,20,6,10,13
2148,1,21,5,5,5
2149,28,6,24,12,18
2150,25,66,16,53,49
2151,0,6,79,72,66
2152,29,15,346,369,250
2153,22,1,829,870,921
2154,123,6,3,2,3
2155,0,7,0,1,1
2156,49,0,5,8,8
2157,27,159,564,343,259
2158,31,760,400,976,1103
2159,326,349,147,123,75
2160,33,0,0,13,5
2161,0,13,0,2,1
2162,116,135,12,21,21
2163,0,2,5,4,1
2164,0,2,15,23,23
2165,7,67,16,12,11
2166,67,8,10,1,1
2167,6,2,16,28,31
2168,49,4,105,101,106
2169,216,109,269,427,354
2170,242,353,101,109,113
2171,234,179,90,13,27
2172,49,1845,824,321,432
2173,22,8,114,96,133
2174,4,2,24,92,72
2175,586,245,22,56,53
2176,11,11,40,60,85
2177,1822,319,85,72,78
2178,49,182,37,184,272
2179,40,5,53,64,63
2180,0,19,17,22,20
2181,262,172,110,234,251
2182,40,46,419,849,813
2183,209,999,1142,633,707
2184,4,1,2,0,0
2185,26,229,302,204,152
2186,5,0,7,4,4
2187,87,28,82,107,138
2188,18,43,20,23,20
2189,1,0,4,15,13
2190,25,118,7,14,17
2191,52,227,309,456,436
2192,7,111,9,19,17
2193,0,0,0,0,0
2194,5,129,147,154,129
2195,2497,2237,1313,1048,789
2196,1,0,3,4,4
2197,0,10,1,0,0
2198,1,0,3,11,12
2199,0,1,1,0,0
2200,16,25,82,195,223
2201,123,19,85,73,79
2202,0,0,12,75,62
2203,60,8,5,3,5
2204,727,211,466,209,179
2205,5,1,13,9,8
2206,44,17,198,43,108
2207,231,125,13,15,27
2208,46,17,49,23,17
2209,99,163,51,114,145
2210,0,0,2,3,3
2211,6,0,11,22,21
2212,5,29,17,9,10
2213,0,70,16,67,73
2214,6,4,13,22,14
2215,350,161,15,18,16
2216,0,0,21,8,11
2217,210,90,278,270,292
2218,0,3,15,11,8
2219,102,61,632,310,343
2220,127,70,19,17,26
2221,0,4,29,37,32
2222,61,8,27,43,56
2223,4,10,13,27,29
2224,5,0,3,3,4
2225,2,1,6,22,18
2226,301,22,48,15,27
2227,89,202,17,36,26
2228,146,57,422,569,435
2229,13,148,62,141,108
2230,5,79,88,76,58
2231,220,20,19,27,28
2232,24,24,16,0,1
2233,27,43,57,35,50
2234,105,27,65,76,80
2235,226,22,759,728,602
2236,30,32,44,11,11
2237,1,7,7,104,90
2238,133,4,1,0,0
2239,247,8,11,62,90
2240,4,14,18,34,24
2241,19,254,920,854,1064
2242,27,46,98,54,40
2243,51,35,17,20,36
2244,3,9,82,23,26
2245,32,59,19,51,73
2246,169,91,150,53,52
2247,100,12,90,40,21
2248,2,3,34,16,10
2249,0,4,58,57,71
2250,1,54,16,26,20
2251,120,28,14,17,13
2252,23,257,65,70,86
2253,0,5,2,3,3
2254,300,361,588,247,183
2255,31,73,34,41,18
2256,6,2,1,6,4
2257,2,22,13,14,7
2258,45,62,1,0,0
2259,1,10,55,43,25
2260,0,56,19,32,28
2261,89,72,89,75,68
2262,458,222,21,88,69
2263,20,23,8,7,7
2264,5,5,105,100,120
2265,20,2,19,14,15
2266,94,122,90,80,118
2267,227,67,202,132,104
2268,209,73,12,12,12
2269,111,6,11,2,1
2270,52,88,78,147,143
2271,5,11,34,146,133
2272,25,106,1082,684,574
2273,107,321,200,288,193
2274,0,6,39,8,19
2275,10,0,3,0,0
2276,11,1,77,7,25
2277,0,0,0,0,0
2278,0,1,1,1,2
2279,80,197,9,9,6
2280,14,0,29,8,9
2281,30,395,463,359,298
2282,4,1,2,0,2
2283,1,5,14,27,32
2284,0,0,8,4,6
2285,30,14,7,6,7
2286,11,0,173,234,267
2287,1,10,2,8,7
2288,942,354,43,23,24
2289,3,2,0,0,0
2290,7,3,86,115,129
2291,48,5,7,9,3
2292,5,14,147,258,276
2293,28,36,319,169,180
2294,56,181,93,125,96
2295,3,3,65,30,40
2296,38,25,2,2,2
2297,22,1,0,1,3
2298,169,0,380,659,642
2299,226,67,3,17,14
2300,28,6,531,426,450
2301,91,149,4,6,4
2302,14,18,6,26,32
2303,94,15,23,17,15
2304,3,98,33,34,41
2305,30,0,0,0,0
2306,35,13,205,115,98
2307,0,0,1,8,4
2308,10,0,29,7,6
2309,15,196,327,449,477
2310,0,0,2,2,2
2311,148,209,218,81,112
2312,0,36,27,26,23
2313,181,415,91,169,163
2314,473,709,1691,1866,1633
2315,29,40,19,21,19
2316,6,45,128,142,173
2317,41,16,99,33,7
2318,69,99,1,19,10
2319,0,0,0,0,1
2320,29,490,24,37,38
2321,7,0,93,40,27
2322,18,25,129,106,71
2323,208,122,1407,1473,1612
2324,4,14,25,28,22
2325,44,155,3,2,1
2326,1,2,0,0,0
2327,96,13,76,25,38
2328,187,10,61,101,115
2329,543,453,86,313,350
2330,31,17,41,36,20
2331,17,109,140,171,179
2332,0,0,0,0,1
2333,26,40,33,57,53
2334,50,142,87,78,88
2335,51,201,178,186,226
2336,22,18,30,9,20
2337,11,23,55,131,135
2338,149,48,36,36,57
2339,105,128,930,679,711
2340,14,17,56,48,44
2341,27,8,1320,2054,1942
2342,2,10,91,82,82
2343,20,44,67,260,150
2344,126,4,4,12,9
2345,5,73,75,61,35
2346,156,2018,220,271,364
2347,67,38,220,388,414
2348,5,37,112,133,118
2349,2,30,9,9,9
2350,0,37,38,63,63
2351,81,62,53,212,139
2352,29,59,27,34,31
2353,4,0,16,12,6
2354,86,570,248,215,139
2355,0,1,0,0,0
2356,9,671,38,80,130
2357,11,1,16,25,15
2358,47,72,199,118,140
2359,55,13,0,3,4
2360,0,0,11,13,17
2361,144,85,415,316,323
2362,44,88,244,82,77
2363,54,73,171,140,101
2364,2,0,0,1,2
2365,3,3,1,6,4
2366,136,821,20,6,12
2367,0,6,0,0,0
2368,25,12,129,228,230
2369,5,0,112,166,89
2370,300,640,160,50,75
2371,16,1,54,71,54
2372,34,3,20,34,41
2373,50,2,11,3,0
2374,1,19,45,18,20
2375,27,45,34,9,7
2376,2628,269,1353,1311,1505
2377,72,66,87,151,127
2378,66,43,5,14,11
2379,8,42,0,0,0
2380,7,1,2,2,2
2381,99,20,56,18,17
2382,200,255,266,207,137
2383,1,4,166,173,173
2384,22,1,12,5,7
2385,80,57,29,79,75
2386,162,68,59,39,37
2387,53,56,74,106,134
2388,8,70,8,7,8
2389,147,81,66,50,93
2390,0,0,14,8,13
2391,0,0,4,8,8
2392,462,534,237,312,258
2393,0,1,3,1,1
2394,1,0,2,1,3
2395,77,92,26,7,19
2396,9,2,3,12,8
2397,103,48,291,134,151
2398,36,0,11,11,11
2399,86,33,11,24,32
2400,3,48,7,11,13
2401,54,13,81,55,46
2402,14,60,219,134,148
2403,2,2,32,28,18
2404,6,30,69,23,22
2405,41,217,105,142,108
2406,4,65,41,26,23
2407,19,2,4,3,3
2408,144,125,17,20,16
2409,40,1,19,51,41
2410,119,47,226,49,80
2411,0,3,138,154,138
2412,32,120,533,620,882
2413,0,1,4,3,4
2414,3,59,4,16,27
2415,2,129,23,41,32
2416,296,44,198,143,169
2417,5,186,79,25,23
2418,0,46,61,25,16
2419,46,12,0,0,0
2420,143,75,60,370,338
2421,2,3,1,3,2
2422,137,120,43,57,66
2423,151,62,162,190,163
2424,0,8,0,0,0
2425,0,0,0,0,0
2426,1,3,5,9,9
2427,28,23,29,12,8
2428,29,7,19,49,57
2429,23,40,97,249,254
2430,64,864,160,61,57
2431,0,200,48,0,0
2432,13,12,7,6,8
2433,35,4,8,5,3
2434,89,36,181,103,140
2435,1,8,0,0,0
2436,4,3,18,9,13
2437,0,1,0,0,0
2438,42,37,90,474,357
2439,353,446,1027,1094,862
2440,3,0,13,31,25
2441,0,8,28,28,46
2442,50,25,1233,1059,764
2443,0,10,18,8,11
2444,141,48,149,222,234
2445,4,0,2,32,18
2446,0,45,28,87,57
2447,17,15,423,503,479
2448,151,17,126,57,63
2449,98,228,62,140,163
2450,35,9,56,73,93
2451,118,67,673,161,119
2452,27,104,73,120,68
2453,5,0,8,3,1
2454,0,6,10,6,13
2455,337,62,9,25,20
2456,4,0,0,1,4
2457,8,20,37,80,94
2458,1,0,0,0,0
2459,0,1,20,16,19
2460,0,7,250,233,231
2461,1319,1627,689,782,727
2462,87,38,560,579,932
2463,0,0,0,0,0
2464,4,100,3,5,1
2465,29,5,219,37,31
2466,1,0,0,0,0
2467,131,184,148,88,141
2468,131,2,69,41,42
2469,0,3,213,65,77
2470,92,18,6,12,11
2471,98,12,123,59,35
2472,1370,94,0,0,0
2473,420,209,462,556,491
2474,102,9,47,100,94
2475,20,99,19,58,78
2476,32,31,105,56,55
2477,1,13,0,1,1
2478,1,359,115,82,82
2479,2,2,21,3,9
2480,1,0,24,22,18
2481,18,18,0,0,2
2482,53,301,14,22,20
2483,20,6,267,339,319
2484,488,495,307,312,377
2485,0,0,2,1,0
2486,311,199,122,193,220
2487,296,316,674,505,727
2488,30,384,48,30,36
2489,461,426,708,390,263
2490,33,30,36,46,36
2491,19,25,24,54,55
2492,63,269,53,61,40
2493,1,1,178,74,82
2494,59,304,35,33,28
2495,1,63,15,19,15
2496,13,1,125,240,270
2497,15,29,96,18,15
2498,0,3,5,1,1
2499,55,5,117,42,46
2500,178,289,62,266,194
2501,1,45,3,6,10
2502,221,9,139,32,44
2503,0,0,0,1,3
2504,0,0,7,7,4
2505,62,172,52,57,53
2506,11,9,68,58,48
2507,0,4,57,42,42
2508,17,0,0,1,0
2509,3,33,2,1,0
2510,878,298,70,48,88
2511,5,62,132,88,102
2512,8,4,242,181,231
2513,60,159,17,50,41
2514,51,221,26,17,17
2515,0,0,2,5,0
2516,2916,1615,287,232,137
2517,78,50,64,76,71
2518,24,65,27,79,68
2519,19,5,43,31,28
2520,3097,1604,209,139,175
2521,2,0,1,0,0
2522,647,603,76,51,40
2523,21,1,1,1,2
2524,0,0,3,10,5
2525,0,1,55,129,189
2526,73,66,15,12,9
2527,30,11,14,16,26
2528,14,6,20,9,12
2529,55,8,14,52,59
2530,67,30,85,136,65
2531,87,41,8,16,31
2532,0,0,0,0,0
2533,15,17,41,38,33
2534,25,91,126,207,268
2535,9,4,27,30,51
2536,1,72,142,191,199
2537,190,261,642,679,654
2538,76,182,23,61,75
2539,2,6,19,54,73
2540,26,56,119,41,36
2541,3,3,5,7,9
2542,38,26,4,10,13
2543,0,9,16,26,26
2544,52,408,2247,2290,2113
2545,0,10,0,1,1
2546,3,22,38,6,4
2547,0,0,3,6,6
2548,24,92,96,392,422
2549,43,3,61,92,73
2550,0,1,7,5,6
2551,1,11,51,17,18
2552,21,10,7,14,22
2553,3,16,11,20,20
2554,18,19,196,51,124
2555,4,12,12,21,20
2556,161,87,14,9,10
2557,101,103,230,70,78
2558,0,0,0,0,0
2559,0,0,7,5,3
2560,19,9,7,2,2
2561,58,17,11,22,27
2562,16,11,65,156,108
2563,37,26,44,11,11
2564,4,30,125,22,13
2565,196,893,1246,1361,1554
2566,26,73,50,111,149
2567,5,48,208,178,178
2568,107,624,34,34,67
2569,5,10,10,12,12
2570,215,104,1,2,1
2571,99,12,24,46,43
2572,13,20,27,14,27
2573,1,1,1,3,2
2574,964,625,43,167,125
2575,13,26,34,6,9
2576,16,9,21,5,18
2577,31,5,48,60,47
2578,212,556,144,525,457
2579,34,0,0,0,0
2580,14,2,34,17,13
2581,6,69,3,5,4
2582,8,3,9,0,0
2583,43,9,16,56,43
2584,9,34,7,7,4
2585,98,271,125,132,109
2586,57,47,628,626,611
2587,2,3,40,2,3
2588,25,15,16,18,19
2589,2,0,4,4,3
2590,156,448,449,575,643
2591,0,1,0,0,0
2592,28,29,34,24,21
2593,8,28,13,2,4
2594,52,27,27,16,34
2595,6,0,1,4,7
2596,26,47,35,25,16
2597,15,15,24,56,57
2598,42,8,22,10,9
2599,0,2,5,11,8
2600,0,5,1,1,3
2601,0,5,17,8,9
2602,2,21,1,3,3
2603,202,329,292,343,350
2604,20,3,2,15,16
2605,79,14,145,149,188
2606,6,4,13,6,6
2607,12,73,263,765,710
2608,0,6,2,8,7
2609,51,105,52,94,118
2610,14,1,4,2,8
2611,3,28,20,17,14
2612,39,18,294,381,257
2613,7,8,50,63,63
2614,824,455,572,483,370
2615,202,1583,1148,1313,1188
2616,3,3,0,0,0
2617,11,2,1,1,1
2618,37,934,175,157,189
2619,1,4,8,8,8
2620,5,0,47,42,45
2621,81,21,58,130,118
2622,269,55,71,20,42
2623,620,38,56,311,449
2624,18,108,66,147,138
2625,3,4,28,18,10
2626,0,1,10,0,0
2627,22,72,76,86,81
2628,36,189,35,44,38
2629,0,7,1,1,0
2630,1,8,7,6,6
2631,19,66,57,23,48
2632,20,7,4,3,13
2633,18,1,12,16,20
2634,6,0,17,5,4
2635,116,120,879,449,304
2636,3,49,74,207,201
2637,46,21,61,86,82
2638,5,25,31,13,13
2639,81,62,6,6,5
2640,6,3,0,0,0
2641,20,18,102,123,121
2642,12,4,71,151,185
2643,3,20,4,3,2
2644,1,3,0,1,1
2645,85,32,43,10,9
2646,2,11,13,18,15
2647,3,2,3,7,21
2648,526,151,76,292,234
2649,463,238,60,54,31
2650,7,22,104,53,61
2651,1,98,0,4,3
2652,14,15,2,10,11
2653,53,12,41,5,9
2654,1,2,0,0,0
2655,13,13,138,67,75
2656,8,344,126,12,14
2657,413,138,262,173,184
2658,26,12,0,0,0
2659,4,138,12,20,15
2660,5,7,3,1,3
2661,7,3,18,16,14
2662,1,4,18,4,6
2663,37,1,73,139,87
2664,1,5,5,1,1
2665,23,145,22,24,33
2666,0,110,75,36,25
2667,0,0,0,0,0
2668,117,0,1,20,35
2669,2,0,112,5,5
2670,465,972,2194,1760,1963
2671,5,58,35,20,19
2672,109,23,336,571,477
2673,14,46,11,10,7
2674,21,0,96,154,142
2675,101,487,142,170,126
2676,288,346,14,42,18
2677,465,285,24,27,30
2678,1069,565,501,425,409
2679,18,28,16,15,17
2680,9,59,120,100,194
2681,44,6,91,233,189
2682,58,2,7,13,14
2683,12,3,0,0,0
2684,0,1,40,137,145
2685,6,323,133,184,189
2686,45,493,262,558,603
2687,1,4,5,6,5
2688,188,61,13,18,34
2689,8,72,4,18,16
2690,446,52,39,51,45
2691,19,117,196,221,257
2692,1,2,22,38,46
2693,5,0,1,0,1
2694,0,2,32,10,10
2695,31,0,6,7,15
2696,0,0,104,69,113
2697,70,8,11,38,32
2698,154,41,197,217,229
2699,32,577,40,13,25
2700,0,0,34,63,60
2701,7,1,2,2,3
2702,50,85,0,0,0
2703,25,0,8,5,8
2704,12,0,4,11,4
2705,0,0,0,1,1
2706,690,593,191,159,136
2707,6,14,69,38,48
2708,107,6,234,250,209
2709,0,0,12,6,6
2710,98,28,27,17,9
2711,10,18,164,125,167
2712,808,18,477,197,203
2713,108,240,158,183,158
2714,17,26,38,67,57
2715,11,6,0,0,0
2716,5,5,2,1,1
2717,65,12,12,7,6
2718,24,104,94,100,134
2719,9,76,127,108,113
2720,88,156,100,219,192
2721,29,2,20,35,46
2722,0,45,0,1,1
2723,172,68,0,1,1
2724,36,9,10,12,12
2725,0,2,3,1,2
2726,427,29,69,87,87
2727,82,671,38,38,38
2728,172,18,19,0,4
2729,1,9,9,17,9
2730,9,4,0,1,1
2731,19,24,239,113,141
2732,0,12,8,9,7
2733,23,61,16,85,55
2734,23,0,0,0,0
2735,0,6,12,13,15
2736,264,64,129,71,71
2737,71,1,14,11,10
2738,23,3,19,15,14
2739,167,784,496,490,504
2740,10,2,12,6,9
2741,22,0,2,3,4
2742,4,12,30,24,23
2743,30,58,474,399,404
2744,1,1,38,56,46
2745,35,36,492,301,111
2746,17,59,95,243,347
2747,10,4,27,5,13
2748,28,13,77,198,165
2749,0,56,215,363,353
2750,23,4,61,67,59
2751,3,24,24,45,33
2752,0,2,30,40,47
2753,13,214,18,53,58
2754,43,26,62,24,2
2755,55,10,67,72,53
2756,0,55,46,34,40
2757,0,81,27,39,33
2758,5,85,38,60,47
2759,137,193,250,219,159
2760,322,30,2,0,4
2761,37,32,8,66,50
2762,15,47,63,10,14
2763,531,687,729,314,297
2764,161,337,46,22,29
2765,12,167,292,203,250
2766,7,0,9,2,6
2767,12,4,68,104,78
2768,73,112,73,63,53
2769,215,264,404,397,445
2770,12,12,18,47,71
2771,87,740,289,355,274
2772,93,6,0,0,0
2773,164,391,393,251,342
2774,104,61,54,61,67
2775,64,52,68,44,49
2776,2,46,155,180,224
2777,0,78,229,166,154
2778,365,405,69,99,79
2779,1,0,2,1,2
2780,3,4,15,11,7
2781,43,7,4,27,43
2782,1001,700,844,767,723
2783,98,5,28,31,32
2784,699,240,522,850,901
2785,943,103,140,126,106
2786,6,16,2,1,2
2787,203,665,500,611,700
2788,4,5,26,10,16
2789,2,11,29,73,77
2790,76,23,424,187,149
2791,61,5,3,1,2
2792,0,2,104,128,83
2793,5,3,9,25,20
2794,13,8,16,13,19
2795,245,1008,76,52,49
2796,15,5,9,11,7
2797,20,13,982,1144,1191
2798,5,53,8,17,38
2799,0,0,47,98,60
2800,364,126,713,697,899
2801,43,10,7,11,9
2802,18,40,133,108,103
2803,9,66,60,30,32
2804,171,8,57,78,77
2805,0,0,1,2,4
2806,49,795,207,295,288
2807,10,20,335,381,227
2808,6,0,115,30,45
2809,251,80,21,44,106
2810,74,72,22,17,20
2811,88,181,97,152,126
2812,0,0,12,3,5
2813,4,4,62,122,137
2814,0,7,4,30,26
2815,2575,315,1261,1607,1605
2816,37,3,60,40,42
2817,331,13,5,3,7
2818,167,42,240,262,178
2819,21,17,0,7,3
2820,23,569,323,433,394
2821,31,443,166,105,89
2822,2,3,2,11,5
2823,282,96,136,108,139
2824,14,92,3,23,5
2825,628,578,465,279,277
2826,632,18,138,46,46
2827,16,6,19,3,6
2828,75,214,169,137,161
2829,96,160,135,122,113
2830,16,72,758,280,359
2831,4,7,103,175,155
2832,7,0,29,18,25
2833,232,163,4,6,6
2834,2,0,0,0,0
2835,34,12,4,28,42
2836,2,16,22,15,15
2837,2,10,2,2,2
2838,8,16,15,11,8
2839,0,2,5,3,4
2840,1195,266,1459,929,1060
2841,182,179,94,82,70
2842,84,491,39,27,36
2843,2,17,119,84,95
2844,70,8,39,29,35
2845,1,7,0,3,2
2846,11,11,0,0,0
2847,0,0,75,71,50
2848,10,4,9,11,9
2849,43,6,68,67,113
2850,43,25,4,5,5
2851,29,21,13,46,47
2852,6,126,81,29,45
2853,125,215,375,540,407
2854,3,3,10,9,9
2855,1,4,0,16,13
2856,4,4,0,7,2
2857,65,55,45,13,14
2858,2,1,112,135,162
2859,1,0,36,36,35
2860,218,351,184,277,297
2861,0,5,7,1,1
2862,217,368,1323,504,416
2863,150,28,12,18,9
2864,0,2,1,6,2
2865,5,3,1,6,7
2866,11,12,67,35,23
2867,198,1,29,11,11
2868,36,19,4,0,2
2869,21,474,270,304,236
2870,79,343,75,107,134
2871,5,25,0,11,17
2872,15,3,0,1,5
2873,1,1,1,0,0
2874,196,54,645,830,942
2875,1,5,17,42,24
2876,0,3,7,12,10
2877,3,0,0,1,1
2878,447,186,76,72,87
2879,32,57,6,11,8
2880,28,13,321,442,365
2881,82,36,21,16,16
2882,70,391,71,60,56
2883,2,24,94,313,272
2884,0,1,0,8,9
2885,4,8,3,2,1
2886,12,71,28,18,15
2887,18,0,4,1,1
2888,26,0,94,88,77
2889,12,27,33,61,88
2890,25,192,162,151,136
2891,219,61,9,0,1
2892,4,4,34,27,48
2893,250,26,391,153,194
2894,303,281,42,43,54
2895,26,20,0,0,0
2896,1,0,35,15,15
2897,131,110,284,351,236
2898,15,127,22,26,15
2899,445,257,68,99,121
2900,4,33,213,276,285
2901,379,93,837,1559,1001
2902,32,6,6,7,5
2903,509,296,140,253,315
2904,3,4,9,12,3
2905,735,41,179,159,193
2906,22,53,67,29,30
2907,1,6,0,0,0
2908,106,248,83,84,89
2909,1,1,1,1,1
2910,231,482,1472,929,858
2911,16,7,71,33,28
2912,10,3,25,58,59
2913,27,13,38,18,16
2914,1,114,20,83,69
2915,1625,903,505,1022,947
2916,68,28,9,6,4
2917,1073,1235,728,1204,1378
2918,49,28,3,8,6
2919,433,597,33,25,34
2920,250,90,194,239,225
2921,90,15,172,85,115
2922,7,46,55,51,51
2923,0,0,4,9,4
2924,110,82,228,318,270
2925,46,82,25,49,25
2926,0,0,0,0,0
2927,423,155,1566,1264,1224
2928,285,202,16,27,74
2929,0,1,5,3,3
2930,0,9,1,0,0
2931,15,217,53,111,154
2932,15,0,0,1,1
2933,0,0,0,0,0
2934,74,26,16,20,16
2935,34,25,55,63,48
2936,174,5,18,41,61
2937,0,6,42,30,29
2938,6,68,4,4,3
2939,13,2,19,6,6
2940,306,425,199,175,128
2941,913,1046,1006,1134,1360
2942,42,98,8,1,2
2943,1,22,40,89,95
2944,0,18,34,17,7
2945,97,101,8,10,11
2946,35,2,34,18,17
2947,32,28,77,146,128
2948,0,0,0,2,1
2949,5,2,55,35,44
2950,89,12,8,5,2
2951,5,228,158,57,69
2952,13,1,70,141,79
2953,397,1255,286,167,250
2954,5,0,37,50,34
2955,16,2,22,48,32
2956,9,32,6,3,2
2957,0,0,1,3,3
2958,6,2,24,17,35
2959,203,165,26,20,39
2960,7,13,2,1,2
2961,0,0,0,0,0
2962,2666,291,664,748,769
2963,0,1,2,1,1
2964,201,10,19,9,12
2965,13,124,0,0,0
2966,0,74,329,281,231
2967,18,19,1,0,0
2968,0,47,2,7,6
2969,1,0,11,12,9
2970,0,0,1,2,1
2971,13,0,6,14,11
2972,298,45,130,113,122
2973,154,114,67,21,26
2974,0,1,0,0,0
2975,183,141,282,227,232
2976,0,50,11,4,7
2977,0,0,0,0,0
2978,0,0,0,0,0
2979,7,45,58,53,47
2980,5,26,19,32,47
2981,9,30,6,10,6
2982,274,11,95,26,16
2983,44,135,169,433,565
2984,8,83,20,38,20
2985,0,0,9,32,55
2986,3,49,66,18,12
2987,708,53,21,44,35
2988,79,315,194,910,916
2989,2,0,10,18,18
2990,222,836,233,236,219
2991,140,304,28,36,56
2992,9,3,64,59,69
2993,21,27,21,43,51
2994,8,332,1192,1002,1175
2995,171,11,3,7,5
2996,53,149,261,203,157
2997,0,0,0,1,1
2998,43,1,44,80,58
2999,0,5,0,0,0
3000,34,152,157,140,130
3001,117,179,141,95,185
3002,26,20,142,190,135
3003,1,2,0,0,0
3004,4,4,10,6,3
3005,177,453,73,78,40
3006,6,0,24,2,5
3007,10,0,0,0,0
3008,0,26,4,23,28
3009,197,33,35,56,45
3010,77,52,92,319,324
3011,4,149,670,789,827
3012,32,12,4,15,14
3013,27,14,35,22,28
3014,385,4,202,215,131
3015,10,100,126,96,89
3016,8,6,39,52,57
3017,308,27,21,13,19
3018,0,0,0,1,1
3019,0,9,103,395,328
3020,2,223,17,69,71
3021,3,13,98,69,90
3022,0,5,0,0,0
3023,13,28,30,196,217
3024,99,71,10,18,19
3025,70,69,179,789,705
3026,63,6,44,36,56
3027,2,0,0,0,0
3028,0,1,20,19,37
3029,4,19,17,53,30
3030,0,0,14,50,58
3031,35,7,1,0,0
3032,63,72,275,266,246
3033,42,10,59,52,68
3034,0,13,57,24,16
3035,1,64,119,78,59
3036,0,47,63,136,159
3037,6,0,21,19,21
3038,0,0,0,0,0
3039,11,8,8,19,17
3040,4,5,26,42,36
3041,0,6,40,48,74
3042,5,76,36,53,37
3043,42,37,13,4,1
3044,41,26,40,215,221
3045,21,13,15,45,31
3046,0,0,17,40,44
3047,3,7,4,2,2
3048,37,32,33,33,47
3049,3,31,36,44,25
3050,31,3,14,9,10
3051,0,5,6,10,14
3052,264,134,628,840,693
3053,2,6,21,19,20
3054,37,9,14,5,9
3055,16,16,400,360,340
3056,9,103,5,21,18
3057,28,274,958,1628,1824
3058,275,76,103,70,82
3059,89,64,20,28,16
3060,1,74,13,27,32
3061,51,56,75,20,18
3062,209,106,102,76,111
3063,414,21,133,212,146
3064,1,213,42,15,17
3065,9,1039,674,1192,1376
3066,47,479,127,30,37
3067,163,20,93,42,47
3068,38,49,0,3,3
3069,2,45,43,16,20
3070,93,144,37,23,23
3071,1,4,39,42,44
3072,26,0,102,79,141
3073,14,50,16,8,10
3074,120,113,51,8,12
3075,210,0,26,62,44
3076,64,135,20,73,59
3077,212,52,339,201,198
3078,44,932,747,772,872
3079,42,6,47,91,77
3080,131,101,54,57,62
3081,100,306,43,14,7
3082,181,917,42,14,11
3083,1,475,195,200,176
3084,273,765,577,643,597
3085,0,184,177,127,124
3086,0,0,0,0,0
3087,0,40,17,35,29
3088,27,18,39,36,37
3089,0,3,0,0,0
3090,4,6,42,23,24
3091,10,0,1,1,1
3092,2,55,198,159,164
3093,5,8,4,1,1
3094,198,65,61,62,56
3095,11,2,2,11,20
3096,13,13,4,5,4
3097,9,2,3,3,2
3098,0,0,13,16,11
3099,3,98,42,73,52
3100,181,839,123,102,134
3101,12,42,16,42,52
3102,0,34,2,2,2
3103,33,35,221,269,240
3104,1,1,73,14,17
3105,3,3,2,3,3
3106,13,34,4,8,20
3107,9,26,46,2,1
3108,1,5,4,11,17
3109,104,60,63,71,94
3110,5,31,106,27,23
3111,4,148,389,340,378
3112,2,17,47,53,38
3113,41,54,69,126,133
3114,29,0,0,0,0
3115,8,48,40,23,26
3116,45,54,303,262,228
3117,4,13,1,1,1
3118,97,169,226,142,204
3119,153,33,4,5,4
3120,4,3,3,9,11
3121,3,14,34,70,52
3122,6,13,12,2,2
3123,78,7,40,93,83
3124,0,1,3,3,2
3125,15,14,76,150,220
3126,8,237,2,0,0
3127,3,32,2,0,0
3128,37,17,51,36,36
3129,6,1,1,0,0
3130,1,13,10,6,8
3131,726,22,30,20,32
3132,5,113,30,50,55
3133,754,495,770,1058,1323
3134,0,7,7,3,4
3135,1047,1945,976,519,431
3136,56,26,172,229,192
3137,273,97,309,216,209
3138,198,552,447,544,568
3139,69,239,24,30,22
3140,8,44,5,1,4
3141,4,24,18,41,32
3142,13,21,304,125,122
3143,8,0,1,1,1
3144,50,127,37,29,34
3145,0,0,0,0,0
3146,9,3,36,27,22
3147,174,151,73,136,107
3148,432,391,515,996,930
3149,1,17,5,2,3
3150,47,39,63,71,64
3151,60,240,55,21,37
3152,22,44,16,26,20
3153,12,88,46,115,86
3154,30,9,95,240,230
3155,509,165,260,29,75
3156,15,25,10,58,53
3157,3,11,12,12,12
3158,3,0,4,5,5
3159,912,171,1468,616,749
3160,164,131,13,19,10
3161,12,0,2,1,1
3162,9,35,741,831,752
3163,2,7,27,28,49
3164,352,205,156,41,70
3165,0,4,13,12,11
3166,6,2,0,2,2
3167,1308,283,1320,1130,1340
3168,762,239,38,10,29
3169,28,349,14,10,5
3170,15,129,124,35,32
3171,4,0,15,25,27
3172,33,433,131,75,52
3173,143,4,1,3,1
3174,91,279,554,634,540
3175,0,0,27,10,11
3176,10,5,18,20,16
3177,2,0,0,0,0
3178,1326,1519,728,441,468
3179,42,25,9,4,12
3180,7,21,37,47,43
3181,1996,124,1582,828,796
3182,224,180,56,86,41
3183,310,55,293,859,960
3184,1,1,0,0,0
3185,166,4,81,25,29
3186,5,18,70,46,30
3187,2,0,1,0,1
3188,6,11,18,48,42
3189,10,23,403,1020,737
3190,11,37,14,21,19
3191,0,2,4,14,14
3192,16,7,7,17,15
3193,124,16,14,29,15
3194,75,20,21,14,21
3195,0,0,12,4,3
3196,35,1,8,7,11
3197,34,4,43,21,15
3198,1614,260,820,609,654
3199,140,141,57,8,20
3200,2960,576,593,347,373
3201,0,0,1,0,1
3202,55,106,83,32,25
3203,8,0,197,145,120
3204,1,12,15,9,14
3205,55,29,11,14,16
3206,208,73,60,50,50
3207,165,363,688,983,874
3208,14,2,4,5,5
3209,8,2,70,129,122
3210,9,30,32,10,11
3211,207,2,14,19,20
3212,4,10,3,3,3
3213,21,95,60,33,51
3214,31,70,176,256,313
3215,1,10,4,4,4
3216,4,2,33,70,63
3217,39,406,672,913,885
3218,1,9,32,4,8
3219,1,8,24,13,4
3220,316,105,33,26,36
3221,0,9,0,1,1
3222,0,1,2,5,3
3223,0,0,0,0,1
3224,556,52,32,9,38
3225,1,12,21,14,21
3226,205,2,0,0,1
3227,76,34,7,13,18
3228,64,1,36,32,35
3229,27,2,99,42,43
3230,118,99,67,163,218
3231,318,871,1659,532,623
3232,15,28,224,314,249
3233,7,7,0,1,1
3234,43,92,58,24,38
3235,1,0,15,16,12
3236,5,3,83,115,104
3237,401,303,33,33,30
3238,16,5,66,32,50
3239,12,1,10,25,18
3240,31,41,2,38,24
3241,4,212,155,221,184
3242,0,0,13,7,10
3243,64,9,50,50,47
3244,0,5,96,70,91
3245,0,0,0,0,0
3246,433,349,210,357,356
3247,234,300,17,35,22
3248,136,249,986,827,972
3249,11,72,131,153,84
3250,27,17,19,6,15
3251,66,12,12,22,15
3252,86,324,242,122,139
3253,7,13,4,2,3
3254,45,164,361,373,285
3255,2,13,33,24,23
3256,6,14,8,6,6
3257,2,0,2,0,0
3258,417,17,30,41,26
3259,2,67,108,207,219
3260,0,0,0,0,0
3261,9,57,220,105,185
3262,10,3,16,5,5
3263,73,255,52,21,22
3264,106,231,25,68,59
3265,14,4,34,41,47
3266,163,245,53,203,160
3267,11,7,46,49,43
3268,14,70,27,125,204
3269,3,6,12,11,6
3270,0,0,1,0,0
3271,463,960,1561,1129,1689
3272,13,87,15,10,11
3273,77,47,36,28,25
3274,1,5,5,5,5
3275,42,185,28,27,28
3276,5,23,1,5,4
3277,284,8,27,13,13
3278,195,39,82,68,64
3279,13,84,26,18,17
3280,52,109,124,65,29
3281,9,11,1,8,5
3282,24,17,5,3,2
3283,0,0,0,0,0
3284,5,3,5,7,6
3285,119,1,3,26,16
3286,128,289,49,14,16
3287,0,2,3,0,0
3288,5,28,150,182,204
3289,165,94,66,216,213
3290,7,2,6,3,5
3291,28,17,80,11,23
3292,8,8,36,12,14
3293,166,6,83,135,109
3294,1,10,2,3,3
3295,63,0,8,19,14
3296,1,2,2,9,5
3297,4,0,193,96,79
3298,0,1,13,27,32
3299,2,1,3,15,13
3300,1,2,1,1,1
3301,33,123,14,16,10
3302,0,1,2,1,0
3303,6,0,0,0,0
3304,2,0,0,0,0
3305,284,8,24,31,20
3306,0,20,13,59,75
3307,24,4,114,56,27
3308,4,175,49,43,50
3309,2,0,8,13,14
3310,220,17,32,29,21
3311,1,0,7,4,6
3312,647,997,477,557,793
3313,17,262,464,640,689
3314,19,27,46,33,31
3315,4,90,186,67,51
3316,8,65,173,366,330
3317,15,2,2,3,3
3318,57,5,3,4,6
3319,45,22,3,6,4
3320,20,7,13,22,20
3321,104,36,10,11,12
3322,6,11,11,16,14
3323,0,0,1,16,9
3324,9,1,7,8,5
3325,4,17,0,0,0
3326,64,18,28,21,20
3327,9,2,7,10,8
3328,23,32,26,35,29
3329,7,0,75,19,28
3330,11,34,0,0,0
3331,12,36,1,1,3
3332,24,32,3,9,5
3333,58,190,889,424,563
3334,2,1,4,1,0
3335,1,0,114,27,29
3336,34,69,111,124,62
3337,2,1,54,54,59
3338,65,59,105,148,153
3339,0,61,81,48,56
3340,1886,1017,155,255,312
3341,113,98,272,64,99
3342,4,83,0,13,9
3343,10,21,22,36,28
3344,65,13,41,5,7
3345,4,6,5,4,3
3346,19,10,592,341,274
3347,2,1,21,13,11
3348,198,21,77,87,72
3349,39,19,5,7,7
3350,259,292,43,131,137
3351,22,4,11,17,22
3352,1053,182,414,214,203
3353,561,2716,1150,1146,1034
3354,41,60,171,121,176
3355,23,2,0,0,0
3356,4,1,5,13,12
3357,6,81,3,2,2
3358,132,68,460,410,385
3359,10,85,47,35,48
3360,0,0,0,0,0
3361,8,1,6,17,13
3362,47,5,4,6,6
3363,31,16,2,0,1
3364,7,22,26,43,38
3365,72,166,251,312,321
3366,113,5,19,15,14
3367,0,3,3,0,0
3368,153,39,69,41,47
3369,3,7,47,37,27
3370,96,371,93,105,56
3371,2,0,0,0,0
3372,383,65,525,371,537
3373,1,6,0,1,1
3374,0,1,1,2,2
3375,295,19,102,66,56
3376,78,167,17,28,21
3377,38,82,194,94,75
3378,9,217,999,419,255
3379,8,44,11,9,14
3380,140,19,134,108,87
3381,0,3,5,1,0
3382,0,0,1,2,1
3383,931,256,1534,1711,1754
3384,242,125,108,139,121
3385,4,20,9,12,17
3386,0,1,5,25,15
3387,316,128,119,54,63
3388,21,53,72,135,145
3389,179,44,28,4,4
3390,2,1,259,282,143
3391,2,107,5,11,6
3392,82,116,8,15,7
3393,290,87,1460,1004,1112
3394,79,15,117,29,19
3395,1,0,11,5,4
3396,42,8,8,2,1
3397,184,78,1073,1389,1376
3398,19,192,65,40,36
3399,304,178,39,20,21
3400,4,8,0,0,0
3401,26,203,20,21,19
3402,1385,280,226,309,257
3403,0,0,68,8,8
3404,15,224,89,49,65
3405,76,26,901,701,685
3406,86,1018,1161,1112,934
3407,397,314,391,536,365
3408,4,0,0,0,0
3409,29,912,224,443,299
3410,2,1,0,1,1
3411,92,204,182,282,139
3412,54,445,382,245,325
3413,1001,448,514,526,321
3414,5,6,11,0,0
3415,1,14,6,28,24
3416,0,0,0,0,0
3417,440,39,189,8,5
3418,5,108,62,40,24
3419,4,285,898,634,866
3420,7,16,1,4,3
3421,603,58,631,840,642
3422,78,1,22,92,111
3423,9,23,45,27,37
3424,45,8,42,5,11
3425,121,59,62,141,157
3426,71,6,25,3,3
3427,3,79,257,165,157
3428,65,9,39,55,50
3429,47,111,142,104,147
3430,70,2,9,21,19
3431,0,9,0,5,2
3432,8,69,16,68,33
3433,10,70,84,107,106
3434,57,40,97,101,160
3435,229,114,58,22,23
3436,8,6,8,16,17
3437,0,5,19,11,13
3438,1,1,75,35,27
3439,193,3,2,4,2
3440,109,55,69,21,25
3441,0,181,112,181,181
3442,29,1,6,1,4
3443,65,355,9,33,20
3444,50,5,42,1,0
3445,0,0,0,1,0
3446,43,39,1,3,3
3447,1,1,15,11,8
3448,13,71,24,23,19
3449,13,12,1,2,2
3450,7,76,2,15,13
3451,83,409,106,295,282
3452,1,26,16,21,10
3453,110,334,40,12,21
3454,138,3,331,374,322
3455,307,407,13,6,3
3456,4,16,52,74,64
3457,19,79,98,68,59
3458,19,97,42,57,43
3459,4,13,0,0,0
3460,48,32,2,2,2
3461,23,181,109,109,127
3462,16,33,132,85,76
3463,4,109,4,9,1
3464,4,21,24,37,31
3465,8,11,49,61,93
3466,2,4,1,3,4
3467,1,8,18,21,18
3468,4,20,109,124,97
3469,0,3,1,1,1
3470,488,187,318,82,161
3471,41,110,23,11,9
3472,5,14,22,15,14
3473,0,9,10,10,16
3474,4,205,391,301,342
3475,17,32,24,17,17
3476,129,343,29,15,14
3477,53,42,3,1,1
3478,0,0,2,5,6
3479,86,4,191,156,138
3480,35,11,33,36,38
3481,19,9,32,53,70
3482,16,12,55,28,30
3483,182,24,1,0,0
3484,22,31,26,58,81
3485,265,19,104,62,65
3486,27,71,198,121,118
3487,17,122,70,12,14
3488,43,300,119,405,475
3489,3,2,1,10,10
3490,9,1,39,19,23
3491,899,480,43,62,48
3492,135,363,42,10,5
3493,43,0,0,5,1
3494,651,1207,192,78,81
3495,0,4,1,4,3
3496,20,14,14,18,10
3497,41,34,74,97,124
3498,135,131,35,35,33
3499,0,0,0,0,0
3500,8,13,556,569,385
3501,7,2,108,215,271
3502,1,0,16,41,18
3503,0,0,3,0,0
3504,1,8,48,106,110
3505,20,6,2,8,13
3506,25,43,327,343,306
3507,16,734,818,453,504
3508,2,36,272,253,163
3509,1,9,3,1,4
3510,2,12,10,15,12
3511,1,2,86,174,173
3512,29,13,18,35,48
3513,26,30,39,25,13
3514,34,37,144,35,58
3515,247,88,48,52,47
3516,5,0,5,1,1
3517,24,5,199,260,242
3518,0,2,9,2,2
3519,5,8,11,5,8
3520,0,46,3,2,2
3521,138,161,37,100,60
3522,27,1,51,44,54
3523,0,0,0,0,0
3524,6,14,19,4,6
3525,89,18,16,20,15
3526,4,43,12,14,17
3527,20,6,109,274,472
3528,0,2,4,3,2
3529,101,10,1,3,1
3530,131,149,1,1,1
3531,173,140,162,81,53
3532,0,0,0,0,0
3533,1,9,7,19,46
3534,25,44,142,187,170
3535,24,44,102,72,70
3536,3,1,22,26,23
3537,23,60,143,125,81
3538,113,8,52,84,128
3539,10,2,1,1,1
3540,28,54,331,221,178
3541,14,53,32,12,11
3542,8,96,20,54,49
3543,5,49,15,12,18
3544,4,4,0,0,1
3545,0,0,21,4,5
3546,0,0,4,9,9
3547,0,0,16,15,9
3548,16,2,20,26,15
3549,134,20,228,129,97
3550,7,129,213,260,219
3551,254,10,619,222,204
3552,3,15,10,15,14
3553,1,2,9,4,4
3554,0,1,3,3,3
3555,17,806,668,738,676
3556,56,0,0,0,0
3557,557,321,128,179,159
3558,235,225,75,393,341
3559,4,15,9,49,52
3560,16,4,5,4,5
3561,139,312,67,143,151
3562,28,36,25,25,30
3563,18,3,58,60,61
3564,3,0,98,44,40
3565,8,11,13,1,0
3566,5,120,64,8,11
3567,0,0,8,4,5
3568,5,6,31,76,71
3569,9,50,41,35,24
3570,0,0,4,2,1
3571,0,68,30,8,28
3572,6,113,191,106,147
3573,2,50,139,137,168
3574,17,1,4,1,3
3575,903,1037,724,446,484
3576,0,2,54,70,68
3577,24,89,137,93,88
3578,98,33,5,4,7
3579,1,0,2,7,3
3580,8,18,21,18,17
3581,0,0,0,0,0
3582,17,8,87,94,76
3583,387,39,41,13,12
3584,6,0,8,0,1
3585,0,248,1084,1274,800
3586,24,2,1,0,0
3587,169,105,40,143,149
3588,55,10,5,56,74
3589,7,3,5,2,2
3590,25,14,151,62,74
3591,18,0,453,368,310
3592,227,18,1,3,3
3593,1,1,22,27,23
3594,92,70,49,45,64
3595,1093,334,82,33,33
3596,3,79,89,185,157
3597,228,71,328,245,171
3598,0,4,5,4,4
3599,40,166,23,86,63
3600,16,2,2,9,2
3601,301,187,198,127,160
3602,0,5,21,3,6
3603,3,0,0,0,1
3604,63,27,94,67,103
3605,27,22,71,63,52
3606,10,56,113,94,34
3607,13,75,0,1,1
3608,49,23,39,41,41
3609,0,13,8,12,12
3610,0,1,2,2,0
3611,805,42,47,25,25
3612,171,471,1820,1951,1904
3613,98,15,4,2,7
3614,76,7,2,2,2
3615,114,90,321,398,305
3616,19,13,21,42,48
3617,360,60,3,1,2
3618,0,1,1,0,0
3619,0,1,9,119,115
3620,5,75,127,30,71
3621,2,28,84,97,103
3622,247,75,142,274,208
3623,0,134,1050,1155,1078
3624,116,14,51,35,37
3625,5,72,7,25,7
3626,90,52,26,28,27
3627,118,53,172,40,35
3628,528,64,1694,1111,1604
3629,44,6,19,6,6
3630,10,5,0,0,1
3631,18,126,2,0,0
3632,26,15,1,1,1
3633,74,360,3,3,1
3634,4,47,7,15,18
3635,123,59,81,84,67
3636,0,1,3,4,2
3637,59,4,3,1,0
3638,0,0,1,2,2
3639,0,15,7,2,2
3640,7,20,37,42,42
3641,8,0,34,82,69
3642,316,126,488,172,205
3643,28,29,42,50,70
3644,15,20,67,103,111
3645,96,35,62,264,263
3646,1,0,14,6,6
3647,198,7,1,3,3
3648,189,33,5,0,0
3649,7,0,1,0,0
3650,8,86,44,30,29
3651,13,17,60,45,61
3652,9,11,38,99,63
3653,335,86,21,58,66
3654,293,642,83,41,31
3655,0,0,0,1,1
3656,16,4,9,2,0
3657,0,1,12,11,9
3658,0,0,5,8,8
3659,239,126,24,46,39
3660,51,16,8,7,12
3661,117,117,362,808,771
3662,84,6,65,62,60
3663,72,488,231,279,303
3664,4,67,371,113,193
3665,0,0,12,7,21
3666,944,1152,1369,1217,1565
3667,417,29,139,207,216
3668,10,8,9,17,19
3669,2,0,4,0,4
3670,25,7,7,10,9
3671,6,35,0,0,0
3672,14,10,88,25,28
3673,1966,426,176,237,309
3674,1183,98,33,28,32
3675,3,103,83,13,26
3676,4,0,0,0,0
3677,650,72,91,86,97
3678,31,9,54,11,19
3679,170,30,103,186,192
3680,17,1,11,7,21
3681,149,814,63,66,42
3682,84,308,107,96,83
3683,18,32,20,99,106
3684,5,2,16,6,10
3685,824,460,162,43,47
3686,0,0,1,3,4
3687,45,15,7,2,3
3688,24,20,7,4,4
3689,87,43,117,111,104
3690,11,12,6,3,1
3691,0,0,1,4,6
3692,161,475,7,10,25
3693,6,20,240,317,257
3694,0,1,3,4,4
3695,283,223,388,308,252
3696,5,2,8,2,2
3697,7,2,0,0,0
3698,3,58,83,47,67
3699,959,3063,1472,1781,1295
3700,24,0,53,63,51
3701,10,3,1,1,1
3702,74,0,29,17,16
3703,366,20,592,493,605
3704,0,0,2,0,0
3705,393,118,0,0,3
3706,8,57,21,36,46
3707,984,74,94,42,53
3708,0,1,11,4,4
3709,81,90,190,153,133
3710,23,9,1,0,0
3711,0,0,6,15,11
3712,74,97,150,191,154
3713,14,48,71,68,83
3714,12,34,9,15,13
3715,17,6,0,0,0
3716,350,132,65,154,143
3717,334,53,66,138,185
3718,57,75,48,124,72
3719,722,1364,109,192,217
3720,506,450,312,254,299
3721,9,8,11,19,20
3722,1,0,37,31,44
3723,0,19,57,68,71
3724,28,125,3,7,5
3725,5,5,46,14,13
3726,0,0,0,0,0
3727,16,23,21,13,18
3728,66,26,72,98,101
3729,36,206,396,490,396
3730,0,1,232,213,219
3731,37,21,0,1,0
3732,1006,837,626,1374,1489
3733,1092,181,2369,2752,1664
3734,0,8,34,22,22
3735,20,4,36,29,34
3736,22,1,117,115,91
3737,246,5,178,134,119
3738,27,1,47,30,43
3739,27,12,125,228,225
3740,108,93,236,30,33
3741,1,0,1,0,1
3742,38,42,6,12,20
3743,39,41,161,238,268
3744,10,2,6,5,10
3745,3,2,1,3,3
3746,13,1,21,26,39
3747,0,6,25,40,27
3748,91,130,82,28,38
3749,8,207,385,287,297
3750,21,7,7,1,1
3751,22,17,3,2,2
3752,1302,1257,997,993,914
3753,0,23,1,0,1
3754,1478,1630,1713,1120,1661
3755,158,1159,180,212,215
3756,2,0,3,1,1
3757,43,53,104,80,71
3758,70,0,32,23,18
3759,0,2,1,0,2
3760,13,9,24,26,26
3761,0,0,6,6,3
3762,0,0,2,2,2
3763,6,24,18,85,103
3764,425,808,2444,1149,1186
3765,10,10,0,0,0
3766,9,21,43,60,43
3767,20,685,4154,4503,4800
3768,31,39,7,36,26
3769,253,328,152,317,251
3770,216,40,211,26,30
3771,2167,126,26,75,137
3772,1,11,24,14,13
3773,7,1,6,5,8
3774,28,5,21,23,23
3775,37,123,190,253,256
3776,5,23,2,3,3
3777,0,5,0,0,0
3778,4,1,0,0,0
3779,45,55,140,114,156
3780,158,172,230,69,72
3781,182,14,7,22,18
3782,37,223,415,344,318
3783,9,36,24,16,16
3784,68,103,28,85,111
3785,0,2,22,10,14
3786,383,648,218,95,124
3787,839,1624,943,506,611
3788,111,0,0,1,2
3789,9,60,201,323,287
3790,6,24,201,203,184
3791,7,1,1,1,0
3792,3,78,13,26,19
3793,12,41,26,24,30
3794,4,17,34,32,42
3795,41,193,365,472,392
3796,152,349,967,539,728
3797,43,30,45,55,59
3798,26,10,9,33,35
3799,137,81,65,81,79
3800,134,31,10,11,11
3801,212,21,230,220,257
3802,10,2,1,2,3
3803,0,2,14,0,0
3804,13,155,34,25,23
3805,4662,897,968,544,668
3806,3,15,148,180,219
3807,16,55,60,80,92
3808,4,1,5,2,2
3809,8,4,56,62,73
3810,16,7,1,1,1
3811,8,9,157,178,144
3812,2341,2848,2912,4184,4275
3813,1,1,5,9,9
3814,35,0,15,4,1
3815,16,142,32,17,20
3816,256,49,49,45,43
3817,15,83,626,201,176
3818,262,251,185,197,137
3819,1193,1779,362,469,325
3820,7,3,99,67,69
3821,2,0,26,1,2
3822,647,239,204,329,309
3823,73,37,67,51,64
3824,24,1,23,52,48
3825,32,81,58,133,117
3826,7,31,54,32,24
3827,174,48,285,359,308
3828,343,381,386,244,242
3829,24,0,37,41,33
3830,70,0,106,49,55
3831,11,5,12,10,9
3832,0,2,6,2,2
3833,40,340,325,368,348
3834,238,19,21,2,4
3835,5,7,11,4,4
3836,0,0,3,5,5
3837,8,32,2,2,2
3838,6,56,43,73,70
3839,15,47,15,6,4
3840,6,16,3,12,12
3841,15,21,3,7,11
3842,256,312,611,221,175
3843,33,349,47,20,14
3844,7,0,5,7,9
3845,392,129,177,60,66
3846,0,8,10,20,18
3847,11,62,103,106,86
3848,0,63,7,5,14
3849,156,47,18,9,8
3850,8,1,4,13,15
3851,5,0,1,0,1
3852,2,32,65,113,137
3853,22,82,168,87,122
3854,2,0,18,17,26
3855,8,1,24,14,13
3856,0,2,10,0,0
3857,0,0,1,1,1
3858,26,57,117,95,99
3859,5,144,21,61,39
3860,1,13,228,72,50
3861,5,23,18,9,9
3862,10,12,6,7,8
3863,100,168,92,47,69
3864,235,391,25,40,38
3865,2,3,9,4,3
3866,436,586,163,107,87
3867,4,1426,208,485,315
3868,60,80,573,588,668
3869,70,38,52,159,139
3870,0,15,24,5,6
3871,3,22,4,4,4
3872,2,1,39,67,77
3873,40,6,7,2,2
3874,162,35,207,190,119
3875,300,73,11,12,10
3876,73,3,2,7,7
3877,364,739,204,1306,1165
3878,57,1065,983,2417,1693
3879,56,27,172,179,172
3880,46,22,34,28,35
3881,214,349,307,301,322
3882,2,8,28,16,15
3883,1,54,0,30,49
3884,41,5,5,3,8
3885,2,13,53,30,86
3886,0,49,11,5,10
3887,5,5,1,1,0
3888,0,4,0,0,0
3889,5,12,0,2,1
3890,1,0,37,80,90
3891,58,113,42,44,18
3892,0,61,243,13,37
3893,3,12,54,95,84
3894,8,23,53,42,40
3895,1,0,1,1,1
3896,804,57,2,13,15
3897,49,296,107,156,144
3898,17,190,70,131,193
3899,16,13,105,48,70
3900,7,0,11,9,6
3901,0,1,148,179,238
3902,0,43,129,141,128
3903,39,10,436,577,656
3904,16,42,3,36,82
3905,218,557,527,140,94
3906,1,1,145,28,33
3907,700,150,12,59,62
3908,69,41,2,0,6
3909,47,79,35,53,44
3910,0,15,2,3,3
3911,2,19,21,12,48
3912,151,36,9,112,115
3913,0,0,0,3,2
3914,1,0,10,5,6
3915,406,1080,577,554,361
3916,11,8,58,86,43
3917,5,10,25,52,43
3918,62,8,6,1,2
3919,105,441,34,51,63
3920,0,9,9,13,8
3921,3,16,9,9,11
3922,11,32,38,45,40
3923,0,5,19,34,52
3924,427,4,27,37,44
3925,8,125,106,29,27
3926,0,19,92,20,26
3927,234,31,70,54,68
3928,360,25,49,54,30
3929,3,1,8,6,7
3930,342,0,2,0,0
3931,2,42,0,1,1
3932,5,167,12,31,20
3933,3,11,121,240,244
3934,2,2,13,20,24
3935,395,598,287,1106,970
3936,4,1,0,2,2
3937,438,47,43,91,86
3938,1,14,2,4,2
3939,7,29,267,468,469
3940,15,14,20,18,14
3941,20,0,21,14,28
3942,7,1,3,1,1
3943,201,3,29,61,80
3944,0,1,1,0,1
3945,67,18,6,2,2
3946,85,49,22,15,15
3947,9,9,19,0,1
3948,46,14,80,1,3
3949,0,2,1,15,25
3950,27,13,44,86,60
3951,15,99,4,5,6
3952,7,337,126,143,129
3953,148,90,355,286,262
3954,8,4,49,57,40
3955,15,168,297,254,294
3956,36,297,75,51,65
3957,29,4,7,4,6
3958,126,9,163,84,58
3959,30,1,8,3,3
3960,87,8,14,12,10
3961,8,0,4,5,6
3962,0,2,1,0,0
3963,22,0,2,12,10
3964,3,2,2,2,4
3965,7,8,78,41,37
3966,23,80,133,114,195
3967,15,17,0,0,0
3968,0,1,50,55,66
3969,1,155,136,253,200
3970,4190,6660,4688,5285,4336
3971,0,6,2,3,4
3972,78,101,169,55,45
3973,1,77,21,16,18
3974,2,2,9,24,15
3975,6,77,55,177,168
3976,81,0,3,12,16
3977,11,224,644,353,354
3978,38,41,24,14,11
3979,111,32,43,38,31
3980,115,306,18,27,37
3981,126,9,19,7,2
3982,50,136,93,59,49
3983,28,15,205,374,371
3984,0,0,0,0,0
3985,9,174,351,898,858
3986,112,97,47,159,131
3987,96,88,9,4,5
3988,4,38,110,81,84
3989,0,4,5,18,22
3990,340,412,287,103,130
3991,4,5,29,52,72
3992,5,27,1,29,27
3993,142,68,62,113,56
3994,0,0,1,0,0
3995,4,80,277,192,194
3996,0,0,35,15,21
3997,77,225,1,0,0
3998,71,333,0,2,2
3999,66,211,101,25,45
4000,30,31,57,25,23
4001,2,9,27,4,11
4002,0,5,2,6,4
4003,54,107,3,1,1
4004,184,1228,201,310,285
4005,335,299,1179,797,742
4006,2,0,15,17,23
4007,0,1,13,15,18
4008,5,4,4,5,4
4009,63,5,144,114,109
4010,0,4,9,9,15
4011,0,3,61,59,62
4012,1,16,46,37,53
4013,25,6,15,20,11
4014,213,39,24,70,89
4015,2,7,1,1,0
4016,0,2,1,2,2
4017,1,40,188,87,96
4018,4,3,8,6,7
4019,4,2,3,2,2
4020,2166,3578,601,624,681
4021,0,0,0,0,0
4022,13,19,8,29,33
4023,2,245,7,5,9
4024,0,5,0,11,10
4025,5,9,5,23,15
4026,2,5,24,5,9
4027,17,39,138,164,149
4028,28,199,3,7,2
4029,67,124,125,220,196
4030,2,20,133,77,91
4031,1210,880,831,1112,1127
4032,5,0,66,83,120
4033,531,23,28,41,20
4034,95,65,403,388,446
4035,2,1,2,3,3
4036,1,4,2,39,28
4037,99,34,208,112,124
4038,21,4,70,55,71
4039,31,51,5,4,6
4040,0,0,0,0,0
4041,37,351,79,91,106
4042,4,6,7,19,18
4043,13,214,260,222,243
4044,0,30,23,39,62
4045,1052,24,14,66,51
4046,23,20,17,54,20
4047,1,0,8,1,0
4048,15,107,17,2,1
4049,165,111,11,25,40
4050,0,33,1,5,3
4051,25,0,25,26,28
4052,0,17,25,24,45
4053,61,821,999,728,1096
4054,4,1,0,0,0
4055,54,10,116,100,111
4056,6,37,20,5,5
4057,15,37,130,63,65
4058,0,1,0,1,1
4059,8,0,0,5,5
4060,13,143,289,956,786
4061,180,4,168,101,100
4062,127,104,83,81,141
4063,126,123,36,14,17
4064,8,55,20,33,25
4065,216,867,255,170,166
4066,0,0,2,2,2
4067,28,3,8,8,7
4068,1,14,83,42,51
4069,2,30,43,49,48
4070,29,36,33,34,26
4071,3,140,399,260,360
4072,35,85,45,41,38
4073,582,3805,3093,4242,4180
4074,293,114,1,1,1
4075,1,1,0,10,1
4076,75,25,76,76,75
4077,8,4,6,14,10
4078,12,36,20,20,12
4079,7,15,16,20,12
4080,47,42,21,7,2
4081,10,0,14,15,23
4082,1,3,0,0,0
4083,9,1,1,2,4
4084,320,133,33,139,123
4085,0,0,0,0,0
4086,13,0,3,9,8
4087,459,138,6,8,13
4088,2,2,0,4,1
4089,691,376,150,467,420
4090,1,19,35,59,117
4091,3,2,1,0,0
4092,24,13,73,5,2
4093,1,4,1,0,0
4094,1,6,17,4,14
4095,267,81,271,221,202
4096,94,3,103,71,51
4097,59,24,139,212,291
4098,27,10,0,3,1
4099,43,0,39,39,52
4100,41,1,2,3,2
4101,12,7,74,81,89
4102,57,207,91,121,141
4103,711,1105,205,147,232
4104,67,56,1,3,3
4105,15,137,95,92,76
4106,29,61,2,13,14
4107,2,0,0,0,0
4108,1053,111,3,4,5
4109,9,0,33,3,3
4110,18,217,231,528,509
4111,9,30,8,18,16
4112,300,123,385,309,237
4113,113,170,212,275,151
4114,10,48,192,104,101
4115,34,13,0,2,1
4116,5,3,40,55,46
4117,117,14,22,14,7
4118,1,43,2,9,24
4119,40,94,1490,325,369
4120,3,4,6,3,3
4121,89,26,45,64,67
4122,0,7,25,26,22
4123,53,362,1729,553,584
4124,7,28,1,3,2
4125,33,0,162,87,43
4126,1,275,9,7,9
4127,1263,748,875,668,453
4128,41,31,1,8,6
4129,5,0,16,12,13
4130,54,28,25,21,25
4131,143,34,6,10,22
4132,56,38,50,27,37
4133,3,9,17,7,13
4134,0,44,23,9,9
4135,29,26,63,50,47
4136,2,86,22,36,28
4137,0,2,0,8,12
4138,90,29,38,81,80
4139,7,0,58,135,185
4140,65,69,308,136,459
4141,3,0,6,5,5
4142,7,25,0,0,0
4143,30,52,15,33,74
4144,60,442,18,1,1
4145,29,0,263,409,355
4146,98,252,1217,425,413
4147,395,49,25,46,34
4148,13,92,11,8,9
4149,171,8,14,13,12
4150,77,23,50,78,103
4151,23,11,3,10,7
4152,10,50,5,4,6
4153,0,0,0,0,0
4154,1,0,2,1,1
4155,0,29,2,2,2
4156,33,318,84,44,43
4157,42,5,3,0,0
4158,0,1,2,14,14
4159,31,1,5,4,3
4160,8,2,12,6,5
4161,79,40,52,31,19
4162,59,163,89,107,140
4163,0,3,54,30,23
4164,73,6,135,73,155
4165,39,143,223,200,197
4166,34,318,838,907,726
4167,4,1,45,41,44
4168,1006,1098,301,281,248
4169,305,35,135,121,83
4170,87,93,253,106,105
4171,0,1,39,61,44
4172,28,0,166,102,97
4173,318,682,762,1086,1460
4174,0,24,21,17,12
4175,27,7,4,5,2
4176,8,10,4,6,1
4177,95,73,50,39,51
4178,3,25,22,12,13
4179,24,209,333,213,204
4180,0,0,0,0,0
4181,265,437,636,320,336
4182,89,51,175,272,272
4183,1,0,39,34,33
4184,393,2267,1149,922,846
4185,28,1,41,25,31
4186,14,3,4,13,11
4187,41,127,454,471,571
4188,0,6,21,33,30
4189,9,89,13,7,7
4190,166,583,109,73,67
4191,246,278,205,422,303
4192,46,114,25,134,85
4193,9,0,9,15,17
4194,0,0,1,2,1
4195,216,19,9,9,5
4196,968,893,99,58,50
4197,3,0,10,11,12
4198,50,63,380,121,129
4199,16,7,21,27,20
4200,13,338,1235,1757,843
4201,2,1,8,32,41
4202,79,3,117,25,26
4203,134,15,1,2,2
4204,2,28,5,0,0
4205,1,11,213,370,417
4206,718,2211,671,461,400
4207,261,385,201,231,171
4208,13,3,9,0,0
4209,47,5,74,22,15
4210,0,0,0,0,0
4211,1,0,0,4,4
4212,188,84,147,89,71
4213,3,0,2,2,2
4214,91,18,22,9,7
4215,0,15,2,5,9
4216,4,7,7,8,9
4217,1,0,3,10,8
4218,22,13,14,9,2
4219,8,0,0,0,0
4220,109,19,25,52,33
4221,7,13,127,77,78
4222,71,204,1,6,4
4223,8,27,29,52,69
4224,8,3,0,1,0
4225,11,207,1,0,1
4226,9,27,96,68,86
4227,2,23,4,5,2
4228,83,12,29,20,27
4229,54,20,21,4,7
4230,1102,1137,602,658,523
4231,41,432,69,26,26
4232,72,336,109,44,37
4233,98,85,27,10,19
4234,80,3,318,722,928
4235,414,100,380,295,333
4236,853,218,38,36,39
4237,3,2,8,8,6
4238,859,6,2539,1543,1612
4239,11,100,51,38,102
4240,203,839,159,273,257
4241,0,1,0,0,0
4242,79,108,10,15,14
4243,5,324,7,1,0
4244,13,610,267,254,348
4245,4,0,0,0,0
4246,4,2,0,0,0
4247,46,234,148,129,140
4248,128,90,38,158,169
4249,14,21,44,57,48
4250,75,22,55,65,73
4251,2,32,656,734,691
4252,40,20,217,86,70
4253,35,68,96,42,36
4254,5,3,3,9,3
4255,229,4,338,514,453
4256,124,75,198,167,148
4257,315,76,335,403,559
4258,810,145,471,590,662
4259,7,6,19,5,9
4260,18,130,69,131,144
4261,4,2,17,25,13
4262,0,0,20,21,21
4263,0,1,0,0,0
4264,7,333,799,1387,1124
4265,3,6,67,64,66
4266,8,122,246,503,435
4267,54,131,127,83,78
4268,23,7,91,140,114
4269,0,0,7,0,0
4270,182,1120,558,736,609
4271,0,0,2,1,2
4272,122,165,301,414,308
4273,61,28,6,27,21
4274,5,0,10,5,5
4275,2,13,14,7,12
4276,19,77,96,97,132
4277,16,30,39,39,38
4278,125,71,310,381,354
4279,285,74,18,19,25
4280,114,1009,1155,1095,809
4281,10,1,39,143,133
4282,56,73,8,17,32
4283,116,101,215,224,296
4284,32,143,44,17,17
4285,39,10,22,20,27
4286,1,1,65,66,60
4287,68,39,120,126,150
4288,386,137,43,56,72
4289,32,106,303,318,351
4290,0,15,43,11,17
4291,1,31,69,342,301
4292,36,281,5,7,15
4293,17,1,12,10,7
4294,0,9,8,17,52
4295,1,0,1,2,1
4296,128,214,3,11,26
4297,10,29,1,0,1
4298,585,1471,94,121,146
4299,0,1,0,0,0
4300,1,0,1,2,2
4301,21,99,11,5,4
4302,79,78,62,21,26
4303,0,0,0,1,1
4304,2,55,88,105,71
4305,0,0,0,0,0
4306,54,36,57,67,40
4307,644,2235,584,1189,1127
4308,165,85,62,44,69
4309,19,0,5,6,6
4310,33,13,3,0,0
4311,8,4,2,14,8
4312,26,90,107,69,68
4313,2,15,37,30,43
4314,0,0,0,0,0
4315,2,1,15,3,2
4316,38,8,6,20,10
4317,69,263,437,721,431
4318,93,2,0,0,4
4319,5,47,8,18,19
4320,0,0,0,0,0
4321,0,0,0,0,0
4322,0,8,3,4,4
4323,4,1,5,5,21
4324,44,6,4,5,10
4325,5,1,17,16,15
4326,1,27,81,124,171
4327,189,116,132,210,434
4328,420,1261,65,43,37
4329,703,381,128,166,178
4330,0,7,4,70,35
4331,30,1,108,103,169
4332,17,12,1,6,15
4333,66,54,74,78,60
4334,62,140,397,217,198
4335,105,5,43,73,72
4336,19,7,46,6,7
4337,12,21,7,3,3
4338,4,3,7,2,5
4339,157,322,567,538,349
4340,0,2,13,4,3
4341,0,2,87,18,11
4342,547,119,1005,1694,1409
4343,20,3,33,76,71
4344,19,2,1,2,1
4345,318,249,67,37,45
4346,6,3,25,17,17
4347,6,1,79,17,26
4348,112,17,63,45,125
4349,2,10,1163,715,701
4350,100,119,930,1648,1670
4351,1,1,7,22,18
4352,1,4,9,9,10
4353,4,2,12,18,19
4354,2,2,3,4,2
4355,18,0,1,1,1
4356,68,549,219,336,289
4357,182,75,21,49,57
4358,2,13,20,25,34
4359,137,194,15,7,7
4360,281,47,280,561,420
4361,5,67,6,7,5
4362,59,11,43,64,55
4363,18,0,8,19,13
4364,0,0,2,5,4
4365,1,3,4,6,3
4366,8,1,0,0,2
4367,3,2,5,4,4
4368,25,29,426,802,739
4369,0,0,2,10,5
4370,138,170,3,20,10
4371,285,676,113,59,71
4372,507,6,37,25,25
4373,238,51,89,96,146
4374,4,1,31,16,18
4375,17,116,70,150,129
4376,1,4,3,3,6
4377,78,0,31,12,12
4378,1,0,22,8,22
4379,5,16,42,30,18
4380,21,1,4,2,1
4381,9,38,107,14,34
4382,3,4,0,0,0
4383,27,6,1,2,2
4384,522,63,25,38,27
4385,257,451,246,294,197
4386,264,2,17,8,7
4387,1,0,2,0,0
4388,15,6,41,21,27
4389,21,199,65,75,103
4390,20,22,20,1,2
4391,30,1,14,6,6
4392,0,0,32,11,7
4393,3,50,55,46,40
4394,12,131,141,239,145
4395,54,8,21,108,88
4396,0,1,14,0,0
4397,262,11,558,666,345
4398,29,14,55,41,57
4399,52,113,167,148,117
4400,38,15,41,90,90
4401,16,8,97,36,98
4402,480,19,48,64,34
4403,30,24,50,57,43
4404,26,27,35,7,28
4405,4,25,33,84,93
4406,2,3,17,14,10
4407,14,32,202,218,107
4408,28,26,25,77,39
4409,41,518,142,111,215
4410,9,11,1,1,1
4411,18,1,53,136,111
4412,3,48,38,51,75
4413,9,7,23,40,34
4414,2,0,0,6,5
4415,4,3,9,11,4
4416,0,11,4,2,3
4417,142,7,333,239,167
4418,120,3,162,327,303
4419,17,0,54,59,43
4420,0,2,12,7,3
4421,10,1,1,1,1
4422,35,212,100,176,166
4423,3,20,6,10,14
4424,25,44,25,19,8
4425,0,0,26,33,24
4426,60,68,51,76,43
4427,0,8,4,9,6
4428,87,3,14,21,17
4429,0,4,21,39,44
4430,0,0,2,2,1
4431,48,9,6,4,5
4432,219,97,69,236,209
4433,278,582,1444,1225,1177
4434,78,18,29,46,44
4435,1,13,358,328,373
4436,0,1,8,9,3
4437,296,84,56,144,124
4438,540,292,285,489,479
4439,2,0,6,24,17
4440,1,24,34,25,15
4441,4,18,22,32,42
4442,17,15,0,0,0
4443,260,10,114,136,215
4444,2,9,10,27,33
4445,15,137,24,5,5
4446,2,6,8,157,134
4447,12,13,0,3,3
4448,7,9,13,12,18
4449,1,1,5,6,8
4450,9,33,344,288,244
4451,3492,1013,2972,3220,3471
4452,7,13,56,85,67
4453,0,0,0,0,0
4454,2,20,3,16,12
4455,3,19,0,0,0
4456,2,1,1,2,2
4457,297,167,18,12,10
4458,14,91,340,623,413
4459,38,260,1,11,11
4460,0,0,0,0,0
4461,64,109,19,43,42
4462,190,397,118,170,166
4463,4,0,0,0,0
4464,113,7,6,10,7
4465,528,55,355,262,270
4466,1104,49,88,347,257
4467,4,0,8,5,3
4468,2,2,6,5,11
4469,171,10,25,12,11
4470,7,135,47,59,49
4471,125,2,18,49,34
4472,7,48,9,40,56
4473,19,36,4,2,10
4474,37,6,44,76,74
4475,0,3,59,62,74
4476,139,76,3,4,8
4477,182,27,21,8,7
4478,41,16,107,106,165
4479,233,251,127,75,92
4480,5,9,3,8,13
4481,0,14,38,106,48
4482,0,3,44,212,170
4483,24,62,17,23,25
4484,21,76,116,187,142
4485,57,265,163,546,606
4486,154,255,212,54,69
4487,57,5,46,15,9
4488,568,34,38,18,14
4489,64,77,178,64,74
4490,5,78,11,64,41
4491,65,11,19,30,37
4492,16,0,5,4,5
4493,39,63,64,38,46
4494,5,898,15,57,118
4495,733,1103,2086,1911,1835
4496,41,36,84,63,82
4497,6,2,18,21,15
4498,359,205,1326,816,578
4499,42,80,0,1,1
4500,882,941,168,188,181
4501,3,6,21,14,12
4502,4,64,42,22,36
4503,161,63,40,63,52
4504,0,1,1,3,3
4505,12,105,652,316,434
4506,28,114,88,73,63
4507,8,0,11,14,20
4508,32,221,190,302,281
4509,114,55,150,168,200
4510,10,121,36,3,1
4511,15,12,61,70,80
4512,14,28,7,5,5
4513,0,44,2,3,2
4514,0,0,2,5,1
4515,67,640,933,1006,1151
4516,3836,1146,1026,815,833
4517,1,1,8,0,0
4518,368,47,51,55,58
4519,17,3,76,17,21
4520,12,4,17,5,6
4521,6,44,81,84,79
4522,56,178,108,54,52
4523,4,14,14,7,10
4524,1,19,38,13,20
4525,1,10,5,4,5
4526,1263,363,52,5,6
4527,9,0,69,53,57
4528,9,4,1,1,2
4529,55,46,116,106,126
4530,18,50,380,276,317
4531,2,10,12,4,6
4532,0,0,1,4,6
4533,603,9,433,468,456
4534,2,79,533,407,413
4535,15,0,7,9,11
4536,93,571,801,1768,1801
4537,51,27,77,45,58
4538,0,0,16,12,18
4539,38,133,346,204,206
4540,26,15,3,19,18
4541,4,11,3,2,4
4542,0,16,28,15,23
4543,111,2,82,64,71
4544,30,69,165,73,85
4545,39,4,1,13,12
4546,12,0,8,14,13
4547,126,438,181,470,382
4548,1818,334,843,955,938
4549,26,0,76,63,54
4550,2,78,4,3,5
4551,32,3,114,66,68
4552,2,3,1,1,1
4553,5,17,23,16,16
4554,768,118,307,272,287
4555,0,13,110,73,76
4556,509,348,215,110,97
4557,1339,2664,406,481,506
4558,10,0,25,35,51
4559,2,1,1,3,2
4560,357,1027,295,345,355
4561,9,68,286,316,200
4562,0,0,0,0,0
4563,0,0,15,24,21
4564,0,2,16,73,65
4565,0,23,9,3,2
4566,37,294,20,36,53
4567,37,0,380,1139,1500
4568,1,0,0,15,16
4569,246,60,115,80,80
4570,80,133,18,50,89
4571,206,253,317,206,164
4572,2,59,724,649,641
4573,163,29,31,48,34
4574,6,25,68,25,22
4575,0,0,20,6,4
4576,0,35,2,0,0
4577,9,69,3,8,9
4578,214,0,32,60,74
4579,651,3697,2940,2944,1689
4580,106,0,266,445,431
4581,0,0,176,173,185
4582,28,19,12,2,4
4583,141,40,81,90,24
4584,7,0,27,25,27
4585,0,4,2,6,8
4586,18,5,5,29,31
4587,34,2,3,2,2
4588,2,0,1,1,0
4589,4,1,0,0,1
4590,130,413,1192,1097,1209
4591,229,141,437,164,160
4592,155,152,15,39,30
4593,772,118,6,20,29
4594,2,1,20,23,19
4595,453,652,207,103,93
4596,19,10,21,11,14
4597,23,123,2205,4696,4473
4598,100,65,30,91,117
4599,53,258,6,2,2
4600,66,134,53,57,55
4601,296,471,277,367,311
4602,0,0,6,3,2
4603,707,238,28,75,69
4604,33,1,4,9,9
4605,0,0,1,1,0
4606,0,0,0,0,0
4607,415,206,608,384,430
4608,27,100,46,81,73
4609,29,3,1,3,2
4610,46,182,92,162,189
4611,173,90,1307,1164,1006
4612,34,39,343,292,301
4613,29,47,32,15,13
4614,1,0,9,14,24
4615,2,25,2,12,17
4616,0,0,0,0,0
4617,33,10,2,13,6
4618,6,5,0,0,0
4619,116,0,1,6,6
4620,38,11,17,13,12
4621,350,536,889,920,992
4622,29,3,3,1,2
4623,9,167,376,628,657
4624,60,6,10,10,7
4625,82,8,13,13,13
4626,10,1,36,16,21
4627,5,47,84,189,158
4628,251,20,45,19,39
4629,66,86,118,131,126
4630,564,418,70,273,326
4631,38,144,35,43,54
4632,44,227,44,22,11
4633,221,178,281,350,352
4634,16,26,10,2,2
4635,2,1,1,1,1
4636,4,5,12,25,21
4637,9,47,6,4,4
4638,1,8,4,16,25
4639,0,0,1,4,4
4640,59,52,15,2,10
4641,539,500,489,560,465
4642,1,2,26,30,23
4643,78,1,32,37,19
4644,657,280,427,83,143
4645,10,1,2,1,0
4646,21,44,40,61,62
4647,8,2,6,1,0
4648,4,3,285,613,605
4649,4,2,0,0,0
4650,43,165,21,23,23
4651,0,27,51,21,31
4652,4,15,5,12,8
4653,132,6,2,4,7
4654,3,37,42,21,26
4655,137,18,6,9,22
4656,26,0,12,4,6
4657,49,10,96,21,18
4658,393,5161,3611,2840,2975
4659,27,3,103,33,15
4660,336,129,222,79,64
4661,16,101,273,172,195
4662,404,11,7,12,17
4663,3,5,6,2,3
4664,108,66,72,37,38
4665,7,5,1,2,2
4666,1,7,72,30,30
4667,45,203,24,18,24
4668,58,324,205,108,126
4669,22,0,75,31,24
4670,219,556,878,932,767
4671,0,2,1,2,2
4672,9,3,12,34,34
4673,48,137,15,3,2
4674,14,18,5,112,36
4675,10,9,1,4,4
4676,6,4,6,12,12
4677,9,0,10,5,1
4678,1,6,41,73,77
4679,227,620,24,48,42
4680,2,5,0,3,3
4681,8,4,101,197,206
4682,41,635,52,28,36
4683,98,127,18,6,3
4684,9,8,27,30,38
4685,0,3,18,40,33
4686,218,4,47,62,61
4687,387,176,261,78,71
4688,76,24,53,65,70
4689,4,25,0,1,1
4690,5,37,13,5,4
4691,70,107,122,62,67
4692,4,40,16,4,4
4693,19,142,335,455,412
4694,3,33,8,33,30
4695,1,1,36,19,31
4696,473,219,645,410,385
4697,0,0,31,22,35
4698,1,1,6,4,5
4699,6,36,11,9,7
4700,83,113,15,19,36
4701,0,5,0,1,1
4702,0,0,0,3,3
4703,54,13,9,15,3
4704,0,1,16,28,23
4705,4,12,3,5,2
4706,1529,84,30,23,30
4707,103,19,27,144,93
4708,29,243,56,23,25
4709,224,170,205,136,71
4710,403,302,75,119,191
4711,1,36,3,9,6
4712,16,244,214,128,180
4713,0,1,1,4,4
4714,121,31,15,27,40
4715,318,160,106,92,139
4716,11,2,0,0,0
4717,436,905,629,750,760
4718,62,8,150,228,181
4719,110,630,8,59,50
4720,11,8,12,38,39
4721,113,258,337,150,199
4722,8,21,14,11,12
4723,0,15,41,56,50
4724,15,15,2,0,0
4725,0,17,105,98,105
4726,0,3,32,7,6
4727,2,1,7,16,26
4728,278,231,488,663,632
4729,0,1,1,2,1
4730,0,10,20,148,125
4731,885,268,878,754,584
4732,0,1,1,1,2
4733,22,69,31,34,38
4734,246,334,391,297,299
4735,0,0,2,4,8
4736,31,0,3,9,8
4737,163,43,39,37,36
4738,10,0,2,5,6
4739,2,4,245,108,133
4740,95,58,41,50,47
4741,0,1,10,2,1
4742,12,107,4,6,10
4743,20,74,50,81,79
4744,28,63,1023,797,850
4745,27,65,0,2,3
4746,10,51,114,100,55
4747,58,24,73,99,72
4748,102,59,1,2,2
4749,2,24,8,20,16
4750,49,48,0,0,0
4751,1,0,80,106,125
4752,7,9,272,206,257
4753,4,65,183,119,201
4754,280,58,24,26,23
4755,340,134,163,440,404
4756,0,0,0,0,0
4757,1296,144,1104,464,383
4758,509,1269,230,186,179
4759,0,4,0,0,0
4760,0,6,7,1,1
4761,2,24,1,13,7
4762,1,3,0,0,0
4763,0,18,75,64,63
4764,2,51,14,44,37
4765,77,60,6,2,1
4766,20,126,46,37,54
4767,1,1,88,53,78
4768,10,67,2,3,7
4769,10,54,59,61,61
4770,10,47,641,494,471
4771,16,60,0,4,6
4772,32,5,4,7,5
4773,114,142,416,559,627
4774,78,54,12,18,12
4775,52,87,44,26,25
4776,2,21,3,24,36
4777,20,31,75,101,105
4778,57,71,9,11,7
4779,287,69,17,35,21
4780,4,7,16,24,18
4781,1,1,0,0,0
4782,2,2,6,3,8
4783,4,1,2,3,1
4784,0,6,398,241,208
4785,9,513,318,207,315
4786,6,15,73,35,34
4787,0,2,3,0,0
4788,0,0,10,4,7
4789,727,3605,860,715,849
4790,3144,2556,163,109,144
4791,0,36,0,3,4
4792,45,15,15,19,41
4793,12,0,70,20,24
4794,30,64,71,56,72
4795,31,13,5,34,19
4796,24,5,4,5,3
4797,9,0,30,6,5
4798,59,60,22,20,13
4799,58,44,131,181,155
4800,164,591,262,137,151
4801,0,9,4,2,1
4802,13,6,5,0,1
4803,40,4,89,135,172
4804,123,101,13,6,9
4805,191,201,58,19,20
4806,348,366,309,755,654
4807,17,113,756,673,694
4808,7,5,14,10,7
4809,121,138,848,59,43
4810,3,2,2,0,0
4811,172,49,82,267,94
4812,2,12,3,5,6
4813,12,15,19,16,15
4814,10,15,10,9,10
4815,3,0,1,3,3
4816,1148,710,138,283,315
4817,336,779,371,94,106
4818,4,3,14,47,40
4819,39,42,26,63,66
4820,91,21,62,22,28
4821,3,8,1,37,35
4822,84,18,136,49,33
4823,225,320,350,425,472
4824,0,0,20,68,78
4825,39,117,78,42,44
4826,371,170,188,163,128
4827,0,2,2,6,5
4828,104,11,10,0,0
4829,35,20,23,30,24
4830,103,40,348,203,229
4831,2,3,6,8,13
4832,22,6,78,26,31
4833,267,2197,408,198,144
4834,35,18,152,101,135
4835,0,9,81,13,11
4836,158,131,91,81,129
4837,343,592,59,103,150
4838,2,7,222,11,79
4839,89,31,19,18,15
4840,62,267,31,17,17
4841,0,31,0,1,1
4842,54,183,48,52,113
4843,0,0,0,0,0
4844,79,281,407,683,474
4845,0,0,2,3,3
4846,3,0,38,6,11
4847,129,12,86,70,90
4848,64,224,13,180,188
4849,2,75,329,139,166
4850,1,92,18,2,0
4851,3,9,9,3,6
4852,768,19,26,12,17
4853,6,14,18,28,54
4854,1,2,4,5,6
4855,95,90,125,425,287
4856,48,0,26,10,7
4857,1,447,308,84,86
4858,98,92,59,232,170
4859,77,14,371,183,267
4860,0,0,3,6,5
4861,70,10,6,7,4
4862,2,2,129,67,75
4863,398,50,172,193,166
4864,16,36,5,2,2
4865,4,4,6,4,4
4866,522,17,57,249,435
4867,102,325,369,491,489
4868,35,10,28,6,1
4869,1,0,11,13,8
4870,22,10,92,105,72
4871,1,6,1,4,4
4872,27,57,12,7,9
4873,20,31,20,55,59
4874,426,1,461,270,391
4875,23,45,17,21,26
4876,82,3572,554,541,550
4877,2,689,208,125,106
4878,2,4,17,12,10
4879,3,2,17,21,15
4880,1,0,0,0,0
4881,338,44,254,184,196
4882,105,3,68,177,179
4883,47,3,32,0,0
4884,44,45,389,436,434
4885,4,1,34,38,31
4886,56,393,206,239,187
4887,29,6,18,31,23
4888,1,24,5,13,19
4889,1,116,181,130,96
4890,10,52,0,0,0
4891,1,5,7,20,13
4892,10,46,29,35,42
4893,443,521,163,114,116
4894,0,0,0,0,0
4895,466,517,202,83,41
4896,10,0,2,2,3
4897,23,74,65,61,65
4898,4,5,41,26,27
4899,17,1268,1904,1992,2300
4900,7,9,267,172,150
4901,170,17,141,88,64
4902,424,78,37,82,81
4903,9,82,17,18,21
4904,6,12,0,0,0
4905,418,722,8,41,53
4906,107,45,8,18,19
4907,466,283,658,1619,1667
4908,1,3,0,8,11
4909,3,2,18,1,0
4910,520,157,95,183,168
4911,190,43,25,61,40
4912,207,406,34,82,95
4913,117,14,65,12,20
4914,13,13,7,3,8
4915,900,936,47,130,113
4916,98,102,0,0,0
4917,3003,2511,1402,3060,3138
4918,26,24,65,36,21
4919,10,37,12,20,24
4920,51,12,93,23,33
4921,6,154,527,663,650
4922,344,216,552,320,428
4923,18,1,13,6,4
4924,0,4,1,0,0
4925,75,100,30,50,48
4926,0,9,0,3,6
4927,5,1,3,1,1
4928,92,105,313,268,253
4929,12,5,109,54,65
4930,105,17,16,16,18
4931,2,39,0,1,2
4932,1,25,116,107,97
4933,29,642,1049,1901,1592
4934,142,6,12,12,16
4935,1,14,7,12,11
4936,25,169,40,28,28
4937,141,16,40,87,129
4938,7,131,469,636,835
4939,359,471,52,44,48
4940,85,239,52,8,17
4941,176,661,205,160,130
4942,55,72,8,1,1
4943,2,0,232,281,281
4944,152,54,62,75,63
4945,3,133,37,45,46
4946,0,0,0,0,2
4947,34,16,48,36,30
4948,21,259,445,243,212
4949,1,34,136,204,170
4950,150,25,84,73,91
4951,146,18,481,319,344
4952,336,183,287,105,114
4953,2,1,10,2,2
4954,2,373,67,49,15
4955,5,1,2,2,2
4956,12,11,39,15,9
4957,22,15,185,75,41
4958,97,141,573,462,777
4959,0,0,1,0,0
4960,59,33,6,7,9
4961,23,8,2,5,4
4962,40,1,14,14,18
4963,0,0,16,17,15
4964,13,0,53,64,64
4965,68,485,155,179,165
4966,202,517,194,188,191
4967,1,336,217,212,217
4968,403,575,823,779,751
4969,5,1,1,1,1
4970,1,2,9,13,14
4971,3,2,5,5,4
4972,7,2,0,2,1
4973,0,13,4,5,8
4974,75,13,23,24,36
4975,276,24,3,1,3
4976,3,386,162,101,86
4977,2,3,35,17,17
4978,0,3,11,123,98
4979,329,186,323,741,460
4980,19,39,9,8,10
4981,5,6,14,6,7
4982,2,0,9,8,12
4983,8,0,5,4,2
4984,13,2,0,0,0
4985,60,41,54,74,69
4986,14,3,21,44,39
4987,35,25,6,6,9
4988,44,0,3,3,3
4989,2,48,8,4,6
4990,22,45,23,59,62
4991,0,2,4,9,4
4992,11,107,2,2,6
4993,4,1,2,8,6
4994,0,0,0,1,0
4995,53,126,36,14,33
4996,545,113,330,386,397
4997,393,92,222,244,278
4998,141,10,87,87,103
4999,222,123,242,384,445
5000,423,21,334,340,298
5001,293,141,15,25,29
5002,0,0,0,0,0
5003,19,3,8,5,2
5004,0,1,10,4,2
5005,728,10,2,2,1
5006,60,60,129,160,163
5007,13,16,10,14,14
5008,432,4,19,77,53
5009,2,42,5,5,4
5010,50,83,91,88,78
5011,20,45,114,86,68
5012,52,101,99,125,111
5013,0,15,699,421,288
5014,1,14,21,4,9
5015,55,240,59,37,51
5016,4,7,3,3,2
5017,45,3,52,68,108
5018,0,11,7,12,8
5019,5,0,2,3,3
5020,53,43,10,17,1
5021,0,0,34,30,27
5022,7,5,1,1,1
5023,3,1,15,5,9
5024,1,11,71,153,95
5025,3,15,7,4,5
5026,0,0,1,0,0
5027,2,0,1,0,0
5028,2,0,6,8,6
5029,25,82,124,129,163
5030,1,0,13,3,4
5031,204,143,57,160,123
5032,280,109,59,77,53
5033,366,42,75,465,534
5034,103,37,366,285,428
5035,143,64,254,205,151
5036,13,0,5,3,6
5037,2,34,146,201,182
5038,18,0,3,2,0
5039,7,2,4,25,5
5040,15,41,202,175,149
5041,0,12,1,12,5
5042,153,8,42,61,63
5043,17,3,2,1,3
5044,51,88,0,1,0
5045,113,276,75,90,70
5046,2,5,1,1,1
5047,99,202,4,4,5
5048,74,68,19,56,61
5049,0,0,22,32,18
5050,0,0,0,0,0
5051,71,2,0,0,0
5052,0,8,10,3,3
5053,38,1,25,53,35
5054,52,19,83,68,48
5055,5,0,0,1,0
5056,1,100,26,100,64
5057,18,27,173,160,175
5058,2573,699,342,537,379
5059,1,1,0,0,0
5060,187,87,43,58,48
5061,4,3,2,17,9
5062,11,4,2,1,2
5063,0,0,9,7,6
5064,525,1226,1064,382,342
5065,36,238,52,36,38
5066,21,4,15,17,21
5067,0,3,1,2,1
5068,0,1,3,3,3
5069,2,9,101,63,137
5070,1,0,1,1,1
5071,2,12,18,22,23
5072,7,414,193,366,307
5073,36,27,1,2,1
5074,839,524,165,434,394
5075,19,55,196,137,139
5076,1,36,257,122,95
5077,40,268,73,104,104
5078,31,1,14,20,10
5079,0,0,5,1,2
5080,12,23,1130,631,578
5081,87,8,3,10,9
5082,0,11,51,91,98
5083,6,4,4,3,3
5084,448,399,48,68,58
5085,17,38,67,55,58
5086,17,4,14,70,44
5087,52,1276,195,41,53
5088,1,26,0,0,0
5089,0,1,23,39,55
5090,125,122,30,127,91
5091,108,26,16,55,52
5092,53,22,31,66,43
5093,0,40,45,30,32
5094,226,88,232,281,277
5095,12,70,103,148,176
5096,35,27,0,1,0
5097,6,2,5,9,11
5098,0,2,97,39,14
5099,136,3,17,13,15
5100,7,5,69,130,122
5101,4,5,0,4,3
5102,12,40,64,39,41
5103,5,56,11,91,79
5104,4,13,0,0,0
5105,9,28,765,1886,1523
5106,28,7,0,0,0
5107,4,0,0,1,0
5108,1,2,2,4,5
5109,4,10,14,48,55
5110,19,7,83,28,26
5111,147,11,511,402,414
5112,19,63,587,179,147
5113,17,9,83,26,41
5114,77,53,166,137,152
5115,683,120,148,321,367
5116,7,821,1131,868,668
5117,9,20,215,148,173
5118,13,25,39,69,101
5119,0,1,8,6,8
5120,130,23,123,117,94
5121,69,320,730,876,957
5122,35,0,42,43,32
5123,4,62,0,0,0
5124,4,2,0,0,1
5125,92,13,39,56,47
5126,51,40,4,13,12
5127,40,0,7,10,14
5128,282,7,12,1,1
5129,110,294,98,286,274
5130,86,47,32,27,25
5131,4,0,1,2,1
5132,117,43,268,310,282
5133,13,18,15,14,20
5134,23,12,35,70,87
5135,1,3,34,27,25
5136,21,26,14,4,2
5137,4,29,0,0,1
5138,0,15,40,41,99
5139,5,3,38,20,10
5140,5,3,3,2,0
5141,314,76,64,117,170
5142,70,136,105,45,49
5143,1,77,137,225,224
5144,2,2,4,10,17
5145,3,4,24,13,13
5146,20,1,152,302,368
5147,373,356,70,197,171
5148,12,4,106,32,42
5149,397,362,6,5,3
5150,74,0,4,12,15
5151,123,0,9,9,11
5152,57,59,26,24,17
5153,14,292,685,703,494
5154,29,140,113,114,137
5155,0,3,5,2,3
5156,105,1,6,14,12
5157,23,12,0,2,2
5158,0,2,8,5,8
5159,15,42,158,122,134
5160,28,93,43,160,148
5161,1806,1037,183,619,667
5162,1,7,10,5,5
5163,60,47,3,21,39
5164,145,376,309,312,243
5165,63,36,195,238,203
5166,3,44,521,713,666
5167,108,0,45,24,28
5168,255,16,138,182,146
5169,388,314,1239,1192,1127
5170,14,69,4,7,14
5171,40,1,1,1,0
5172,145,22,24,73,32
5173,2,6,17,2,2
5174,97,13,44,25,29
5175,1,4,43,54,42
5176,2,15,35,50,34
5177,18,0,1,1,3
5178,4,14,13,26,16
5179,13,1,9,8,10
5180,10,38,452,207,301
5181,1,0,0,0,0
5182,0,0,0,0,0
5183,234,62,91,96,77
5184,6,2,1,7,5
5185,51,153,809,1048,792
5186,224,26,0,6,17
5187,78,22,47,139,195
5188,39,27,20,7,4
5189,4,3,18,16,24
5190,40,46,68,90,95
5191,4,14,4,3,3
5192,74,88,28,22,24
5193,291,23,6,5,6
5194,0,0,6,4,3
5195,15,13,179,54,91
5196,85,73,151,117,98
5197,0,34,69,63,52
5198,16,3,15,19,18
5199,46,20,163,255,285
5200,25,18,0,3,6
5201,3,33,1,0,1
5202,1,0,0,0,1
5203,0,39,3,8,4
5204,323,1,149,59,49
5205,1002,2046,115,38,51
5206,827,764,112,196,171
5207,41,5,5,6,5
5208,80,89,16,5,5
5209,23,77,1,1,1
5210,6,0,2,19,23
5211,14,3,10,8,8
5212,10,0,11,56,28
5213,4,7,30,11,8
5214,50,2,34,31,22
5215,629,536,792,716,795
5216,1,0,10,51,40
5217,3,45,24,5,9
5218,230,183,98,92,78
5219,104,2,123,98,118
5220,11,13,37,50,27
5221,10,6,305,253,304
5222,135,7,42,99,76
5223,41,214,213,123,99
5224,343,208,744,1302,1204
5225,0,9,63,44,62
5226,12,3,1,2,2
5227,50,163,444,682,549
5228,137,58,8,3,2
5229,3,17,0,0,1
5230,31,38,157,156,85
5231,6,3,3,0,2
5232,44,22,1,4,3
5233,4,2,4,15,11
5234,13,6,0,0,0
5235,157,99,65,55,43
5236,35,9,299,337,561
5237,646,210,901,1018,925
5238,44,3,15,38,42
5239,54,18,80,31,56
5240,115,41,7,2,3
5241,3,4,9,6,4
5242,2,136,73,47,41
5243,151,88,33,22,31
5244,3,2,5,42,67
5245,346,118,152,233,273
5246,1,8,8,10,8
5247,0,0,0,0,0
5248,53,17,10,19,17
5249,1,2,12,39,33
5250,409,21,135,117,80
5251,1,2,24,27,27
5252,14,2,11,1,1
5253,7,2,43,10,4
5254,6,0,35,40,48
5255,60,44,91,108,73
5256,8,54,32,28,25
5257,10,5,22,12,17
5258,114,428,78,72,46
5259,0,0,6,2,1
5260,9,7,1,1,1
5261,22,171,596,141,256
5262,605,73,43,45,55
5263,138,168,222,145,123
5264,108,19,5,8,20
5265,76,129,12,13,13
5266,171,2,34,16,20
5267,234,246,2,1,0
5268,1,137,17,8,8
5269,96,0,174,193,203
5270,0,0,0,0,0
5271,0,17,309,113,171
5272,15,0,0,2,1
5273,1,45,77,65,76
5274,28,97,1,7,3
5275,1,50,2,27,37
5276,0,0,3,1,0
5277,11,72,70,81,47
5278,3,31,5,26,10
5279,39,0,11,8,9
5280,286,1037,207,154,116
5281,40,144,20,47,16
5282,0,0,100,118,130
5283,1,46,131,68,69
5284,31,50,1,1,1
5285,1529,445,321,243,483
5286,1,6,2,13,12
5287,1,1,12,12,9
5288,195,33,1079,1081,702
5289,13,40,117,55,53
5290,93,138,162,187,190
5291,385,1124,863,1273,1035
5292,2,0,25,19,17
5293,4,6,9,7,5
5294,21,0,12,1,2
5295,57,11,121,61,132
5296,272,232,114,66,101
5297,30,88,192,410,238
5298,7,28,43,25,39
5299,290,13,5,29,63
5300,3,0,0,0,0
5301,49,85,45,82,80
5302,10,15,2,1,0
5303,76,244,15,36,32
5304,46,137,132,157,237
5305,5,51,49,55,31
5306,33,19,27,33,29
5307,102,23,82,14,16
5308,275,52,822,552,930
5309,13,35,71,69,63
5310,4,1,0,0,0
5311,3,154,388,646,931
5312,0,1,35,195,193
5313,1005,1259,82,92,112
5314,25,41,18,6,7
5315,430,29,54,77,92
5316,13,97,0,2,2
5317,0,22,8,27,23
5318,80,54,59,49,49
5319,12,11,15,5,4
5320,1,12,2,0,2
5321,12,3,0,1,1
5322,3,2,153,202,227
5323,346,1011,99,57,134
5324,298,545,57,39,25
5325,577,406,56,124,179
5326,40,183,38,79,72
5327,131,56,48,89,122
5328,2,17,21,79,63
5329,3,1,7,7,8
5330,46,130,28,65,49
5331,315,14,40,44,63
5332,2,142,4,0,1
5333,9,49,11,27,11
5334,583,2,29,16,21
5335,378,19,26,29,28
5336,110,161,171,285,269
5337,298,406,105,33,23
5338,13,1,30,17,24
5339,14,59,5,1,4
5340,0,0,0,2,1
5341,14,7,420,362,247
5342,68,433,250,70,78
5343,3,0,0,0,0
5344,54,112,289,195,160
5345,45,12,43,83,66
5346,0,38,1,1,1
5347,11,2,5,9,8
5348,1294,305,72,154,146
5349,25,32,342,306,328
5350,3,17,8,11,9
5351,9,4,3,13,13
5352,249,5,2,0,0
5353,63,54,238,235,268
5354,9,15,24,30,16
5355,0,2,0,0,0
5356,3,7,2,6,6
5357,0,0,0,0,0
5358,20,31,42,51,53
5359,98,37,421,327,231
5360,3,89,4,4,5
5361,0,5,1,6,5
5362,0,38,77,440,369
5363,2,387,53,118,227
5364,0,0,0,0,0
5365,8,5,30,1,3
5366,25,33,10,38,42
5367,1,4,0,3,5
5368,6,24,3,1,1
5369,11,27,91,67,114
5370,23,93,3,10,9
5371,189,391,207,215,148
5372,11,30,16,36,32
5373,13,8,3,3,3
5374,97,272,225,252,282
5375,4,8,43,15,28
5376,2,1,101,23,16
5377,3,66,59,48,51
5378,8,347,343,520,548
5379,1,10,11,21,23
5380,703,1897,1166,1401,1553
5381,3,0,23,29,29
5382,195,1,0,1,1
5383,1,42,47,46,50
5384,3,3,43,22,24
5385,123,463,120,191,229
5386,28,99,16,105,151
5387,71,26,16,0,0
5388,13,60,45,30,52
5389,0,16,1,1,3
5390,4,0,9,19,11
5391,1541,212,86,18,28
5392,246,38,41,6,8
5393,19,11,150,116,88
5394,20,8,26,76,82
5395,253,503,231,49,68
5396,16,4,30,38,50
5397,19,54,12,8,6
5398,6,2,26,5,8
5399,96,209,46,20,18
5400,8,38,13,4,5
5401,0,1,0,2,2
5402,7,0,1,3,2
5403,272,294,638,711,677
5404,1,0,0,0,0
5405,0,0,2,2,2
5406,2,2,27,27,27
5407,46,15,197,245,201
5408,0,0,143,91,142
5409,3724,4451,1209,1190,1237
5410,23,13,23,17,16
5411,0,0,183,14,24
5412,60,62,264,105,125
5413,176,405,108,108,117
5414,94,81,7,14,35
5415,296,737,309,247,279
5416,0,0,2,4,1
5417,0,0,0,0,0
5418,9,4,182,267,253
5419,28,8,10,13,11
5420,0,0,6,6,7
5421,37,23,79,54,41
5422,1,158,136,279,289
5423,0,3,38,18,10
5424,0,22,12,5,2
5425,3,2,5,3,4
5426,9,12,13,33,16
5427,0,30,12,8,12
5428,1992,1877,1065,877,571
5429,25,63,141,63,67
5430,121,94,212,462,451
5431,184,80,302,63,61
5432,43,129,107,80,80
5433,4,54,292,380,362
5434,6,7,96,57,98
5435,155,49,416,454,390
5436,151,99,36,43,33
5437,9,12,28,38,43
5438,30,174,196,258,166
5439,4,1,26,6,4
5440,11,3,55,32,62
5441,2,31,50,62,60
5442,13,0,0,0,0
5443,1,4,3,6,7
5444,105,52,110,104,88
5445,4,1,10,36,24
5446,7,199,0,2,1
5447,8,6,22,58,58
5448,414,188,110,82,118
5449,0,3,35,39,33
5450,16,4,0,3,3
5451,62,1,0,0,0
5452,238,389,0,5,6
5453,0,1,6,4,4
5454,32,113,79,89,115
5455,134,361,411,104,164
5456,42,23,18,6,6
5457,160,4,11,21,20
5458,226,974,414,449,459
5459,68,94,107,24,66
5460,0,0,160,62,69
5461,1,0,0,0,0
5462,91,4,5,7,4
5463,3,57,336,355,365
5464,29,6,0,3,3
5465,3,20,51,27,39
5466,5,3,3,2,4
5467,23,33,0,0,1
5468,46,477,33,60,71
5469,39,61,29,66,84
5470,0,7,17,18,12
5471,23,0,16,2,3
5472,7,3,2,5,5
5473,157,302,611,418,377
5474,14,15,45,48,52
5475,1,2,29,5,4
5476,356,264,152,312,292
5477,0,0,5,6,7
5478,5,56,113,122,99
5479,1,1,12,10,12
5480,12,10,39,32,32
5481,1,5,3,5,6
5482,52,312,84,124,146
5483,1,15,69,126,89
5484,1,11,44,68,58
5485,0,9,7,11,15
5486,15,3,116,88,88
5487,3,1,26,27,38
5488,13,153,53,115,135
5489,10,26,29,85,101
5490,0,4,10,12,17
5491,118,15,34,13,20
5492,21,15,0,0,0
5493,78,358,96,68,50
5494,59,53,61,55,83
5495,99,55,22,6,0
5496,40,23,111,101,152
5497,5,44,33,32,42
5498,14,15,1,2,2
5499,70,20,71,32,42
5500,1,0,32,30,57
5501,610,158,138,282,184
5502,2,1,139,235,141
5503,0,0,5,7,6
5504,0,0,5,2,1
5505,9,1,1,2,1
5506,0,1,0,0,0
5507,2,27,4,13,11
5508,26,93,82,120,118
5509,159,343,1315,1284,1430
5510,34,15,0,14,8
5511,2,4,2,0,0
5512,7,54,144,114,80
5513,375,27,64,43,53
5514,0,0,1,2,5
5515,36,6,6,1,2
5516,2,0,2,3,4
5517,3,43,27,78,102
5518,9,16,1,2,4
5519,10,22,12,129,149
5520,882,221,384,845,801
5521,0,0,2,1,1
5522,28,8,19,30,28
5523,39,11,111,230,215
5524,550,1512,2035,2291,2118
5525,33,118,384,400,404
5526,35,15,78,107,111
5527,82,7,86,30,37
5528,9,4,9,6,5
5529,7,24,26,31,26
5530,38,1126,1095,502,467
5531,0,0,10,14,7
5532,208,1,76,99,92
5533,184,65,68,76,79
5534,37,0,0,0,1
5535,47,102,33,29,21
5536,25,14,62,32,77
5537,260,24,42,38,65
5538,3,232,155,68,50
5539,166,40,69,10,13
5540,1,59,18,56,50
5541,2,32,156,15,19
5542,0,0,0,0,0
5543,0,0,266,210,164
5544,100,0,0,0,0
5545,24,13,780,631,1108
5546,12,3,8,6,7
5547,476,46,399,644,729
5548,21,2,3,0,0
5549,2,1,5,2,4
5550,433,156,317,505,570
5551,721,40,11,11,8
5552,4,9,22,17,23
5553,6,85,21,30,26
5554,6,17,2,2,2
5555,0,0,2,3,5
5556,0,1,4,0,0
5557,15,20,149,6,7
5558,657,599,2031,1127,1256
5559,45,7,0,1,1
5560,27,29,1,1,1
5561,17,13,32,26,31
5562,11,16,2,3,0
5563,0,28,66,36,55
5564,14,20,21,5,4
5565,6,51,68,79,67
5566,5,0,18,27,28
5567,7,31,38,22,20
5568,1473,22,98,66,90
5569,169,123,97,34,32
5570,45,6,13,80,77
5571,8,0,1,15,6
5572,37,41,99,114,116
5573,18,143,217,215,218
5574,16,5,4,5,8
5575,1099,911,344,300,224
5576,1,23,52,47,57
5577,29,0,0,0,0
5578,0,0,95,205,199
5579,129,32,33,23,17
5580,22,15,66,89,61
5581,86,15,5,24,24
5582,11,0,0,0,0
5583,121,2,6,1,1
5584,46,30,172,299,250
5585,0,0,0,0,0
5586,45,22,10,24,4
5587,18,318,369,571,591
5588,194,74,301,124,111
5589,87,47,1,2,0
5590,0,96,91,136,159
5591,0,0,13,29,36
5592,28,17,91,97,35
5593,0,0,7,10,13
5594,12,24,0,0,1
5595,1,2,201,222,135
5596,751,911,1029,641,676
5597,22,13,28,28,43
5598,119,544,924,1362,1455
5599,9,2,3,3,3
5600,2,0,11,3,6
5601,16,1,32,55,68
5602,0,14,22,1,2
5603,1,17,17,20,37
5604,46,31,241,136,140
5605,245,401,183,263,218
5606,18,175,59,322,288
5607,43,26,321,210,190
5608,2,0,0,0,0
5609,46,4,20,27,16
5610,1,35,13,1,0
5611,107,1066,955,1056,1316
5612,2,5,60,140,114
5613,180,88,104,319,454
5614,112,142,30,97,92
5615,14,129,281,200,259
5616,361,2,10,11,17
5617,2,5,4,7,13
5618,122,723,26,25,18
5619,0,4,0,0,0
5620,44,6,109,58,67
5621,34,64,26,9,5
5622,14,3,81,100,87
5623,110,13,8,13,13
5624,146,33,34,32,39
5625,0,0,0,0,0
5626,17,0,7,22,30
5627,0,0,2,8,7
5628,51,103,29,105,95
5629,9,1,2,2,2
5630,52,1,0,2,2
5631,24,16,39,215,202
5632,254,59,586,219,258
5633,71,22,8,3,3
5634,0,4,16,6,7
5635,61,60,22,18,25
5636,61,453,513,330,327
5637,0,1,0,1,1
5638,3,13,48,52,127
5639,161,232,405,26,53
5640,33,35,40,45,40
5641,2,1,59,68,51
5642,0,0,0,0,0
5643,3,0,93,34,23
5644,63,1235,27,330,388
5645,53,8,34,8,8
5646,37,53,9,11,18
5647,6,33,80,151,109
5648,3,67,45,111,39
5649,85,64,34,19,21
5650,84,0,60,26,29
5651,134,63,23,106,99
5652,1,4,88,128,161
5653,14,0,0,0,0
5654,0,17,112,84,101
5655,49,310,407,293,536
5656,461,19,495,790,772
5657,206,1178,56,40,29
5658,2,4,69,12,4
5659,389,128,175,366,354
5660,8,57,7,22,37
5661,0,0,3,2,6
5662,0,9,2,2,3
5663,263,310,0,7,10
5664,20,29,1,4,2
5665,0,1,0,0,0
5666,20,8,7,4,4
5667,27,5,65,98,103
5668,13,26,222,99,106
5669,6,0,56,21,29
5670,316,145,124,209,183
5671,11,0,4,8,5
5672,3753,1078,1126,502,827
5673,84,310,275,124,117
5674,1630,710,96,98,130
5675,12,17,1,0,0
5676,506,136,255,61,59
5677,51,54,12,2,2
5678,0,0,0,0,0
5679,1138,851,576,263,339
5680,1,46,0,1,0
5681,95,54,5,4,3
5682,8,0,140,354,344
5683,20,22,21,4,6
5684,10,2,3,8,8
5685,412,126,1108,1186,1335
5686,15,5,51,32,23
5687,0,33,5,3,2
5688,8,327,144,393,342
5689,3,4,22,8,12
5690,4,2,0,1,1
5691,15,3,24,27,24
5692,384,92,55,64,110
5693,2,0,2,4,3
5694,32,303,513,382,306
5695,39,23,0,2,6
5696,24,23,106,69,64
5697,4,31,25,20,21
5698,4,25,1,0,1
5699,619,634,914,860,920
5700,1,1,2,2,1
5701,6,8,3,2,1
5702,38,1,77,132,141
5703,1,0,0,0,0
5704,167,818,128,128,169
5705,1,4,0,0,0
5706,45,15,3,8,10
5707,0,1,86,22,44
5708,1,0,1,1,1
5709,72,389,113,63,57
5710,1,26,5,3,8
5711,42,3,1,2,5
5712,0,7,4,7,5
5713,162,17,10,7,4
5714,31,6,32,133,98
5715,4,41,46,75,41
5716,9,98,56,92,77
5717,19,34,75,171,139
5718,140,68,9,17,14
5719,3,0,0,0,0
5720,124,347,305,325,397
5721,6,15,9,24,29
5722,311,287,486,748,642
5723,119,3,8,15,13
5724,0,0,2,7,7
5725,6,0,1,4,6
5726,1,87,232,267,220
5727,27,2,18,128,217
5728,2,22,34,36,27
5729,2,3,17,12,16
5730,1350,683,960,1440,1087
5731,278,466,167,249,314
5732,36,7,47,90,65
5733,47,847,39,59,59
5734,25,893,846,585,686
5735,3,2,394,481,417
5736,5,57,4,21,23
5737,321,407,247,304,291
5738,0,0,7,29,21
5739,124,3282,1113,653,774
5740,3,0,13,8,2
5741,0,7,1,0,0
5742,6,7,3,3,4
5743,86,390,67,51,69
5744,8,4,441,789,754
5745,16,0,2,0,0
5746,2,13,23,69,36
5747,32,60,27,24,19
5748,108,87,68,154,179
5749,44,13,42,41,51
5750,4,81,55,40,47
5751,13,45,156,74,59
5752,1,52,239,296,436
5753,18,5,3,7,14
5754,38,163,100,139,126
5755,98,30,90,260,249
5756,2,1,0,0,0
5757,54,93,130,105,108
5758,153,427,115,88,85
5759,1,2,34,73,58
5760,170,208,511,572,527
5761,6,11,27,36,46
5762,0,1,8,4,8
5763,82,70,91,35,27
5764,21,8,1,13,5
5765,19,1281,512,612,626
5766,203,408,173,230,266
5767,9,1,153,159,152
5768,7,2,2,4,2
5769,10,15,7,2,3
5770,41,19,2,18,13
5771,8,6,21,54,31
5772,18,22,36,25,17
5773,3,2,1,2,3
5774,110,170,44,100,80
5775,231,236,937,587,619
5776,11,0,0,0,1
5777,33,6,2,2,1
5778,472,342,1350,1435,1218
5779,8,118,27,45,27
5780,16,2,10,4,9
5781,42,95,111,232,172
5782,13,23,33,56,48
5783,1,0,5,4,4
5784,147,193,28,51,53
5785,49,2,6,25,18
5786,77,181,64,43,37
5787,18,40,88,59,63
5788,4,62,30,147,137
5789,87,0,0,1,0
5790,4,185,16,12,10
5791,7,1,6,5,5
5792,1,57,232,241,327
5793,0,4,0,1,1
5794,256,29,402,266,224
5795,7,83,227,92,28
5796,205,21,45,7,15
5797,75,184,49,38,43
5798,20,125,19,2,2
5799,144,416,678,942,920
5800,30,13,98,71,82
5801,5,0,1,0,2
5802,237,1154,213,147,158
5803,661,8,47,31,28
5804,1,0,2,0,0
5805,6,47,7,15,9
5806,158,76,34,3,5
5807,55,1,760,512,566
5808,0,1,0,0,0
5809,6,0,10,30,22
5810,0,9,14,29,39
5811,294,61,172,94,115
5812,4,2,16,56,51
5813,275,870,34,56,68
5814,902,594,547,451,375
5815,0,39,25,44,65
5816,118,92,114,39,23
5817,65,9,125,117,115
5818,239,256,262,314,312
5819,398,68,11,56,57
5820,28,27,7,2,3
5821,1,13,494,80,59
5822,1108,2327,21,10,7
5823,57,2,84,137,131
5824,2,0,2,1,1
5825,4,0,29,14,7
5826,6,79,126,39,24
5827,182,16,3,3,5
5828,36,444,141,124,168
5829,24,0,65,7,14
5830,85,84,89,139,113
5831,75,20,11,9,6
5832,13,27,70,100,99
5833,177,171,143,97,138
5834,35,60,71,44,33
5835,3,1,2,1,1
5836,14,1,212,31,30
5837,7,1,74,44,44
5838,235,74,678,1180,963
5839,314,594,1550,1002,1295
5840,52,30,259,285,235
5841,0,0,0,0,0
5842,12,8,12,17,12
5843,138,84,91,209,166
5844,132,81,23,133,129
5845,319,91,42,56,37
5846,0,2,15,10,4
5847,1754,6,1,34,68
5848,33,237,26,31,41
5849,24,24,13,24,29
5850,44,28,24,12,12
5851,19,93,42,4,5
5852,48,46,1,2,2
5853,457,59,18,32,18
5854,400,351,555,1031,866
5855,143,92,203,399,399
5856,4,61,64,54,36
5857,3,8,4,11,12
5858,495,2859,2479,2839,2837
5859,0,2,11,15,8
5860,253,230,107,325,311
5861,56,0,111,91,115
5862,58,3,14,9,5
5863,3831,137,190,249,231
5864,6,481,22,70,82
5865,0,10,14,5,6
5866,14,15,0,0,0
5867,4,66,91,99,99
5868,37,4,1,13,17
5869,308,544,107,198,324
5870,59,19,0,1,1
5871,0,1,15,5,4
5872,398,104,84,302,210
5873,7,6,0,12,17
5874,0,1,0,0,0
5875,4,7,183,205,196
5876,0,15,1,4,0
5877,1,13,2,7,4
5878,1,40,0,0,0
5879,4,5,0,0,0
5880,154,40,485,405,580
5881,35,15,252,22,26
5882,102,5,9,23,33
5883,20,25,36,41,30
5884,17,5,72,407,404
5885,202,249,696,671,805
5886,4,7,153,242,261
5887,17,1,4,1,1
5888,2,40,31,39,21
5889,45,272,349,703,603
5890,60,92,119,431,472
5891,190,119,41,125,95
5892,225,10,30,76,121
5893,234,286,324,237,186
5894,13,222,49,100,92
5895,13,2,5,0,0
5896,0,0,2,1,1
5897,17,42,26,15,9
5898,2,5,25,12,3
5899,11,54,83,55,57
5900,73,35,1,12,6
5901,3,19,31,42,58
5902,1,0,41,32,34
5903,13,41,17,6,10
5904,30,86,199,171,201
5905,37,6,22,3,4
5906,0,0,4,5,3
5907,5,81,114,192,157
5908,5,27,148,220,192
5909,1,7,8,1,6
5910,4,0,15,4,2
5911,1,1,8,12,11
5912,6,8,13,5,8
5913,0,202,196,69,68
5914,8,8,0,5,5
5915,29,66,201,302,230
5916,32,358,52,108,94
5917,146,55,43,1,2
5918,16,5,18,9,7
5919,83,226,248,773,718
5920,43,42,1,1,2
5921,0,9,7,4,4
5922,482,49,227,195,178
5923,8,2,5,26,29
5924,0,5,0,7,2
5925,32,26,1,3,4
5926,5,4,1,0,1
5927,5,12,0,0,0
5928,6,10,25,14,23
5929,25,17,71,106,98
5930,33,68,502,341,339
5931,73,912,135,153,254
5932,201,42,222,351,268
5933,17,41,7,28,24
5934,41,616,96,111,166
5935,59,89,5,22,24
5936,0,0,1,0,0
5937,69,131,476,278,434
5938,18,0,12,8,12
5939,531,6,37,47,31
5940,114,572,239,121,143
5941,0,2,0,3,1
5942,1,6,1,0,0
5943,0,0,60,130,161
5944,0,31,27,13,14
5945,383,225,94,85,77
5946,8,35,10,5,8
5947,64,118,538,343,213
5948,0,2,7,1,1
5949,6,26,22,10,13
5950,1,0,1,1,1
5951,12,114,6,5,4
5952,65,190,132,28,46
5953,0,7,6,1,2
5954,2,0,7,7,13
5955,15,26,3,5,6
5956,26,149,3,2,2
5957,180,26,102,128,144
5958,131,146,3,4,3
5959,60,93,226,402,543
5960,586,64,978,164,404
5961,6,37,59,81,42
5962,72,596,448,546,547
5963,5,15,2,1,1
5964,34,190,260,319,285
5965,1,0,3,6,2
5966,1,0,49,82,75
5967,1,8,5,17,19
5968,0,19,33,125,64
5969,9,27,90,108,129
5970,339,204,237,239,194
5971,0,2,1,0,0
5972,11,1,17,50,35
5973,1,0,10,29,25
5974,44,20,7,11,7
5975,99,0,0,0,0
5976,342,79,62,43,86
5977,1,0,4,6,2
5978,28,24,1,3,4
5979,170,2,42,24,34
5980,21,0,5,4,5
5981,40,0,16,9,4
5982,10,19,8,8,16
5983,306,49,267,284,295
5984,50,14,1,3,2
5985,0,8,126,46,54
5986,260,15,12,26,29
5987,16,34,93,9,13
5988,20,22,28,35,26
5989,212,568,1176,1195,1439
5990,0,0,2,0,0
5991,106,358,241,243,194
5992,281,59,557,991,706
5993,253,5,27,25,27
5994,579,546,100,65,51
5995,23,60,22,44,62
5996,22,18,13,8,4
5997,176,95,26,106,144
5998,64,28,108,94,131
5999,246,524,390,236,261
6000,0,99,1,2,4
6001,7,16,16,4,4
6002,1,1,3,11,12
6003,3,13,1,27,33
6004,14,25,23,27,18
6005,20,16,59,34,22
6006,0,0,4,2,2
6007,8,17,42,62,55
6008,11,3,66,4,5
6009,13,91,62,68,67
6010,6,99,98,150,174
6011,0,0,0,0,0
6012,16,6,22,16,6
6013,12,24,99,35,23
6014,68,321,129,302,277
6015,30,547,19,86,53
6016,595,38,69,108,106
6017,47,18,9,16,12
6018,57,8,3,4,0
6019,4,25,13,22,23
6020,1,17,55,57,25
6021,0,10,4,6,8
6022,9,8,8,19,21
6023,44,33,28,61,67
6024,4,34,3,3,4
6025,44,0,1,1,1
6026,28,96,9,39,32
6027,1,3,0,0,1
6028,1,1,0,1,1
6029,95,2,24,7,4
6030,72,22,6,17,27
6031,36,87,69,97,149
6032,89,104,96,31,40
6033,219,1,51,46,74
6034,222,1803,1258,1824,1957
6035,43,109,67,195,165
6036,74,62,274,209,221
6037,17,19,13,13,13
6038,0,0,3,4,4
6039,45,2,0,0,1
6040,11,14,9,2,5
6041,100,52,1,1,5
6042,26,14,23,26,25
6043,136,187,57,32,18
6044,0,12,33,5,5
6045,0,16,1,6,5
6046,62,4,160,291,128
6047,511,88,3,17,12
6048,57,101,195,120,90
6049,2,26,3,0,1
6050,4,61,44,21,15
6051,7,14,2,2,2
6052,4,3,5,17,25
6053,211,19,150,302,128
6054,42,43,470,218,283
6055,499,143,4,62,33
6056,45,67,33,51,40
6057,0,0,140,98,122
6058,55,51,0,0,0
6059,78,44,31,20,24
6060,6,1,18,5,6
6061,30,21,23,36,24
6062,375,79,42,100,67
6063,0,0,0,0,0
6064,59,10,9,43,21
6065,0,1,0,0,0
6066,148,285,525,384,481
6067,18,103,63,46,40
6068,0,34,0,0,0
6069,0,267,303,549,551
6070,26,73,35,26,26
6071,1019,488,612,470,438
6072,4,64,66,69,42
6073,14,33,39,33,37
6074,4,3,65,24,23
6075,82,15,8,3,4
6076,87,196,46,158,172
6077,442,7,415,358,311
6078,3196,1234,135,106,127
6079,1023,254,697,835,843
6080,30,247,75,92,72
6081,1,92,32,65,43
6082,151,119,279,347,367
6083,0,0,2,0,0
6084,0,0,25,17,19
6085,90,9,7,15,21
6086,208,35,385,393,345
6087,0,0,0,0,0
6088,9,230,19,15,15
6089,39,15,41,46,79
6090,290,64,215,488,497
6091,116,15,17,10,11
6092,1613,74,146,42,38
6093,27,78,14,22,20
6094,12,47,60,8,8
6095,1,8,5,3,6
6096,0,0,14,20,13
6097,6,4,62,50,26
6098,46,48,160,167,210
6099,466,155,2602,1539,1618
6100,9,0,2,3,0
6101,3,3,5,3,4
6102,88,708,191,195,145
6103,7,0,491,572,775
6104,6,10,17,8,16
6105,2,12,35,35,30
6106,17,30,4,42,28
6107,4,250,1,2,0
6108,0,3,39,19,11
6109,154,1301,1968,698,813
6110,22,0,8,4,4
6111,21,255,137,125,118
6112,56,7,25,25,34
6113,62,27,268,387,168
6114,174,59,138,156,169
6115,4,3,1,3,3
6116,7,19,20,17,12
6117,53,277,112,330,302
6118,22,11,0,2,2
6119,40,17,13,6,7
6120,7,7,11,33,21
6121,44,71,46,77,83
6122,2,40,17,11,16
6123,7,6,93,53,71
6124,42,48,29,7,8
6125,0,2,363,218,236
6126,0,6,6,4,6
6127,129,20,3,8,8
6128,202,1,22,23,19
6129,51,143,611,691,596
6130,208,109,496,298,315
6131,0,0,0,0,0
6132,142,6,3,5,4
6133,307,435,1441,1679,1677
6134,46,4,252,327,210
6135,14,3,5,6,9
6136,13,9,104,69,109
6137,19,5,3,5,6
6138,3,0,6,18,9
6139,58,235,20,16,17
6140,9,126,323,186,182
6141,52,13,80,49,43
6142,1,7,12,23,23
6143,0,1,2,4,4
6144,0,4,0,0,0
6145,4,31,10,11,10
6146,6,30,11,42,48
6147,1185,1095,249,128,131
6148,206,4,0,0,0
6149,147,108,1,1,1
6150,110,36,336,307,282
6151,0,0,1,1,7
6152,253,157,2,12,15
6153,136,89,23,20,11
6154,7,6,31,14,17
6155,3,0,0,0,0
6156,106,266,8,14,32
6157,25,55,41,41,51
6158,0,0,4,5,10
6159,32,35,379,115,135
6160,14,49,15,23,22
6161,1,7,76,159,142
6162,1414,1864,1599,889,781
6163,8,153,10,10,8
6164,749,50,229,152,204
6165,0,0,2,2,1
6166,4,2,10,10,12
6167,4,10,20,13,15
6168,5,9,86,143,133
6169,18,7,14,39,26
6170,71,28,25,370,356
6171,37,107,562,577,597
6172,10,78,195,173,133
6173,18,0,7,6,4
6174,0,0,1,3,3
6175,203,65,18,19,12
6176,478,246,358,166,134
6177,119,102,91,37,14
6178,7,18,113,19,17
6179,23,9,11,7,6
6180,212,103,222,126,117
6181,4,46,329,47,42
6182,111,735,680,788,1003
6183,1,7,90,52,46
6184,0,0,0,0,0
6185,188,66,68,141,206
6186,77,210,24,96,115
6187,3,3,60,34,38
6188,199,22,129,85,110
6189,6,47,168,121,94
6190,3,3,30,39,34
6191,6,0,0,2,2
6192,205,310,125,76,156
6193,15,0,47,87,62
6194,44,20,3,65,71
6195,1,21,3,3,6
6196,20,53,59,46,44
6197,41,4,1,5,1
6198,2,0,1,0,0
6199,2,0,3,5,4
6200,9,144,286,530,512
6201,0,7,26,18,8
6202,8,30,17,14,16
6203,35,11,113,98,121
6204,79,41,94,117,90
6205,42,142,5,2,3
6206,140,56,160,100,116
6207,82,0,1,0,0
6208,6,15,8,9,9
6209,21,16,37,33,25
6210,13,13,0,4,5
6211,10,4,30,21,24
6212,14,2,0,0,0
6213,623,568,223,127,114
6214,122,76,34,36,34
6215,110,435,60,67,37
6216,8,2,7,8,8
6217,11,6,0,0,0
6218,32,8,51,22,17
6219,41,25,18,108,116
6220,1,0,5,6,6
6221,988,643,52,126,140
6222,40,367,41,48,43
6223,199,323,81,32,56
6224,674,1736,749,1321,1323
6225,33,54,923,1024,670
6226,0,24,23,20,26
6227,9,2,25,26,20
6228,811,4420,837,3614,2651
6229,13,14,98,62,64
6230,0,0,62,39,51
6231,158,40,53,116,123
6232,140,349,101,74,64
6233,89,166,284,671,496
6234,12,1,22,11,5
6235,76,115,177,163,137
6236,54,306,704,503,575
6237,0,2,0,4,6
6238,19,1696,119,147,161
6239,75,57,28,45,90
6240,0,67,1,0,0
6241,9,20,12,26,21
6242,120,28,96,98,83
6243,534,1365,246,204,169
6244,14,513,112,61,61
6245,4,112,145,149,129
6246,10,11,34,77,64
6247,2,3,21,32,28
6248,0,0,4,2,3
6249,8,5,16,34,17
6250,0,0,47,24,22
6251,10,41,155,274,181
6252,0,0,1,3,15
6253,4,43,38,5,11
6254,1840,707,1704,2171,2315
6255,2,1,6,14,19
6256,8,20,189,48,38
6257,127,853,697,674,742
6258,238,375,314,204,223
6259,21,188,153,35,46
6260,59,696,2122,1732,1680
6261,40,145,252,306,275
6262,48,150,61,65,103
6263,1,15,7,20,7
6264,3,29,0,1,3
6265,42,25,631,446,421
6266,45,33,27,94,93
6267,0,9,120,46,58
6268,121,104,83,314,276
6269,7,56,2,11,11
6270,131,231,17,21,19
6271,60,314,396,467,434
6272,2393,849,966,908,853
6273,96,1,265,12,14
6274,0,9,2,3,3
6275,102,62,14,228,230
6276,36,1,89,180,206
6277,0,15,5,1,2
6278,120,10,3,3,2
6279,2,2,21,19,20
6280,1,32,33,47,75
6281,217,113,20,25,22
6282,8,416,936,513,453
6283,56,48,23,42,31
6284,6,1,94,104,64
6285,109,880,1252,1196,1341
6286,107,131,177,150,211
6287,7,39,34,14,14
6288,1,28,48,94,102
6289,19,0,216,515,466
6290,1393,120,1069,586,529
6291,0,19,73,174,228
6292,5,0,14,3,9
6293,11,2,9,14,15
6294,166,244,2173,4221,3737
6295,81,7,39,41,55
6296,24,61,73,62,54
6297,141,5,36,41,45
6298,1376,365,1589,919,883
6299,140,84,81,29,24
6300,3,96,147,9,19
6301,0,8,3,1,2
6302,5,3,2,1,0
6303,9,0,4,5,5
6304,0,0,1,1,1
6305,30,28,4,3,3
6306,38,2,5,15,10
6307,70,7,449,583,655
6308,71,10,9,9,5
6309,155,1456,131,189,227
6310,7,10,41,72,72
6311,71,26,135,334,417
6312,0,1,3,3,3
6313,1844,1893,1781,2645,2981
6314,0,7,2,7,7
6315,35,1,38,39,37
6316,1134,73,365,219,247
6317,5,1,28,23,17
6318,44,19,3,4,8
6319,67,1561,1166,1252,1039
6320,75,147,34,21,31
6321,91,104,816,539,785
6322,31,4,18,13,7
6323,160,206,26,82,80
6324,4,5,0,0,0
6325,4,41,53,13,16
6326,202,59,147,277,267
6327,86,56,36,45,37
6328,4,33,102,152,111
6329,247,22,31,23,15
6330,63,0,17,24,22
6331,3,0,2,1,2
6332,10,1,0,0,0
6333,99,282,55,56,69
6334,154,98,115,92,112
6335,0,0,10,0,0
6336,2,6,8,14,10
6337,22,16,0,0,0
6338,56,1451,736,465,459
6339,12,8,72,29,18
6340,18,5,0,4,5
6341,108,125,115,257,248
6342,86,2,49,32,21
6343,72,1,1,5,3
6344,60,20,67,41,72
6345,143,9,0,1,1
6346,3,4,7,10,9
6347,5,3,0,0,3
6348,1006,18,163,209,266
6349,0,153,5,7,11
6350,285,61,21,84,82
6351,858,326,24,77,119
6352,37,26,83,28,54
6353,66,86,45,51,63
6354,65,0,2,8,7
6355,0,10,2,13,10
6356,1,0,0,0,0
6357,9,216,252,442,446
6358,313,32,13,11,9
6359,2,49,76,20,23
6360,2,17,18,10,29
6361,10,15,29,48,32
6362,14,26,22,20,53
6363,88,1046,954,1063,1360
6364,5,1,9,3,0
6365,6,71,117,86,62
6366,18,2,17,22,13
6367,0,1,0,2,2
6368,1,0,4,0,0
6369,276,12,364,314,358
6370,16,2,112,149,105
6371,27,32,42,41,43
6372,22,74,4,1,2
6373,6,30,3,0,1
6374,0,1,0,1,1
6375,5,17,81,74,69
6376,73,248,12,4,0
6377,10,6,10,14,14
6378,0,3,203,116,85
6379,10,22,2,3,6
6380,7,229,63,47,39
6381,13,21,1,1,2
6382,141,96,38,87,81
6383,0,5,6,52,35
6384,140,18,92,61,92
6385,15,0,1,11,8
6386,66,44,0,9,17
6387,2,25,9,17,17
6388,0,0,10,4,4
6389,63,389,50,53,39
6390,5,453,165,437,408
6391,0,4,31,20,28
6392,19,3,111,98,95
6393,5,7,17,6,8
6394,7,0,13,11,11
6395,102,227,117,29,39
6396,13,9,65,23,12
6397,0,10,38,29,30
6398,2,1,11,35,26
6399,6,0,6,8,12
6400,262,33,34,31,27
6401,158,61,201,297,245
6402,115,3,228,190,151
6403,56,35,47,82,56
6404,11,11,9,11,11
6405,43,93,68,112,82
6406,79,222,586,230,215
6407,48,121,142,62,80
6408,104,23,37,69,58
6409,78,5,33,21,24
6410,14,34,26,99,90
6411,502,1,0,0,0
6412,1,3,21,31,28
6413,185,270,37,27,30
6414,2,0,5,1,1
6415,56,57,2,0,0
6416,4,16,1421,1244,1090
6417,11,4,6,7,6
6418,29,16,41,89,133
6419,0,3,79,124,120
6420,11,8,9,4,4
6421,27,52,49,47,50
6422,68,25,18,83,56
6423,0,0,29,67,65
6424,0,26,0,0,0
6425,15,32,13,11,10
6426,4,50,451,724,925
6427,346,279,169,236,322
6428,229,5,54,105,74
6429,0,0,0,0,0
6430,0,0,0,0,0
6431,26,38,2,3,0
6432,246,38,74,79,146
6433,3,0,0,0,0
6434,18,7,111,69,68
6435,145,2,4,4,4
6436,13,49,261,181,211
6437,23,1,23,19,21
6438,3,13,10,4,10
6439,1,14,166,47,75
6440,3,20,32,29,27
6441,5,5,17,13,19
6442,0,2,3,6,4
6443,7,6,2,2,2
6444,73,77,10,4,4
6445,58,7,36,28,37
6446,136,961,3392,2353,2376
6447,29,3,29,21,21
6448,361,205,125,157,159
6449,0,0,8,20,22
6450,10,7,65,41,49
6451,44,25,16,11,11
6452,79,109,1007,783,699
6453,29,39,71,102,189
6454,215,27,8,19,19
6455,259,22,100,32,52
6456,0,3,36,30,59
6457,30,1,75,139,151
6458,7,49,82,132,153
6459,1,0,118,68,46
6460,5,36,35,19,25
6461,43,63,349,312,282
6462,2,16,2,11,11
6463,235,115,532,814,644
6464,0,0,9,8,6
6465,0,0,1,0,2
6466,0,22,8,5,3
6467,0,13,2,1,0
6468,2,12,0,0,0
6469,7,2,3,13,18
6470,4,13,166,130,107
6471,391,715,582,174,309
6472,58,207,18,39,28
6473,31,126,133,38,30
6474,4,29,44,37,24
6475,110,135,100,243,224
6476,2,22,1,1,2
6477,93,238,1182,1227,1087
6478,11,5,12,0,1
6479,36,43,195,196,179
6480,194,501,63,137,118
6481,186,258,474,310,312
6482,16,1,13,23,23
6483,43,208,298,131,208
6484,12,9,37,56,29
6485,38,74,53,18,22
6486,1,9,1,0,0
6487,54,463,369,345,313
6488,45,9,250,53,58
6489,15,4,35,1,1
6490,0,0,0,0,0
6491,5,1,2,4,4
6492,219,97,297,165,159
6493,59,2,144,66,50
6494,12,0,0,2,2
6495,6,12,20,9,11
6496,10,11,7,8,5
6497,1,9,18,11,5
6498,1,4,4,1,2
6499,62,642,41,9,21
6500,0,8,20,5,3
6501,0,0,0,2,2
6502,8,255,70,126,93
6503,15,4,76,129,106
6504,20,602,49,40,65
6505,1,6,27,13,19
6506,17,42,49,44,67
6507,13,4,4,1,1
6508,33,16,100,223,227
6509,100,19,1,2,2
6510,20,3,47,37,29
6511,4,26,30,90,110
6512,0,10,49,116,94
6513,30,0,11,28,26
6514,17,14,81,23,37
6515,5,9,5,9,7
6516,0,1,85,131,127
6517,1,14,5,10,8
6518,28,2,51,17,25
6519,0,29,0,0,0
6520,1,3,14,217,98
6521,498,152,784,823,765
6522,245,59,12,1,1
6523,3,11,1,1,1
6524,70,166,272,657,333
6525,2,15,99,70,90
6526,0,6,18,6,5
6527,6,6,395,180,170
6528,2,15,7,1,1
6529,294,107,1,12,48
6530,30,20,9,2,2
6531,14,10,117,118,136
6532,0,0,1,1,1
6533,3864,1203,103,41,123
6534,2,0,0,0,0
6535,17,30,10,11,14
6536,2,6,83,12,20
6537,11,4,17,39,45
6538,10,7,10,8,7
6539,3,14,7,22,28
6540,33,3,1,1,1
6541,7,0,0,0,0
6542,0,0,1,0,0
6543,37,171,45,27,50
6544,244,668,142,157,103
6545,2,26,183,133,255
6546,16,45,84,152,109
6547,1,0,4,1,0
6548,1,23,0,12,12
6549,46,64,4,30,22
6550,95,22,97,105,149
6551,75,3,11,3,3
6552,0,0,0,0,0
6553,268,223,127,168,112
6554,0,0,1,1,2
6555,3,3,1,1,1
6556,6,0,11,12,11
6557,343,37,26,22,24
6558,36,5,32,81,81
6559,0,6,8,26,15
6560,4,2,14,13,6
6561,2,2,9,29,27
6562,646,5148,1706,1552,1605
6563,3,170,74,65,48
6564,0,0,7,4,0
6565,702,239,169,145,198
6566,1,1,8,7,4
6567,17,509,673,729,748
6568,93,23,48,5,7
6569,0,0,1,0,0
6570,5,0,5,9,12
6571,0,0,0,0,0
6572,72,262,65,36,38
6573,72,61,3,1,2
6574,208,30,426,434,421
6575,1,0,0,5,8
6576,5,5,102,59,90
6577,17,6,3,1,1
6578,0,18,86,120,127
6579,147,308,551,439,286
6580,1,0,3,3,2
6581,39,20,32,15,11
6582,6,0,0,0,0
6583,0,1,5,4,3
6584,2,126,167,291,320
6585,5,3,124,26,26
6586,711,1266,75,183,332
6587,0,0,0,0,0
6588,325,57,74,83,74
6589,178,81,79,173,200
6590,54,258,368,461,440
6591,1032,168,572,212,328
6592,95,6,62,23,27
6593,18,16,6,1,1
6594,1,0,2,3,3
6595,856,1476,1266,1320,1291
6596,9,6,78,177,205
6597,71,73,202,509,209
6598,0,39,24,12,13
6599,25,18,4,9,9
6600,360,436,47,246,314
6601,1,3,1,2,1
6602,0,2,5,11,10
6603,0,3,13,17,20
6604,43,2,9,7,6
6605,0,1,0,0,0
6606,4,19,19,31,16
6607,93,29,73,150,207
6608,74,74,73,118,88
6609,109,0,8,23,12
6610,40,19,2,1,2
6611,10,19,2,8,8
6612,7,16,27,194,82
6613,15,9,0,0,0
6614,145,772,328,448,335
6615,412,71,2315,1608,1728
6616,118,97,26,41,66
6617,16,80,42,20,30
6618,16,1,163,87,69
6619,0,0,0,0,0
6620,0,1,10,12,10
6621,1383,81,1264,693,546
6622,234,84,459,662,730
6623,0,7,1,6,12
6624,1,0,5,22,20
6625,31,38,97,16,16
6626,1,28,132,262,287
6627,0,1,5,3,3
6628,69,125,47,45,31
6629,8,32,1304,1055,1173
6630,14,0,178,582,668
6631,526,1976,412,237,186
6632,3,4,39,14,13
6633,56,180,23,49,47
6634,670,766,305,284,393
6635,3,6,6,6,7
6636,33,9,49,149,153
6637,250,42,3,6,5
6638,36,385,26,22,15
6639,0,0,4,4,2
6640,64,0,37,12,22
6641,25,9,27,48,51
6642,55,197,15,46,46
6643,1,0,1,5,12
6644,63,109,21,11,10
6645,16,6,1,18,19
6646,85,330,10,22,16
6647,0,2,0,0,0
6648,1,2,0,0,1
6649,18,0,23,31,18
6650,5,2,19,13,12
6651,0,0,0,0,0
6652,1,2,4,3,3
6653,23,28,185,123,84
6654,1,4,42,22,28
6655,19,20,303,173,234
6656,127,26,10,11,12
6657,54,102,15,56,38
6658,341,1013,35,26,21
6659,4,4,20,56,26
6660,21,44,7,7,5
6661,24,41,5,6,6
6662,23,13,336,225,216
6663,35,10,30,86,138
6664,18,4,1,3,3
6665,21,71,24,24,17
6666,43,11,44,46,41
6667,21,12,31,72,64
6668,49,2,0,0,0
6669,8,15,7,1,4
6670,835,349,316,424,540
6671,2,0,1,3,3
6672,2,63,9,34,30
6673,780,848,26,245,235
6674,160,21,50,10,14
6675,68,16,87,33,46
6676,34,278,351,389,281
6677,14,4,0,3,3
6678,1,4,4,3,2
6679,4,4,12,2,1
6680,579,672,8,44,34
6681,36,0,1,4,3
6682,32,201,458,378,339
6683,0,2,0,7,4
6684,26,23,40,35,28
6685,6,0,2,0,1
6686,1028,77,169,9,7
6687,1324,719,413,116,85
6688,191,47,35,25,14
6689,6,2,0,3,5
6690,21,755,856,877,675
6691,163,10,0,0,0
6692,2,21,114,229,228
6693,2,9,78,75,115
6694,25,4,0,0,0
6695,10,1,38,44,58
6696,132,646,80,215,208
6697,0,0,1,2,2
6698,29,8,7,10,7
6699,66,169,66,94,88
6700,9,5,1,1,1
6701,0,0,0,0,0
6702,213,154,44,57,67
6703,2,7,8,41,34
6704,0,0,63,58,71
6705,86,114,29,45,32
6706,10,0,6,3,2
6707,3,2,4,17,25
6708,25,161,17,19,46
6709,47,386,179,209,279
6710,693,593,162,107,130
6711,0,3,4,15,15
6712,84,36,222,115,130
6713,21,19,5,8,15
6714,13,46,14,10,7
6715,10,9,7,17,23
6716,16,2,1,8,20
6717,45,221,42,22,18
6718,1,28,97,23,33
6719,0,5,0,3,2
6720,93,47,52,65,60
6721,59,9,2,4,1
6722,835,741,262,491,474
6723,392,270,183,169,157
6724,0,0,1,8,3
6725,25,352,715,911,1015
6726,6,0,75,40,75
6727,8,26,78,15,14
6728,35,23,46,41,42
6729,33,18,0,1,1
6730,4,15,19,9,14
6731,2,69,140,195,234
6732,1,1,10,3,2
6733,5,1,57,52,50
6734,190,6,192,155,306
6735,2,0,11,9,9
6736,0,0,0,0,0
6737,7,24,41,30,44
6738,0,43,69,43,53
6739,2,63,203,171,185
6740,3,66,23,5,8
6741,6,1,8,0,2
6742,21,9,36,46,53
6743,0,9,36,29,15
6744,30,479,152,40,43
6745,1,9,64,27,30
6746,314,397,175,607,624
6747,518,205,357,444,357
6748,3,16,1,2,1
6749,33,230,127,95,114
6750,57,479,437,609,556
6751,194,299,23,64,63
6752,15,12,17,5,7
6753,1033,687,2953,4074,3556
6754,441,144,266,310,285
6755,0,1,0,0,0
6756,107,31,1309,1506,1903
6757,30,33,240,208,169
6758,0,0,0,0,0
6759,148,104,73,128,90
6760,6,6,8,12,23
6761,28,27,48,13,24
6762,41,150,59,46,53
6763,14,0,1,0,0
6764,0,3,9,9,8
6765,479,131,259,88,85
6766,5,0,19,8,7
6767,19,7,3,37,17
6768,1768,3133,754,240,266
6769,12,22,44,38,41
6770,22,8,340,195,177
6771,6,11,13,5,15
6772,43,125,103,38,43
6773,0,1,0,0,0
6774,127,217,166,110,105
6775,2,161,1,3,9
6776,80,6,30,5,1
6777,207,66,3,0,0
6778,107,4,37,16,35
6779,0,0,0,0,0
6780,144,324,113,92,143
6781,1,0,25,16,13
6782,5,170,261,420,543
6783,36,88,107,113,95
6784,14,0,15,2,5
6785,11,30,69,73,70
6786,279,169,65,97,131
6787,18,24,5,5,2
6788,4,394,528,455,426
6789,11,60,10,5,4
6790,0,0,20,11,11
6791,1912,3102,1484,856,1005
6792,15,131,128,33,23
6793,4,6,3,4,5
6794,86,10,27,16,28
6795,0,0,1,15,7
6796,0,6,33,51,53
6797,1,14,17,24,24
6798,9,32,16,7,9
6799,25,27,8,3,19
6800,1,7,63,105,96
6801,4,122,285,114,117
6802,888,340,391,558,543
6803,0,5,20,13,9
6804,0,1,1,0,0
6805,213,89,49,37,56
6806,566,146,546,612,682
6807,0,0,17,32,32
6808,5,0,19,19,9
6809,157,97,421,296,328
6810,18,774,305,225,306
6811,17,27,182,172,161
6812,217,175,120,91,89
6813,13,12,5,6,5
6814,1,5,8,4,3
6815,0,0,35,17,39
6816,38,29,277,193,258
6817,1105,136,580,378,388
6818,1,0,11,19,24
6819,9,55,3,3,5
6820,14,10,7,2,3
6821,25,253,296,426,537
6822,30,39,4,7,5
6823,514,9,14,14,31
6824,24,51,108,33,47
6825,0,11,6,9,10
6826,8,6,1,1,1
6827,2,6,23,28,31
6828,12,1,0,0,1
6829,1,0,0,0,1
6830,44,62,203,160,96
6831,3,1,45,60,56
6832,14,14,23,6,11
6833,5,15,14,10,8
6834,5,251,113,54,67
6835,27,5,0,0,0
6836,110,42,1,3,0
6837,37,535,178,83,100
6838,32,39,15,11,5
6839,0,1,0,0,0
6840,351,86,422,436,509
6841,165,130,216,77,101
6842,1,11,3,4,3
6843,465,2066,25,24,29
6844,2,35,22,38,40
6845,22,23,52,25,30
6846,28,7,12,54,27
6847,35,4,4,1,3
6848,265,187,24,25,17
6849,52,36,36,32,36
6850,4,63,44,14,21
6851,24,34,90,32,35
6852,53,0,36,54,55
6853,0,57,97,66,93
6854,7,15,267,262,211
6855,17,30,40,3,7
6856,11,11,8,20,20
6857,40,19,140,348,329
6858,1315,490,173,220,266
6859,329,270,13,34,14
6860,4,0,0,0,0
6861,40,0,7,1,9
6862,106,90,30,56,35
6863,1,25,44,20,22
6864,0,1,0,0,0
6865,3,0,5,1,1
6866,23,81,22,23,37
6867,91,244,32,12,7
6868,18,57,190,89,65
6869,0,0,0,0,0
6870,71,60,82,13,14
6871,48,41,10,3,6
6872,243,50,27,49,59
6873,762,160,222,196,287
6874,38,30,31,36,37
6875,134,48,5,13,6
6876,21,153,112,103,95
6877,0,0,1,2,1
6878,417,120,70,104,118
6879,0,2,8,8,9
6880,2,62,76,245,150
6881,90,168,271,210,184
6882,30,4,13,6,3
6883,141,0,80,70,43
6884,477,1089,1812,835,839
6885,15,11,0,0,0
6886,8,27,11,25,23
6887,150,2,6,6,7
6888,1043,585,623,384,449
6889,63,117,25,7,3
6890,31,0,2,2,1
6891,0,7,34,59,62
6892,14,68,55,199,167
6893,23,11,165,129,217
6894,230,6,154,68,100
6895,252,75,31,70,82
6896,74,8,4,24,37
6897,3,12,40,91,124
6898,44,35,133,221,167
6899,452,183,93,243,221
6900,29,0,0,0,0
6901,0,1,7,23,18
6902,4,1,35,11,7
6903,7,1457,503,620,589
6904,63,294,275,293,330
6905,30,69,168,642,988
6906,28,14,10,11,10
6907,136,1,4,1,2
6908,137,247,547,780,527
6909,60,59,1,1,6
6910,26,8,20,15,33
6911,0,2,2,1,1
6912,5,8,15,17,24
6913,0,2,3,7,8
6914,7,2,27,67,47
6915,46,15,21,21,22
6916,5,35,20,30,27
6917,38,7,2,1,1
6918,43,28,469,271,273
6919,5,86,39,45,48
6920,4,1,36,44,31
6921,6,9,143,122,165
6922,0,0,11,9,9
6923,0,0,2,0,1
6924,0,10,2,8,14
6925,40,252,216,572,754
6926,15,7,38,53,40
6927,3,26,21,15,10
6928,6,0,1,2,2
6929,5,4,1,2,2
6930,0,0,2,1,3
6931,2,20,56,29,19
6932,0,0,0,0,0
6933,6,0,12,20,17
6934,13,10,1,3,3
6935,149,1,2,27,80
6936,86,2,29,9,17
6937,4,103,109,30,25
6938,304,2451,1318,1448,1537
6939,1,1,0,1,0
6940,22,91,4,33,21
6941,21,4,28,23,23
6942,2,26,62,11,13
6943,14,27,32,38,39
6944,62,6,27,33,24
6945,64,72,55,59,47
6946,8,65,6,0,0
6947,8,19,12,15,37
6948,30,22,5,22,18
6949,183,114,206,164,187
6950,6,73,0,0,0
6951,286,300,189,214,199
6952,26,2,7,16,10
6953,3,82,38,65,55
6954,123,13,35,63,76
6955,0,191,236,422,691
6956,510,556,818,1436,1417
6957,13,10,216,47,38
6958,8,19,70,29,39
6959,3,0,5,3,6
6960,5,4,1,0,0
6961,128,17,573,815,591
6962,4,2,1,1,5
6963,14,6,166,114,73
6964,85,58,1,36,15
6965,50,11,6,17,6
6966,0,2,226,272,284
6967,1,7,9,5,5
6968,1,2,4,1,3
6969,60,36,29,26,20
6970,2,8,15,18,13
6971,0,25,15,33,28
6972,1829,248,500,858,582
6973,56,491,0,3,5
6974,43,296,202,123,114
6975,10,8,2,0,0
6976,4,25,149,61,122
6977,14,13,71,102,118
6978,0,17,2,25,23
6979,2,2,14,15,18
6980,18,2,11,4,2
6981,281,147,154,211,253
6982,90,51,132,53,59
6983,73,42,157,106,103
6984,25,5,109,70,67
6985,5,0,12,8,9
6986,336,63,42,22,40
6987,5,84,83,99,105
6988,0,0,0,0,0
6989,22,3,6,11,9
6990,189,42,30,11,12
6991,681,191,52,74,70
6992,54,4,140,185,118
6993,59,1,55,10,14
6994,0,4,4,12,16
6995,405,483,527,860,826
6996,31,41,30,19,19
6997,0,5,1,6,10
6998,1,1,2,1,1
6999,0,75,42,79,104
7000,761,319,6,26,20
7001,21,670,3901,3634,3468
7002,250,266,112,69,59
7003,104,63,73,79,84
7004,1,0,0,3,2
7005,317,507,167,192,155
7006,2,0,0,0,0
7007,13,128,9,5,4
7008,1,9,11,13,12
7009,57,71,853,534,698
7010,1,25,52,31,33
7011,317,7,53,59,120
7012,133,843,290,119,161
7013,1,7,31,24,23
7014,58,4,11,5,4
7015,72,22,8,5,7
7016,19,60,41,6,5
7017,6,15,5,9,3
7018,255,26,69,73,78
7019,22,20,45,117,100
7020,165,82,386,601,532
7021,44,0,190,30,14
7022,0,0,0,0,0
7023,17,11,22,23,34
7024,2,45,2,2,3
7025,7,0,0,0,0
7026,66,56,6,12,3
7027,67,47,1,0,0
7028,21,82,109,47,39
7029,4,4,8,6,8
7030,10,0,1,0,0
7031,159,142,126,168,108
7032,437,523,380,549,468
7033,315,670,737,1255,1230
7034,106,24,0,1,2
7035,10,28,166,175,264
7036,34,23,17,4,1
7037,1,48,23,39,38
7038,403,62,83,81,71
7039,7,2,1,0,0
7040,30,22,72,86,82
7041,1,7,167,226,225
7042,9,10,0,2,1
7043,10,22,78,66,74
7044,19,3,459,299,382
7045,0,1,19,2,5
7046,82,6,50,4,6
7047,15,22,69,131,100
7048,10,1,0,1,2
7049,3,7,3,2,2
7050,150,76,83,154,180
7051,524,133,262,183,337
7052,98,124,61,64,61
7053,82,6,25,17,18
7054,2,5,3,0,0
7055,27,26,38,81,33
7056,12,10,67,43,28
7057,8,40,2,1,2
7058,657,47,94,81,58
7059,7,2,18,9,6
7060,13,0,19,30,30
7061,20,62,1429,1624,1545
7062,62,32,6,8,2
7063,90,3,10,3,4
7064,30,26,15,3,2
7065,48,39,72,129,126
7066,6,27,16,3,4
7067,22,5,55,34,32
7068,191,560,12,34,35
7069,80,115,15,16,15
7070,84,12,82,60,69
7071,2,15,205,174,130
7072,10,15,31,20,11
7073,6,7,1,1,0
7074,59,14,15,32,25
7075,47,220,25,33,37
7076,44,873,437,248,566
7077,13,29,11,8,12
7078,0,5,2,4,2
7079,96,398,356,428,454
7080,0,15,111,135,199
7081,3,15,4,5,4
7082,43,49,2,5,5
7083,8,0,22,21,21
7084,193,3,11,7,7
7085,58,14,104,36,41
7086,92,950,24,56,98
7087,2,12,30,18,16
7088,86,30,0,1,0
7089,0,1,0,0,0
7090,12,15,0,2,2
7091,16,39,0,1,0
7092,2,39,0,0,0
7093,8,41,48,33,27
7094,632,30,419,274,275
7095,6,40,11,16,11
7096,0,3,9,8,13
7097,57,192,64,90,100
7098,11,200,10,2,4
7099,61,177,32,23,24
7100,46,163,21,15,12
7101,5,12,32,38,63
7102,34,19,80,65,60
7103,1,4,9,9,8
7104,12,36,14,12,14
7105,2,23,83,21,24
7106,13,27,24,24,22
7107,18,54,11,27,32
7108,0,44,6,27,22
7109,0,9,11,18,17
7110,0,8,1,1,2
7111,120,497,468,281,264
7112,143,55,96,111,132
7113,191,833,66,57,53
7114,10,25,38,27,34
7115,6,47,338,193,261
7116,5,1,1,4,1
7117,374,74,78,137,203
7118,51,231,33,121,85
7119,474,456,153,120,108
7120,160,164,141,43,77
7121,4,20,93,436,486
7122,1,1,52,84,121
7123,0,1,40,20,38
7124,109,22,265,538,593
7125,4,0,5,10,27
7126,13,11,2,0,0
7127,5,4,0,0,1
7128,67,145,136,45,46
7129,16,495,33,71,35
7130,26,57,36,105,128
7131,109,3,1,1,1
7132,41,21,55,54,76
7133,52,418,147,108,73
7134,6,30,57,33,50
7135,5,8,0,0,0
7136,33,20,10,21,33
7137,1,6,8,17,16
7138,50,66,3,15,20
7139,0,17,0,5,7
7140,65,11,37,39,27
7141,58,11,53,141,112
7142,8,3,31,67,80
7143,4,6,26,39,35
7144,32,1,8,12,25
7145,5,5,500,339,380
7146,4,20,41,54,93
7147,1058,249,605,203,213
7148,112,30,140,188,228
7149,2,0,8,6,8
7150,56,1197,2433,2552,2396
7151,0,0,2,2,2
7152,3,9,2,4,2
7153,112,80,682,843,817
7154,234,81,11,31,27
7155,11,711,548,490,552
7156,74,43,138,89,56
7157,147,25,5,13,6
7158,1966,153,54,65,84
7159,22,51,19,7,8
7160,6,8,20,2,5
7161,22,9,227,250,239
7162,47,66,196,169,160
7163,200,119,148,89,138
7164,0,6,31,72,86
7165,488,67,29,38,30
7166,6,32,55,79,65
7167,5,0,0,2,2
7168,0,17,316,232,353
7169,1,69,286,254,215
7170,239,36,6,13,13
7171,47,12,27,30,21
7172,3,33,15,13,21
7173,86,375,170,275,234
7174,51,28,47,20,14
7175,43,40,1,0,0
7176,161,11,22,24,29
7177,0,19,69,27,17
7178,37,234,41,10,27
7179,12,15,3,2,2
7180,8,7,9,17,16
7181,131,39,132,70,53
7182,323,53,308,205,204
7183,133,13,5,10,15
7184,269,140,239,251,349
7185,0,0,20,73,60
7186,2,0,8,15,13
7187,5,30,15,23,15
7188,12,157,245,166,230
7189,15,0,2,10,4
7190,56,97,399,1368,1306
7191,0,0,1,0,0
7192,125,169,7,6,10
7193,127,23,47,63,62
7194,4,0,7,4,1
7195,39,11,71,272,264
7196,1,2,0,5,5
7197,7,2,13,16,15
7198,99,41,283,486,414
7199,24,20,1,1,2
7200,13,40,53,107,107
7201,5,10,7,15,21
7202,23,4,16,16,28
7203,7,28,1,0,0
7204,0,4,1,1,2
7205,16,21,1,4,5
7206,4,0,57,70,36
7207,21,33,6,13,24
7208,26,1,29,12,16
7209,838,21,7,5,2
7210,316,341,189,62,63
7211,0,20,0,0,1
7212,13,9,4,7,7
7213,0,1,1,5,7
7214,3,1,2,2,2
7215,592,50,926,1058,963
7216,52,40,12,78,79
7217,39,156,64,83,84
7218,20,58,15,18,30
7219,143,72,229,305,311
7220,4,0,17,14,13
7221,65,5,34,53,40
7222,12,0,6,2,3
7223,19,26,23,25,33
7224,36,3,48,28,26
7225,6,1,18,48,36
7226,41,21,29,25,22
7227,39,76,465,306,270
7228,2,19,13,4,7
7229,47,468,235,262,515
7230,0,125,0,0,0
7231,19,10,38,41,46
7232,0,13,103,74,131
7233,85,4,112,57,47
7234,0,0,0,8,5
7235,17,336,10,17,9
7236,9,3,2,10,12
7237,46,0,7,0,4
7238,244,75,87,325,260
7239,28,38,2,2,2
7240,0,4,1,0,0
7241,23,6,5,8,7
7242,8,5,1,3,6
7243,5,0,12,6,5
7244,372,7,1,8,7
7245,4,1,0,3,3
7246,118,307,199,111,127
7247,822,1020,430,622,625
7248,14,59,136,180,88
7249,1,1,222,48,55
7250,174,64,91,97,164
7251,0,10,0,0,0
7252,0,0,0,0,0
7253,63,100,39,84,121
7254,4,3,23,20,25
7255,319,20,41,53,66
7256,99,54,94,59,93
7257,1,49,3,2,3
7258,479,172,154,359,349
7259,34,14,23,68,56
7260,101,0,1,0,1
7261,0,55,0,2,0
7262,1,14,14,0,1
7263,309,49,20,90,140
7264,1309,375,252,123,104
7265,240,21,46,89,84
7266,0,0,8,14,12
7267,7,8,61,25,11
7268,0,1,3,3,3
7269,76,11,3,9,15
7270,0,0,0,0,0
7271,44,127,255,99,134
7272,23,50,43,36,33
7273,31,40,8,10,8
7274,5,1,48,109,131
7275,58,4,54,30,20
7276,3,26,5,18,16
7277,2,5,19,21,16
7278,0,0,1,2,2
7279,4,18,0,0,0
7280,37,23,152,138,183
7281,0,0,67,36,37
7282,2,9,70,87,110
7283,23,6,0,0,0
7284,35,133,37,12,11
7285,16,5,6,5,5
7286,0,0,0,0,0
7287,143,14,151,109,87
7288,9,0,107,76,89
7289,0,2,2,7,11
7290,0,57,63,98,76
7291,11,16,195,520,393
7292,0,3,60,12,17
7293,10,6,1,1,1
7294,4,3,40,32,32
7295,0,4,15,28,30
7296,16,58,52,73,58
7297,0,0,0,9,5
7298,52,20,119,157,261
7299,19,93,166,147,80
7300,0,98,2,1,2
7301,1,3,0,0,0
7302,287,554,2359,2042,2133
7303,17,0,44,242,249
7304,0,4,10,10,11
7305,27,3,15,11,17
7306,0,5,31,39,19
7307,6,32,114,93,100
7308,89,11,605,280,290
7309,3,3,2,2,2
7310,0,0,19,16,14
7311,115,451,193,400,410
7312,64,57,0,0,0
7313,0,39,12,34,17
7314,6,42,198,62,41
7315,6,18,32,60,51
7316,4,0,0,1,0
7317,7,0,1,2,2
7318,82,15,17,2,2
7319,51,109,4,20,12
7320,0,20,0,0,0
7321,67,36,26,22,13
7322,113,562,44,21,16
7323,1,2,12,4,9
7324,0,6,0,0,0
7325,36,6,72,30,57
7326,6,41,213,96,78
7327,0,4,0,4,4
7328,568,80,191,45,45
7329,34,18,12,13,12
7330,38,0,33,5,10
7331,4,8,11,32,25
7332,3,7,40,12,13
7333,6,31,54,52,41
7334,64,12,115,140,143
7335,30,142,97,123,108
7336,1,0,11,3,2
7337,16,476,93,34,22
7338,264,137,52,146,171
7339,5,5,9,11,4
7340,28,27,95,21,44
7341,0,8,0,0,0
7342,53,7,90,87,55
7343,17,0,0,0,0
7344,3,13,35,59,36
7345,1,3,24,98,60
7346,72,94,4,8,8
7347,11,1,3,3,7
7348,76,23,66,36,32
7349,57,52,10,21,23
7350,135,69,52,79,66
7351,3,21,110,103,70
7352,199,427,373,391,390
7353,50,6,13,14,13
7354,2,11,11,2,3
7355,0,1,20,10,6
7356,108,556,926,1032,1183
7357,1,2,0,2,2
7358,372,382,112,134,77
7359,48,123,18,6,3
7360,3,28,6,6,5
7361,0,1,0,0,0
7362,3,2,0,0,0
7363,13,185,19,54,47
7364,79,6,252,182,140
7365,998,106,251,174,123
7366,2,2,0,1,0
7367,22,171,35,12,9
7368,40,53,241,188,129
7369,2,0,9,18,12
7370,1,0,0,0,0
7371,0,0,4,6,3
7372,74,50,199,348,310
7373,24,7,33,24,22
7374,245,137,611,517,501
7375,9,65,273,328,312
7376,50,39,18,43,58
7377,272,49,88,259,231
7378,68,57,0,2,2
7379,2,12,60,105,137
7380,9,20,99,61,108
7381,161,296,53,126,130
7382,71,32,5,65,137
7383,47,44,107,106,71
7384,165,450,469,554,721
7385,10,1,9,1,1
7386,6,0,0,0,0
7387,429,108,1427,2187,2154
7388,25,19,19,37,53
7389,13,10,1,2,1
7390,0,0,6,3,2
7391,6,5,120,129,106
7392,488,274,141,78,68
7393,32,53,19,29,21
7394,0,0,0,0,4
7395,1273,279,544,376,260
7396,71,188,140,226,270
7397,1,6,10,6,6
7398,116,121,89,117,84
7399,0,0,0,0,0
7400,3,2,7,9,14
7401,0,1,0,0,0
7402,11,19,92,125,130
7403,69,53,15,13,13
7404,9,178,261,483,476
7405,7,21,3527,1684,1997
7406,25,13,53,74,72
7407,41,12,20,14,30
7408,4,13,14,23,13
7409,0,0,1,2,3
7410,6,185,98,94,180
7411,98,374,42,66,64
7412,43,3,2,0,2
7413,0,4,5,1,3
7414,19,16,8,5,8
7415,16,142,77,56,76
7416,347,796,549,347,352
7417,3,0,2,7,1
7418,97,122,199,248,265
7419,31,17,331,337,408
7420,2,13,86,18,36
7421,2,0,6,20,12
7422,37,51,4,7,8
7423,18,25,23,26,28
7424,115,4,323,70,43
7425,0,15,8,7,16
7426,5,2,14,6,6
7427,0,1,22,0,0
7428,5,4,71,135,163
7429,7,6,27,23,16
7430,5,9,5,13,9
7431,8,176,141,90,139
7432,166,92,50,17,21
7433,123,2,10,25,23
7434,3,2,79,109,63
7435,13,46,66,62,65
7436,37,353,617,651,799
7437,5,17,25,25,26
7438,21,5,20,17,14
7439,3,23,12,19,14
7440,1,8,4,2,4
7441,59,372,45,7,12
7442,113,136,274,183,187
7443,9,3,32,92,79
7444,11,166,139,57,41
7445,0,0,4,21,20
7446,109,401,40,12,12
7447,0,0,0,5,11
7448,182,12,2,0,0
7449,13,30,1018,1425,1218
7450,12,0,2,2,2
7451,0,2,0,0,0
7452,0,2,104,30,21
7453,17,0,4,0,0
7454,18,4,54,6,6
7455,274,90,30,43,73
7456,5,2,1,8,5
7457,36,22,31,27,29
7458,53,16,0,4,3
7459,2,2,0,0,0
7460,24,20,38,11,9
7461,122,120,195,124,141
7462,7,85,342,463,386
7463,359,658,1103,883,793
7464,21,8,51,59,40
7465,30,176,62,25,21
7466,0,0,0,0,0
7467,52,96,11,15,12
7468,13,30,100,114,159
7469,0,14,6,3,6
7470,0,4,8,4,8
7471,46,22,8,21,20
7472,379,18,12,34,51
7473,2,0,52,201,159
7474,1,8,0,4,4
7475,10,1,2,6,4
7476,433,559,790,505,514
7477,0,6,37,49,33
7478,4,2,4,7,4
7479,32,0,20,6,7
7480,22,83,476,370,378
7481,95,406,2188,2356,1866
7482,37,82,1788,579,592
7483,0,32,11,13,16
7484,0,0,1,0,0
7485,67,133,1,3,3
7486,6,94,166,144,197
7487,10,13,5,8,7
7488,3,7,59,33,39
7489,0,17,16,8,2
7490,18,67,10,12,12
7491,412,421,281,213,158
7492,113,67,86,23,45
7493,214,253,12,7,11
7494,9,529,36,49,64
7495,322,250,234,202,239
7496,1,1,11,25,15
7497,9,102,2,11,13
7498,0,6,3,16,11
7499,97,10,65,68,49
7500,0,0,13,8,10
7501,10,5,19,8,12
7502,0,0,3,1,1
7503,63,156,18,13,14
7504,10,32,81,60,48
7505,0,3,15,53,35
7506,128,31,27,36,39
7507,160,14,279,328,317
7508,15,3,19,58,61
7509,32,0,19,20,19
7510,3,5,13,11,11
7511,219,216,175,146,116
7512,44,60,121,100,97
7513,1,13,34,10,5
7514,15,5,3,0,0
7515,1,0,0,0,0
7516,6,1,7,0,0
7517,67,25,73,146,176
7518,16,5,77,71,68
7519,7,6,81,57,45
7520,7,1,0,2,3
7521,2,2,27,29,17
7522,1,2,10,7,4
7523,0,3,29,35,40
7524,38,75,591,618,616
7525,286,241,240,184,286
7526,77,13,27,36,31
7527,280,10,122,108,162
7528,0,72,0,0,0
7529,254,40,125,89,51
7530,8,5,0,1,1
7531,7,1,0,0,0
7532,35,286,47,131,188
7533,26,51,54,8,5
7534,15,89,46,53,82
7535,0,56,1,0,0
7536,20,1,22,57,74
7537,101,60,20,56,64
7538,306,79,304,329,314
7539,11,60,6,28,25
7540,3,15,24,24,27
7541,4,79,171,101,91
7542,294,146,1080,941,702
7543,1,4,4,5,3
7544,1,34,2,3,2
7545,3,0,16,3,15
7546,4,3,74,73,47
7547,1,14,97,388,259
7548,368,209,68,79,84
7549,3,200,199,344,314
7550,1,0,42,7,0
7551,121,23,108,70,99
7552,38,47,529,737,699
7553,1,8,60,14,17
7554,13,7,32,0,0
7555,8,2,42,135,290
7556,47,2,130,167,127
7557,48,76,117,79,76
7558,177,98,32,56,96
7559,1,4,3,4,2
7560,8,118,408,181,99
7561,3319,1279,280,245,356
7562,8,4,6,2,2
7563,15,30,17,4,8
7564,2,83,85,29,27
7565,26,15,52,51,44
7566,4,151,185,57,99
7567,70,18,4,5,10
7568,24,50,27,30,23
7569,168,89,138,140,168
7570,29,52,136,124,137
7571,3,1,0,0,0
7572,1,44,66,80,118
7573,3,3,3,10,8
7574,750,677,284,392,482
7575,32,5,22,24,19
7576,49,2,29,27,30
7577,2,10,31,50,60
7578,5,8,7,4,4
7579,125,21,6,16,14
7580,160,510,1213,360,268
7581,0,10,22,19,12
7582,37,35,76,93,91
7583,9,1,0,2,2
7584,1,89,22,29,26
7585,0,0,0,2,2
7586,13,242,9,49,36
7587,750,373,1348,1426,1687
7588,315,88,12,7,7
7589,1,0,22,37,20
7590,423,152,519,1091,840
7591,1,0,129,174,228
7592,35,203,101,40,58
7593,24,321,86,131,123
7594,422,104,29,58,50
7595,387,1192,774,649,835
7596,4,2,5,9,8
7597,43,80,479,145,130
7598,4,66,3,2,5
7599,7,0,2,15,6
7600,0,0,0,0,0
7601,5,19,2,4,4
7602,812,457,88,44,44
7603,194,21,25,35,32
7604,17,8,14,4,3
7605,27,41,32,29,32
7606,69,320,80,60,22
7607,8,5,0,0,0
7608,52,3,3,0,1
7609,34,19,14,32,26
7610,409,145,1,4,3
7611,12,3,0,0,0
7612,21,45,34,29,58
7613,129,105,27,40,45
7614,13,11,30,42,49
7615,9,6,3,1,1
7616,218,79,103,224,314
7617,1,34,36,6,11
7618,6,0,10,7,4
7619,40,85,162,100,100
7620,55,24,30,38,40
7621,1,0,0,5,5
7622,1,1,4,5,3
7623,27,0,8,20,25
7624,5,16,9,5,5
7625,81,7,7,5,6
7626,8,12,0,1,1
7627,297,48,119,58,91
7628,952,16,192,291,377
7629,55,2,12,27,26
7630,155,110,44,52,58
7631,0,0,24,11,5
7632,110,83,914,796,678
7633,7,6,5,4,0
7634,18,12,18,11,16
7635,50,282,6,29,39
7636,21,10,3,6,4
7637,720,8,1,4,6
7638,8,18,5,6,20
7639,509,58,30,19,11
7640,73,46,394,501,328
7641,132,1091,452,501,738
7642,47,105,5,21,19
7643,50,5,1238,1160,1236
7644,10,0,2,6,7
7645,76,148,271,189,153
7646,129,330,2480,1332,1608
7647,17,36,118,98,126
7648,293,251,225,172,168
7649,39,16,147,34,59
7650,0,72,493,34,22
7651,20,40,120,143,428
7652,16,4,106,149,158
7653,122,8,149,197,227
7654,0,3,1,1,1
7655,1,2,35,18,29
7656,1,17,15,8,11
7657,3,2,0,1,1
7658,14,32,110,96,88
7659,37,13,114,45,41
7660,0,0,0,0,1
7661,15,4,17,6,2
7662,26,0,1,9,7
7663,184,75,180,87,139
7664,1,3,10,11,11
7665,40,57,42,119,162
7666,8,135,219,106,157
7667,5,1,71,89,117
7668,287,116,90,139,254
7669,2994,322,6,26,27
7670,25,15,17,20,25
7671,12,9,47,19,17
7672,4,45,8,13,9
7673,118,25,24,13,17
7674,2085,709,356,192,264
7675,0,0,0,1,1
7676,18,5,10,11,13
7677,16,1,0,1,0
7678,28,147,390,428,339
7679,1,17,27,21,30
7680,0,0,0,2,5
7681,262,13,138,82,80
7682,8,42,12,12,18
7683,1,7,0,0,0
7684,7,5,4,2,2
7685,11,0,3,2,6
7686,149,555,169,129,113
7687,8,11,33,79,66
7688,86,28,6,6,15
7689,0,1,0,1,0
7690,1284,222,248,408,424
7691,2,3,0,0,0
7692,157,110,44,98,90
7693,2,11,3,4,4
7694,130,43,316,506,537
7695,492,68,137,59,37
7696,67,27,0,0,1
7697,105,0,6,1,4
7698,15,43,159,139,223
7699,245,36,250,325,405
7700,80,49,14,1,4
7701,0,0,4,5,3
7702,9,62,127,99,74
7703,331,79,111,165,165
7704,551,401,537,288,203
7705,7,0,10,9,9
7706,15,2,55,68,104
7707,4,0,4,9,9
7708,242,24,3,6,6
7709,146,18,3,0,0
7710,0,3,7,1,0
7711,24,0,32,52,67
7712,4,29,116,147,141
7713,3,0,4,5,3
7714,0,1,1,1,1
7715,22,38,170,13,11
7716,80,122,37,32,28
7717,712,258,925,689,789
7718,104,481,508,462,538
7719,287,48,14,41,49
7720,113,133,3,6,8
7721,43,18,95,102,95
7722,0,6,3,2,2
7723,0,0,24,44,29
7724,45,9,57,112,76
7725,16,19,45,40,42
7726,52,47,23,15,15
7727,6,0,17,5,6
7728,29,0,0,0,0
7729,24,28,0,0,1
7730,164,50,220,247,189
7731,16,9,20,13,18
7732,2,2,1,2,1
7733,58,5,0,1,0
7734,12,3,36,71,86
7735,0,28,91,85,94
7736,62,506,672,408,403
7737,38,41,1301,1691,1409
7738,1,44,35,48,70
7739,361,236,47,92,87
7740,2,40,22,2,3
7741,78,106,25,10,24
7742,11,2,13,69,51
7743,1220,1634,498,539,771
7744,14,47,2,8,13
7745,1,3,9,7,7
7746,17,256,221,203,253
7747,28,38,3,10,6
7748,14,474,87,33,86
7749,19,33,30,53,81
7750,5,17,21,9,7
7751,4,116,382,448,411
7752,4,44,24,13,20
7753,117,68,116,221,129
7754,41,61,33,26,23
7755,54,108,454,217,300
7756,32,2,11,6,10
7757,0,4,21,3,3
7758,11,0,10,9,12
7759,54,0,23,29,31
7760,2,2,33,51,61
7761,0,0,0,0,0
7762,5,14,2,2,1
7763,4,9,1,2,2
7764,1,13,58,63,31
7765,1,24,288,147,108
7766,1,6,8,2,2
7767,6,9,9,20,24
7768,1,14,4,3,3
7769,17,8,48,30,21
7770,14,0,6,1,3
7771,14,11,8,3,3
7772,464,181,45,32,65
7773,5,0,16,11,19
7774,217,200,10,31,39
7775,41,47,34,37,50
7776,39,36,94,125,145
7777,15,256,142,128,124
7778,1,67,295,295,409
7779,1,105,8,38,36
7780,165,333,107,163,195
7781,46,0,3,1,1
7782,41,14,13,17,21
7783,29,33,271,220,208
7784,2,7,0,0,0
7785,45,5,68,27,53
7786,1,6,135,57,52
7787,7,5,1,4,0
7788,20,31,680,328,298
7789,12,24,67,150,121
7790,4,10,59,59,68
7791,3,0,1,2,2
7792,8,806,404,498,391
7793,0,0,4,1,1
7794,50,8,57,28,51
7795,87,34,304,260,352
7796,57,35,0,0,0
7797,21,11,126,74,61
7798,130,5,46,30,21
7799,3,0,0,1,5
7800,24,135,4,99,88
7801,82,386,15,4,11
7802,0,21,4,2,2
7803,21,45,27,31,22
7804,850,44,17,21,24
7805,20,28,219,246,250
7806,7,39,4,0,0
7807,5,0,0,0,0
7808,0,4,53,117,58
7809,0,7,8,19,23
7810,156,483,170,23,23
7811,13,43,20,65,62
7812,227,2,164,115,109
7813,11,0,0,0,0
7814,0,0,0,1,2
7815,4,37,0,6,15
7816,2,6,0,0,0
7817,582,328,146,147,144
7818,0,6,34,8,23
7819,1,35,14,42,35
7820,4,1,6,8,7
7821,8,1173,353,353,416
7822,1,18,1,2,0
7823,13,66,341,332,351
7824,588,277,109,136,147
7825,102,111,111,42,45
7826,17,6,1,0,0
7827,60,19,532,671,701
7828,2,5,45,41,38
7829,257,7,133,123,138
7830,23,1,76,2,1
7831,11,2,5,7,6
7832,13,13,9,1,1
7833,15,64,105,100,107
7834,9,10,104,44,59
7835,297,68,142,221,136
7836,4,37,3,9,12
7837,706,19,194,572,438
7838,5,2,24,25,25
7839,4,1,9,11,11
7840,5,11,79,152,129
7841,4,1,1,5,5
7842,127,46,22,38,33
7843,29,24,0,1,0
7844,0,21,61,64,88
7845,18,23,5,3,4
7846,17,11,10,4,3
7847,2102,434,1221,707,844
7848,5,1,8,99,74
7849,0,0,2,0,1
7850,2034,157,412,820,862
7851,1056,846,225,391,494
7852,1,4,33,56,35
7853,3,6,145,163,239
7854,0,2,0,4,1
7855,4,16,10,7,6
7856,1,21,64,69,40
7857,165,51,5,6,1
7858,121,121,119,169,215
7859,0,2,8,8,9
7860,95,63,54,32,33
7861,196,120,200,226,179
7862,45,27,18,31,44
7863,9,49,2,3,2
7864,3,33,72,60,87
7865,19,32,37,17,20
7866,2,20,43,146,173
7867,1171,17,619,350,413
7868,0,16,120,43,45
7869,1327,719,571,421,405
7870,252,658,122,80,41
7871,245,242,339,64,75
7872,73,92,10,10,11
7873,2,3,58,30,26
7874,18,12,1,5,12
7875,15,159,12,19,20
7876,13,3,124,130,130
7877,13,7,60,71,70
7878,12,139,185,229,184
7879,10,0,69,65,54
7880,5,1,35,34,15
7881,107,12,716,290,230
7882,128,9,2,1,4
7883,35,25,55,83,99
7884,17,17,115,91,105
7885,157,202,815,188,230
7886,294,1328,846,385,400
7887,8,230,229,255,208
7888,1,11,9,13,18
7889,233,55,156,195,213
7890,8,73,172,106,199
7891,0,0,0,0,0
7892,90,4,16,18,19
7893,84,328,99,63,52
7894,2,2,13,11,8
7895,25,11,28,18,10
7896,12,4,2,1,1
7897,0,0,51,24,34
7898,0,3,0,0,0
7899,92,23,10,0,0
7900,651,110,20,46,17
7901,379,216,6,2,0
7902,873,413,57,23,24
7903,437,361,144,409,569
7904,3,10,16,7,8
7905,5,34,94,47,33
7906,173,39,161,168,201
7907,2,16,13,23,19
7908,0,0,1,1,1
7909,307,2718,1236,1109,1055
7910,41,39,116,140,119
7911,637,198,316,256,242
7912,23,36,72,24,21
7913,17,53,17,12,10
7914,1,3,42,33,34
7915,0,113,380,697,535
7916,79,223,109,50,55
7917,1,30,43,64,89
7918,0,22,2,1,1
7919,68,48,75,129,172
7920,50,19,19,11,13
7921,1,46,4576,3616,4021
7922,85,43,42,32,14
7923,8,0,5,23,17
7924,0,38,26,2,2
7925,8,2,3,0,0
7926,14,17,6,11,9
7927,2,56,23,39,28
7928,1,2,2,2,3
7929,1538,1522,2541,2257,2066
7930,1,17,0,0,0
7931,19,9,6,8,4
7932,13,13,2,0,0
7933,29,148,1,2,1
7934,18,128,84,56,56
7935,0,0,0,1,1
7936,3,2,2,12,12
7937,34,18,67,7,7
7938,0,27,11,6,5
7939,2,7,1,1,1
7940,17,62,3,6,8
7941,30,26,15,11,18
7942,0,0,0,1,2
7943,1,7,4,14,12
7944,411,55,206,276,258
7945,21,97,123,165,109
7946,6,226,227,50,46
7947,60,515,19,24,33
7948,0,1,2,1,1
7949,0,2,6,3,3
7950,1,150,40,52,40
7951,4,4,35,20,8
7952,5,59,38,13,17
7953,47,22,202,88,96
7954,0,3,2,2,1
7955,20,24,11,1,0
7956,1,56,3,99,110
7957,61,62,204,158,157
7958,9,0,139,147,181
7959,7,7,15,5,6
7960,1,0,4,2,1
7961,0,3,7,14,25
7962,53,2,107,84,118
7963,58,11,67,69,91
7964,13,1,4,6,10
7965,0,34,2,7,10
7966,14,4,4,21,6
7967,9,0,17,10,12
7968,43,3,28,87,100
7969,150,55,386,196,178
7970,22,4,76,42,40
7971,67,5,154,41,56
7972,5,198,55,423,306
7973,5,0,2,1,2
7974,5,10,0,0,0
7975,0,1,0,1,1
7976,140,69,121,219,243
7977,1342,1813,2614,2390,2681
7978,680,795,301,374,349
7979,20,3,117,24,63
7980,2,59,87,44,76
7981,96,224,470,584,528
7982,77,184,137,85,77
7983,6,7,46,23,27
7984,0,0,0,0,0
7985,3,142,9,7,8
7986,125,236,34,45,47
7987,2,13,0,0,0
7988,0,3,4,1,1
7989,60,338,516,797,878
7990,269,19,86,116,149
7991,7,2,6,19,23
7992,337,28,33,85,62
7993,130,26,162,81,85
7994,4,12,1,1,1
7995,4,4,4,5,3
7996,13,7,64,57,58
7997,21,454,115,69,63
7998,0,1,22,2,5
7999,2,3,5,5,4
8000,376,22,400,379,388
8001,0,0,2,4,5
8002,0,1,0,0,0
8003,85,1,47,11,15
8004,8,26,84,37,41
8005,0,8,2,5,6
8006,81,44,38,56,66
8007,31,81,49,43,50
8008,169,88,3,7,19
8009,0,5,3,3,3
8010,132,267,51,50,53
8011,351,768,792,768,749
8012,281,25,8,7,6
8013,0,0,0,0,0
8014,37,13,14,4,2
8015,19,3,79,91,93
8016,199,225,121,357,586
8017,1,14,14,10,6
8018,188,168,1380,802,735
8019,8,6,0,0,0
8020,78,335,514,130,129
8021,0,22,4,1,3
8022,2,0,8,12,12
8023,19,51,17,3,2
8024,1,1,0,1,1
8025,0,42,10,8,11
8026,88,38,29,26,30
8027,1,0,4,5,5
8028,238,459,599,257,213
8029,71,1,0,1,0
8030,7,0,2,3,3
8031,12,36,144,25,31
8032,9,15,51,3,7
8033,59,74,252,163,223
8034,176,14,2,2,1
8035,76,260,60,141,102
8036,149,835,99,130,129
8037,7,6,8,2,4
8038,25,0,54,21,27
8039,101,149,152,120,91
8040,14,6,10,16,32
8041,87,22,127,22,13
8042,5,26,1,2,10
8043,250,65,16,11,14
8044,105,0,4,5,5
8045,83,78,57,126,153
8046,791,93,14,25,22
8047,4,270,61,121,104
8048,2,11,70,32,17
8049,98,60,663,749,759
8050,18,7,3,7,6
8051,6,0,1,4,3
8052,7,202,13,18,15
8053,12,24,1,3,8
8054,25,11,11,20,17
8055,30,111,87,220,169
8056,6,1,0,0,0
8057,1,0,7,3,2
8058,110,79,183,285,263
8059,95,22,9,16,19
8060,10,14,47,57,86
8061,1,8,1,1,2
8062,651,1454,1107,944,934
8063,5,22,14,10,5
8064,2,0,2,2,2
8065,77,79,438,395,345
8066,38,5,39,14,17
8067,90,157,88,75,89
8068,24,12,7,15,21
8069,36,28,70,99,126
8070,14,24,39,62,68
8071,7,1,1,2,5
8072,12,12,64,103,96
8073,30,70,7,21,22
8074,5,32,9,23,18
8075,1,16,13,26,21
8076,34,33,16,4,7
8077,198,144,120,269,388
8078,31,7,31,44,43
8079,13,29,21,22,22
8080,42,50,20,10,5
8081,11,18,0,0,0
8082,130,181,110,42,86
8083,16,7,12,5,8
8084,1,4,17,11,3
8085,1,3,16,11,9
8086,72,44,44,88,84
8087,9,0,32,16,17
8088,62,50,12,8,7
8089,2,37,1,1,1
8090,102,28,115,89,104
8091,43,4,98,34,34
8092,1,12,145,50,59
8093,14,188,30,15,23
8094,2,1,9,7,7
8095,1,2,21,47,18
8096,356,140,16,5,8
8097,2,76,86,102,120
8098,2,0,17,24,17
8099,0,0,0,0,0
8100,13,2,11,13,13
8101,13,0,0,9,5
8102,0,2,0,0,0
8103,15,17,75,29,41
8104,8,49,33,34,30
8105,5,48,73,23,21
8106,18,0,54,66,74
8107,0,3,1,1,0
8108,13,90,11,6,7
8109,0,1,0,0,0
8110,68,58,1155,1132,999
8111,7,10,292,334,206
8112,0,12,251,302,377
8113,13,6,91,108,105
8114,82,5,6,18,21
8115,0,2,0,0,0
8116,511,198,42,23,17
8117,113,25,12,32,40
8118,0,8,45,48,42
8119,43,774,441,632,665
8120,2,4,0,0,0
8121,7,116,82,43,32
8122,44,10,2,161,167
8123,23,1,2,4,4
8124,105,175,278,346,399
8125,7,1,13,7,8
8126,8,5,36,32,39
8127,2,1,1,1,1
8128,47,168,24,117,57
8129,63,58,6,13,8
8130,0,10,7,21,26
8131,141,173,19,2,2
8132,43,9,5,4,3
8133,6,3,7,5,6
8134,18,11,0,0,0
8135,2,32,0,3,3
8136,116,378,14,24,14
8137,0,11,23,10,6
8138,53,64,111,13,19
8139,6,0,4,5,5
8140,21,38,31,65,79
8141,8,34,41,29,28
8142,21,59,295,61,70
8143,11,105,73,87,70
8144,75,0,2,48,49
8145,5,0,9,5,7
8146,10,118,0,6,8
8147,1049,289,943,573,687
8148,5,4,4,5,4
8149,39,49,18,7,7
8150,0,0,13,8,7
8151,0,0,0,0,0
8152,8,17,13,17,17
8153,7,13,1,1,1
8154,300,335,122,188,144
8155,11,40,66,30,35
8156,142,345,284,526,539
8157,458,778,83,27,61
8158,59,4,197,187,161
8159,2,1,3,6,3
8160,5,28,2,6,6
8161,8,209,176,138,129
8162,26,34,286,461,477
8163,152,53,124,35,32
8164,0,7,0,0,0
8165,2,20,10,9,6
8166,1,4,4,5,2
8167,13,12,86,159,161
8168,0,27,2,0,0
8169,0,1,41,50,50
8170,16,2,13,10,7
8171,2,55,74,13,15
8172,67,52,8,3,1
8173,68,1,95,108,138
8174,828,204,1107,1118,967
8175,20,11,4,0,0
8176,33,45,19,25,16
8177,790,668,521,1015,1049
8178,0,0,0,0,0
8179,2,2,0,0,0
8180,3,0,1,1,2
8181,25,1,229,53,119
8182,16,108,18,74,52
8183,16,33,156,113,111
8184,80,58,18,35,29
8185,0,0,0,0,0
8186,7,10,6,40,19
8187,32,12,2,24,12
8188,30,7,107,149,184
8189,26,17,3,8,7
8190,4,53,7,0,0
8191,48,6,9,3,1
8192,14,11,220,106,120
8193,485,23,60,76,76
8194,100,45,0,0,0
8195,65,0,29,13,16
8196,37,2,7,16,8
8197,105,42,515,344,346
8198,9,19,0,0,0
8199,6,66,251,278,250
8200,48,0,4,7,7
8201,13,184,295,245,220
8202,22,7,12,62,56
8203,2,12,2,4,3
8204,0,0,4,3,4
8205,17,29,6,4,5
8206,0,0,2,5,4
8207,747,76,395,914,733
8208,0,7,2,2,2
8209,5,6,3,0,3
8210,1,1,1,0,0
8211,35,2,0,0,0
8212,1,85,21,32,13
8213,2,23,976,549,689
8214,7,53,12,25,28
8215,40,8,87,43,53
8216,18,15,4,3,5
8217,2,3,26,17,27
8218,89,85,19,18,18
8219,200,19,203,352,339
8220,1412,465,872,582,657
8221,0,12,104,67,75
8222,38,49,98,72,78
8223,243,51,25,59,53
8224,190,353,1214,844,636
8225,65,1322,539,474,235
8226,74,159,19,12,10
8227,600,154,47,140,89
8228,4,0,10,3,2
8229,25,16,773,1189,1396
8230,4,3,52,130,124
8231,12,73,61,42,47
8232,2,0,17,35,28
8233,23,0,8,0,0
8234,109,1,47,24,31
8235,9,32,38,59,49
8236,12,18,48,187,243
8237,0,0,2,15,13
8238,98,4,23,23,21
8239,0,1,14,2,6
8240,436,53,324,337,368
8241,17,38,22,42,67
8242,33,17,43,83,83
8243,481,172,448,636,570
8244,8,12,4,10,16
8245,0,1,0,0,0
8246,337,29,1133,938,874
8247,119,661,80,40,49
8248,18,52,31,9,6
8249,0,0,39,72,59
8250,9,11,4,6,7
8251,17,39,3,6,4
8252,284,327,97,57,56
8253,65,0,4,4,6
8254,4,0,62,2,1
8255,108,406,28,51,28
8256,6,17,2,2,3
8257,78,400,15,13,16
8258,1,1,47,9,9
8259,12,24,38,60,38
8260,11,0,161,58,65
8261,366,131,58,45,61
8262,0,105,303,229,211
8263,0,2,19,13,17
8264,9,1,4,1,1
8265,103,120,673,366,292
8266,1,15,3,6,9
8267,1,0,1,2,2
8268,0,71,62,25,26
8269,4,7,7,13,10
8270,153,15,177,186,138
8271,60,38,0,1,1
8272,0,8,11,7,6
8273,44,28,20,15,9
8274,7,92,2,16,8
8275,3,6,21,25,20
8276,0,2,36,11,9
8277,48,3,227,392,541
8278,18,1,7,3,2
8279,2625,156,236,302,327
8280,554,15,65,14,16
8281,4,8,0,0,0
8282,27,12,11,21,28
8283,0,0,0,2,0
8284,29,0,120,78,145
8285,134,42,36,12,20
8286,6,71,27,47,50
8287,3,18,622,728,761
8288,34,3,40,15,34
8289,2,2,1,1,1
8290,86,160,107,103,107
8291,5,7,4,1,2
8292,19,64,125,186,210
8293,334,244,23,42,62
8294,1,0,0,0,0
8295,27,136,116,157,163
8296,57,57,3,5,1
8297,6,0,9,8,11
8298,1,74,50,262,161
8299,50,6,19,28,28
8300,120,179,10,39,15
8301,106,70,141,73,71
8302,99,77,64,307,245
8303,747,55,149,161,197
8304,0,0,0,0,1
8305,3,0,6,4,5
8306,24,29,9,19,11
8307,9,28,118,194,151
8308,67,126,53,60,52
8309,1578,931,516,236,388
8310,22,21,17,29,21
8311,246,8,13,12,12
8312,11,17,74,14,18
8313,0,0,12,15,22
8314,22,15,24,12,23
8315,520,657,1773,1809,1831
8316,204,8,644,579,558
8317,44,151,3,0,0
8318,1,8,13,21,17
8319,260,46,17,14,14
8320,274,857,133,97,116
8321,2,11,1,2,2
8322,0,3,10,6,5
8323,126,188,3,4,6
8324,12,67,312,206,175
8325,43,48,199,111,154
8326,0,0,0,0,0
8327,72,27,101,85,75
8328,205,64,6,1,5
8329,9,0,39,15,30
8330,231,316,219,144,117
8331,15,4,66,24,21
8332,23,8,6,0,1
8333,3,0,1,5,5
8334,0,0,3,5,6
8335,9,3,3,1,1
8336,2,6,9,5,8
8337,42,13,51,53,64
8338,19,4,1,1,1
8339,206,68,7,22,19
8340,5,0,46,5,3
8341,7,3,1,4,4
8342,1,9,6,6,9
8343,3,2,7,14,11
8344,0,0,2,1,1
8345,9,2,15,14,13
8346,1,39,4,10,13
8347,7,4,11,9,10
8348,3,17,12,12,14
8349,1,17,6,6,3
8350,86,35,18,37,28
8351,8,8,10,46,42
8352,28,28,30,92,98
8353,5,84,17,40,38
8354,4,10,19,38,37
8355,5,6,25,16,7
8356,0,2,6,33,21
8357,29,8,21,19,21
8358,9,5,11,12,10
8359,127,39,24,23,25
8360,1,1,0,0,0
8361,1,9,57,127,136
8362,28,0,6,1,2
8363,4,9,32,16,47
8364,5,12,134,138,133
8365,130,44,207,113,93
8366,1,0,5,1,1
8367,5,521,487,535,559
8368,31,20,54,4,7
8369,0,1,2,6,6
8370,9,6,17,8,13
8371,9,20,84,138,93
8372,5,0,3,2,2
8373,21,40,45,52,46
8374,57,0,291,480,467
8375,14,23,705,1174,1338
8376,75,46,13,12,3
8377,30,0,15,29,79
8378,88,5,20,12,19
8379,24,21,4,2,4
8380,2,38,178,64,96
8381,9,12,200,154,170
8382,1,1,30,9,4
8383,2,7,4,2,2
8384,0,1,1,1,1
8385,0,2,5,17,29
8386,0,1,82,150,142
8387,5,1,25,8,13
8388,15,50,86,49,51
8389,0,0,0,1,0
8390,4,75,0,0,0
8391,4,1,10,40,41
8392,8,7,65,48,41
8393,0,19,0,2,2
8394,38,6,3,3,3
8395,0,37,61,92,75
8396,0,5,0,0,0
8397,0,0,100,26,34
8398,0,2,5,15,10
8399,4,2,6,6,9
8400,2,2,32,15,13
8401,0,2,0,1,0
8402,148,134,368,356,324
8403,52,16,11,11,12
8404,60,91,44,8,4
8405,0,3,6,23,23
8406,17,2,0,0,0
8407,3,3,25,7,3
8408,4,0,9,10,15
8409,0,0,1,2,2
8410,0,8,0,0,0
8411,10,5,6,5,6
8412,1,2,6,5,6
8413,2,1,8,5,5
8414,6,10,7,19,10
8415,14,3,137,47,53
8416,3,0,32,11,6
8417,3,28,23,7,4
8418,11,24,3,1,1
8419,4,14,42,57,41
8420,2,1,4,4,5
8421,3,15,29,93,79
8422,38,1,9,24,24
8423,35,6,0,0,0
8424,5,0,20,24,33
8425,1,7,10,14,15
8426,3,21,40,6,5
8427,67,41,120,29,62
8428,22,11,32,30,39
8429,61,3,40,36,38
8430,13,7,1,9,9
8431,9,29,17,5,5
8432,0,1,0,1,1
8433,143,28,23,8,5
8434,0,4,4,35,41
8435,0,0,2,3,3
8436,0,0,0,0,0
8437,2,3,0,0,0
8438,2,13,15,57,68
8439,3,2,5,5,5
8440,3,9,3,3,0
8441,3115,2187,1456,1808,1638
8442,0,0,15,14,17
8443,2,0,12,7,13
8444,34,267,0,0,0
8445,22,10,10,3,13
8446,0,1,0,0,0
8447,3,0,8,17,17
8448,6,20,38,52,40
8449,35,22,48,21,28
8450,8,7,53,51,56
8451,0,21,0,0,2
8452,9,0,18,9,12
8453,0,35,17,13,37
8454,0,0,119,152,65
8455,0,26,1,9,9
8456,37,3,58,44,41
8457,84,13,55,128,146
8458,53,743,132,180,251
8459,5,0,0,0,0
8460,431,85,73,125,136
8461,83,89,6,14,12
8462,38,13,1000,462,512
8463,10,101,0,0,0
8464,3,96,3,3,2
8465,2,1,13,10,10
8466,0,8,29,50,37
8467,2,5,1,0,1
8468,52,1,1208,1627,1392
8469,1,44,323,770,800
8470,0,25,0,0,0
8471,0,3,8,77,48
8472,0,0,1,10,9
8473,2,34,44,33,15
8474,42,0,27,40,48
8475,29,1,2,1,1
8476,130,146,26,26,34
8477,8,66,185,300,233
8478,86,69,11,56,41
8479,87,36,15,4,9
8480,1,1,19,82,58
8481,16,108,424,21,52
8482,1,5,14,7,16
8483,0,0,0,1,1
8484,0,0,5,4,4
8485,0,0,0,4,1
8486,16,107,108,24,46
8487,11,51,23,45,33
8488,1,2,3,7,8
8489,4,7,31,19,15
8490,74,4,94,70,94
8491,704,53,384,517,370
8492,1,7,9,6,11
8493,12,1,0,0,0
8494,1,0,1,2,2
8495,20,45,93,67,55
8496,3,31,22,46,37
8497,2,23,1,15,17
8498,14,6,36,24,25
8499,1,0,3,1,1
8500,19,11,3,0,0
8501,145,44,92,133,108
8502,5,2,3,2,1
8503,128,30,0,5,8
8504,11,1,20,28,25
8505,266,59,39,144,178
8506,255,51,119,291,314
8507,104,209,22,36,43
8508,187,5,71,65,66
8509,18,4,546,849,762
8510,2,2,10,6,5
8511,0,0,0,1,1
8512,0,0,0,0,0
8513,0,109,88,126,126
8514,2,28,11,24,27
8515,2,12,34,3,2
8516,4,13,6,2,6
8517,121,0,25,34,30
8518,53,80,54,65,62
8519,29,33,106,69,83
8520,2,33,6,28,30
8521,0,2,0,0,1
8522,8,3,1,0,0
8523,7,4,26,5,15
8524,14,13,5,7,6
8525,33,15,69,42,40
8526,23,17,19,38,37
8527,2,7,13,19,18
8528,7,1,3,2,2
8529,1,0,20,17,23
8530,258,132,171,276,271
8531,0,2,12,11,10
8532,15,25,10,10,11
8533,5,4,13,8,11
8534,20,9,15,2,2
8535,47,11,46,32,34
8536,9,3,58,25,22
8537,240,287,185,154,221
8538,128,4,27,6,8
8539,87,21,387,432,549
8540,0,0,1,2,2
8541,0,0,0,0,0
8542,0,0,0,0,0
8543,20,24,37,126,111
8544,118,11,53,120,126
8545,7,31,7,23,11
8546,14,3,44,37,48
8547,14,10,2,2,1
8548,391,428,97,211,132
8549,17,5,1,0,0
8550,16,20,1,4,3
8551,2,0,5,1,2
8552,37,22,89,48,31
8553,9,7,1,1,1
8554,3,2,12,38,22
8555,30,8,56,130,46
8556,33,23,10,57,30
8557,2,1,7,21,25
8558,7,2,17,12,23
8559,2,6,0,9,10
8560,2,1,2,16,11
8561,21,164,544,593,401
8562,127,42,12,43,80
8563,38,14,9,1,3
8564,0,0,8,5,5
8565,0,2,1,2,1
8566,5,0,13,44,30
8567,69,51,36,45,20
8568,1,11,0,0,0
8569,12,13,0,1,0
8570,9,1,3,5,4
8571,1,0,25,41,39
8572,2,2,6,5,9
8573,85,28,58,58,72
8574,319,1074,527,482,484
8575,70,68,13,18,18
8576,174,235,163,16,27
8577,223,101,2521,1583,1592
8578,1180,1271,208,96,79
8579,0,3,27,19,14
8580,19,24,16,39,30
8581,7,13,2,2,2
8582,2,0,5,1,2
8583,4,0,1,3,5
8584,48,151,17,24,24
8585,4,1,7,16,21
8586,1,0,11,16,15
8587,4,0,0,1,1
8588,24,9,17,7,7
8589,2,30,29,5,7
8590,2,6,20,17,10
8591,5,1,3,1,1
8592,10,1,23,44,36
8593,4,0,12,78,89
8594,2,4,1,1,0
8595,2,17,1,1,0
8596,8,4,4,1,1
8597,0,0,0,0,0
8598,26,6,8,35,32
8599,0,0,6,0,0
8600,3,6,4,2,5
8601,5,1,18,23,12
8602,23,12,1,2,2
8603,478,1284,372,514,658
8604,0,69,50,81,93
8605,0,48,64,244,161
8606,1,0,0,0,0
8607,45,20,42,141,140
8608,133,134,10,9,10
8609,1,19,63,50,63
8610,3,5,11,10,11
8611,80,107,2,8,11
8612,4,0,2,5,5
8613,19,0,34,26,33
8614,4,50,62,84,35
8615,3,0,10,14,9
8616,2,1,30,6,11
8617,0,3,13,11,10
8618,17,25,30,11,13
8619,0,0,57,26,18
8620,29,2,10,9,5
8621,2,10,0,0,0
8622,7,0,33,23,13
8623,21,39,3,15,16
8624,0,2,12,8,6
8625,0,0,5,18,4
8626,19,0,18,14,15
8627,6,14,9,4,5
8628,26,31,20,6,15
8629,179,42,160,193,252
8630,2,2,2,5,7
8631,5,13,8,3,6
8632,7,10,3,9,6
8633,2,0,3,1,0
8634,1,0,0,0,0
8635,1,2,1,0,0
8636,2,0,5,14,12
8637,32,22,151,195,225
8638,10,0,11,16,16
8639,5,0,3,8,9
8640,4,1,0,1,1
8641,2,6,26,8,5
8642,80,208,488,689,624
8643,172,371,167,223,189
8644,2,148,339,312,308
8645,4,6,35,23,16
8646,25,10,598,458,268
8647,5,56,140,61,34
8648,5,48,59,95,120
8649,202,490,399,241,229
8650,20,31,11,14,17
8651,13,1,0,0,1
8652,5,4,1,0,2
8653,82,7,68,197,253
8654,1,10,12,98,66
8655,18,70,9,21,20
8656,5,12,0,0,0
8657,9,6,8,19,18
8658,0,0,6,4,2
8659,1,0,5,5,6
8660,0,0,1,1,1
8661,6,3,2,14,18
8662,1252,138,164,81,113
8663,0,0,2,6,5
8664,52,29,3,0,0
8665,0,0,0,0,0
8666,23,0,1,13,3
8667,4,0,0,2,3
8668,3,0,0,0,0
8669,0,0,5,0,2
8670,1,12,1,1,2
8671,0,5,28,7,8
8672,34,6,1,3,3
8673,11,16,0,0,0
8674,2,14,12,3,6
8675,1,8,5,0,0
8676,2,6,18,6,16
8677,23,2,52,82,105
8678,1,3,1,1,1
8679,167,112,78,38,30
8680,27,144,42,71,65
8681,1,1,3,6,7
8682,17,29,37,19,32
8683,45,0,25,14,18
8684,0,16,49,89,105
8685,3,5,4,1,1
8686,4,2,35,42,45
8687,52,101,11,26,34
8688,626,130,178,341,440
8689,21,27,10,14,28
8690,13,37,8,6,7
8691,0,0,13,10,8
8692,0,0,35,28,25
8693,38,21,15,14,15
8694,114,42,3,6,4
8695,0,1,0,0,0
8696,19,45,31,32,47
8697,153,13,0,0,1
8698,9,26,321,278,143
8699,4,19,6,2,2
8700,9,95,29,15,18
8701,13,50,27,45,49
8702,4,35,457,463,449
8703,9,2,0,0,0
8704,48,1,33,24,22
8705,1,27,6,12,10
8706,24,1,5,5,4
8707,39,7,32,79,69
8708,10,188,1,0,0
8709,76,9,41,74,82
8710,200,712,311,204,199
8711,0,6,12,8,6
8712,327,89,226,320,317
8713,69,79,95,140,202
8714,9,0,0,0,0
8715,4,0,0,5,2
8716,172,531,261,249,289
8717,45,3,38,48,59
8718,46,55,36,24,29
8719,36,3,2,1,2
8720,0,1,0,0,1
8721,0,2,23,15,15
8722,174,30,15,84,69
8723,14,0,37,47,64
8724,12,61,36,65,69
8725,1,1,42,38,30
8726,1,0,2,1,1
8727,4,7,0,0,0
8728,0,0,6,4,3
8729,9,4,1,1,2
8730,3,0,8,16,12
8731,1,3,20,55,70
8732,10,2,6,8,5
8733,3,1,8,10,6
8734,0,0,0,0,0
8735,2,17,57,16,10
8736,25,65,33,32,43
8737,80,44,23,34,32
8738,3,25,4,7,3
8739,4,0,1,0,0
8740,5,107,254,343,442
8741,3,8,0,0,0
8742,25,2,26,21,19
8743,10,2,6,10,11
8744,0,5,16,12,16
8745,1,1,3,6,4
8746,30,14,3,9,14
8747,1,1,5,13,14
8748,3,189,8,2,6
8749,2,2,13,22,17
8750,0,7,113,212,163
8751,44,62,249,44,35
8752,0,0,1,0,3
8753,1,0,4,1,1
8754,2,0,0,0,1
8755,0,13,10,12,10
8756,53,171,84,65,68
8757,39,52,14,2,5
8758,4,1,5,0,0
8759,0,0,12,9,6
8760,0,5,15,18,18
8761,0,0,0,0,0
8762,0,1,0,1,1
8763,0,1,0,6,5
8764,0,0,62,24,13
8765,19,28,130,74,73
8766,20,3,95,108,119
8767,14,8,117,161,140
8768,48,59,19,53,58
8769,55,0,18,27,28
8770,43,1,6,7,6
8771,3,73,10,17,22
8772,2,0,18,13,13
8773,0,0,6,3,3
8774,0,33,19,30,33
8775,32,0,43,99,100
8776,0,31,10,15,11
8777,37,149,6,9,7
8778,2,7,0,2,5
8779,0,3,2,3,1
8780,150,20,4,3,4
8781,199,76,382,426,225
8782,23,27,21,24,24
8783,0,0,0,0,0
8784,0,0,0,0,0
8785,0,1,0,0,0
8786,0,3,101,69,87
8787,3,27,48,40,47
8788,0,1,10,4,3
8789,0,1,15,13,16
8790,0,0,4,1,3
8791,3,1,8,23,19
8792,0,14,20,43,28
8793,25,4,4,1,0
8794,0,14,101,66,95
8795,7,6,1,0,0
8796,38,0,12,24,24
8797,194,24,46,11,29
8798,31,60,65,135,117
8799,13,22,29,17,14
8800,1,23,19,24,41
8801,9,8,2,1,1
8802,0,5,6,3,2
8803,1,14,1,1,1
8804,6,25,3,6,6
8805,3,9,33,23,17
8806,14,3,31,38,35
8807,1,79,31,4,4
8808,31,19,8,10,4
8809,0,2,2,1,2
8810,50,9,8,0,0
8811,3,11,1,8,11
8812,2,3,2,1,1
8813,4,18,7,32,35
8814,0,0,15,12,13
8815,10,88,30,21,21
8816,562,412,26,24,24
8817,28,3,65,171,190
8818,66,527,83,54,43
8819,0,2,19,8,9
8820,2,0,0,0,0
8821,1,2,2,0,0
8822,1,81,3,7,3
8823,2,2,5,1,5
8824,24,40,68,58,48
8825,0,0,2,5,5
8826,40,8,13,34,21
8827,0,0,2,1,1
8828,2,0,13,7,9
8829,6,5,1,1,1
8830,0,4,2,5,8
8831,24,15,72,72,73
8832,0,61,97,101,92
8833,11,24,64,91,94
8834,0,7,21,3,5
8835,1,1,5,9,12
8836,0,47,87,68,37
8837,3,8,6,5,5
8838,13,0,1,2,2
8839,2,2,5,5,4
8840,0,1,0,1,2
8841,0,3,0,0,0
8842,0,0,20,15,14
8843,0,13,0,0,0
8844,25,16,0,0,0
8845,1,87,29,106,77
8846,5,579,234,156,192
8847,1,332,502,494,463
8848,98,387,391,441,497
8849,10,15,32,41,56
8850,20,5,137,124,183
8851,19,34,81,20,14
8852,0,0,8,30,16
8853,0,0,0,0,0
8854,0,0,0,0,0
8855,71,124,610,249,235
8856,10,7,1,5,3
8857,0,0,3,1,1
8858,1,56,26,37,31
8859,4,3,13,31,38
8860,0,0,24,15,14
8861,22,76,41,34,27
8862,10,110,58,47,72
8863,5,53,10,20,25
8864,13,4,2,4,5
8865,2,2,9,17,21
8866,1,8,0,1,3
8867,7,42,59,22,23
8868,59,2,2,17,13
8869,133,40,57,66,62
8870,3,0,0,1,2
8871,11,0,0,0,0
8872,5,0,0,0,0
8873,0,19,22,38,34
8874,0,3,3,10,9
8875,0,3,0,0,0
8876,12,1,15,13,18
8877,58,102,183,136,102
8878,3,0,37,31,37
8879,85,66,280,226,234
8880,19,3,82,42,39
8881,22,64,60,79,62
8882,1,5,0,0,0
8883,6,1,18,69,58
8884,165,350,26,21,15
8885,17,3,48,8,4
8886,44,30,22,75,81
8887,5,411,290,258,196
8888,0,15,13,6,7
8889,7,17,37,62,61
8890,0,4,0,0,0
8891,0,48,190,313,290
8892,4,3,1,2,1
8893,30,7,2,1,1
8894,14,1,3,29,16
8895,1,0,25,31,27
8896,23,0,2,2,3
8897,1,6,13,21,16
8898,0,2,16,16,9
8899,9,186,240,374,559
8900,62,29,2,10,10
8901,15,10,109,70,54
8902,0,2,8,14,10
8903,38,1,10,0,0
8904,5,5,6,0,0
8905,0,0,0,0,0
8906,0,10,1,22,29
8907,1,7,15,35,69
8908,4,10,10,47,54
8909,17,182,16,39,47
8910,24,56,218,299,255
8911,90,0,1,1,1
8912,0,0,0,0,0
8913,0,6,8,3,8
8914,1,0,1,1,1
8915,10,44,331,369,304
8916,314,199,47,18,53
8917,329,240,559,578,508
8918,376,543,58,107,96
8919,30,490,58,399,428
8920,0,6,126,120,109
8921,36,4,14,9,8
8922,0,17,43,48,37
8923,467,150,94,95,84
8924,19,7,3,82,100
8925,111,1117,352,401,339
8926,60,881,947,1154,1403
8927,0,0,0,3,2
8928,1,38,201,171,188
8929,279,1104,792,917,853
8930,5,26,108,173,229
8931,25,19,14,68,50
8932,61,3,79,11,6
8933,10,251,175,678,523
8934,82,62,42,129,151
8935,0,2,16,26,20
8936,279,23,123,177,194
8937,13,86,6,10,9
8938,0,0,34,100,67
8939,48,131,19,28,29
8940,1,29,1,17,16
8941,2,327,40,33,26
8942,2,224,135,75,111
8943,737,137,721,940,780
8944,66,138,145,175,213
8945,8,1,1,2,2
8946,1,7,70,97,25
8947,223,24,60,161,158
8948,337,144,89,57,69
8949,14,1,34,17,21
8950,95,85,13,17,12
8951,3,2,2,3,4
8952,609,1779,2036,3416,3261
8953,0,1,50,10,18
8954,157,9,402,168,126
8955,1,2,5,12,15
8956,1,5,295,149,194
8957,5,5,1,0,0
8958,18,0,91,78,70
8959,472,578,1045,795,808
8960,105,620,177,591,552
8961,30,1701,418,677,686
8962,0,1,12,21,15
8963,400,27,2,2,2
8964,6,7,14,9,14
8965,40,9,6,34,13
8966,92,504,338,599,662
8967,27,22,10,9,12
8968,1,132,2,1,1
8969,0,1,0,0,0
8970,7,7,96,87,38
8971,14,88,121,101,99
8972,384,233,181,142,246
8973,12,105,75,86,88
8974,1,6,9,13,16
8975,44,214,93,52,48
8976,41,72,133,96,109
8977,4,3,11,12,14
8978,2,2,0,7,7
8979,19,48,138,158,168
8980,54,5,141,191,163
8981,17,26,5,8,14
8982,2,20,4,13,10
8983,131,153,56,45,49
8984,20,51,38,1,2
8985,22,50,27,88,78
8986,1777,1054,978,1137,1084
8987,0,0,11,27,25
8988,62,63,49,93,112
8989,58,52,216,65,42
8990,0,0,0,0,0
8991,77,0,14,5,5
8992,843,258,12,64,49
8993,35,33,136,64,60
8994,11,8,23,42,51
8995,36,6,14,8,9
8996,26,348,198,274,222
8997,1,20,7,2,3
8998,441,240,318,415,337
8999,62,95,9,19,20
9000,53,32,94,64,58
9001,43,2,2,33,35
9002,0,0,2,19,25
9003,114,27,36,63,57
9004,7,2,24,18,21
9005,1,0,0,0,0
9006,40,105,101,387,303
9007,197,15,15,45,44
9008,46,114,307,633,660
9009,23,4,90,85,115
9010,24,11,22,41,30
9011,4,40,4,18,18
9012,36,28,0,0,0
9013,2,0,10,20,16
9014,36,86,27,123,99
9015,0,25,3,5,0
9016,24,85,42,17,28
9017,168,2131,69,67,93
9018,374,36,9,3,5
9019,5,7,67,19,13
9020,32,107,52,78,80
9021,37,125,29,24,24
9022,32,82,4,6,2
9023,24,40,60,77,68
9024,5,0,0,0,0
9025,18,11,71,117,160
9026,84,5,1,0,0
9027,0,466,116,203,192
9028,0,0,9,15,7
9029,32,6,69,34,29
9030,113,15,46,118,84
9031,93,46,24,25,15
9032,1547,69,339,416,378
9033,217,466,285,290,409
9034,51,38,7,5,8
9035,935,123,1959,1729,1579
9036,0,4,15,22,17
9037,79,28,1,1,1
9038,14,0,72,69,58
9039,6,306,1,3,4
9040,17,9,14,28,32
9041,86,238,78,27,23
9042,171,8,3,2,8
9043,44,54,48,116,122
9044,17,13,21,21,24
9045,3,5,0,2,0
9046,0,1,0,0,0
9047,2,15,42,26,28
9048,23,0,9,3,3
9049,169,58,378,442,351
9050,507,116,99,216,161
9051,182,73,300,291,228
9052,1,0,3,1,0
9053,180,25,62,46,31
9054,24,16,5,10,27
9055,56,0,4,22,34
9056,195,68,209,91,131
9057,2,2,17,11,12
9058,226,175,12,27,28
9059,2,0,1,0,1
9060,29,0,153,125,169
9061,40,539,285,195,207
9062,20,64,49,52,46
9063,10,29,198,267,217
9064,2,3,20,19,31
9065,158,38,10,6,7
9066,2,1,0,0,0
9067,49,245,155,261,360
9068,3,137,62,58,65
9069,2,0,6,2,2
9070,2010,1302,1418,1611,1186
9071,2,103,142,71,66
9072,1,6,8,0,0
9073,1,17,3,23,19
9074,388,82,1061,1251,1282
9075,48,150,127,83,52
9076,5,0,0,1,1
9077,0,3,24,19,18
9078,16,25,53,81,37
9079,140,50,72,32,34
9080,30,13,2,12,5
9081,1,1,70,78,110
9082,368,536,163,212,172
9083,9,18,6,19,17
9084,176,11,33,13,25
9085,24,36,16,27,27
9086,22,40,55,176,172
9087,2169,1304,1801,1083,1175
9088,182,71,41,86,100
9089,9,1,7,9,7
9090,2,7,3,1,1
9091,11,41,11,3,4
9092,319,78,14,22,19
9093,27,32,267,333,226
9094,0,0,24,6,12
9095,0,0,2,2,1
9096,394,231,109,96,55
9097,27,23,120,189,171
9098,1,8,24,4,3
9099,1,60,402,589,601
9100,39,52,3,0,2
9101,16,14,8,59,49
9102,12,0,2,3,2
9103,265,69,34,63,63
9104,21,98,437,1259,1284
9105,43,77,79,34,36
9106,86,131,88,80,107
9107,0,1,1,3,3
9108,2,0,1,0,1
9109,49,7,63,83,150
9110,48,14,18,16,16
9111,11,97,24,21,19
9112,11,47,97,90,94
9113,6,0,5,9,6
9114,5,139,332,358,261
9115,42,19,6,3,7
9116,64,6,21,18,21
9117,0,0,0,0,0
9118,2224,566,646,588,701
9119,194,17,28,28,29
9120,1,67,86,31,30
9121,20,72,118,237,262
9122,23,196,5,9,8
9123,5,1,1,0,1
9124,35,0,15,12,11
9125,21,3,7,7,7
9126,366,67,52,29,23
9127,96,26,9,14,17
9128,179,419,241,426,419
9129,0,3,10,4,2
9130,2,0,11,49,76
9131,9,3,64,60,79
9132,20,10,8,29,19
9133,14,283,158,114,108
9134,1,6,1,1,2
9135,44,5,13,25,23
9136,190,32,13,26,33
9137,58,10,142,169,172
9138,0,1,0,0,0
9139,126,90,254,234,287
9140,0,0,3,1,1
9141,14,14,93,76,82
9142,0,3,0,0,0
9143,165,5,91,71,54
9144,6,1,12,12,12
9145,79,340,269,208,313
9146,0,0,0,0,0
9147,10,113,31,68,59
9148,186,4,42,87,81
9149,300,119,173,143,135
9150,2,2,41,27,28
9151,5,97,6,8,9
9152,15,71,622,388,669
9153,75,139,1678,914,797
9154,46,463,170,128,256
9155,10,3,2,1,1
9156,13,31,33,125,110
9157,0,31,15,7,10
9158,15,62,124,110,97
9159,136,0,8,3,2
9160,59,6,74,120,97
9161,25,151,63,42,73
9162,910,51,11,11,10
9163,0,0,0,1,1
9164,0,51,24,15,31
9165,204,18,30,21,17
9166,0,76,197,304,267
9167,66,397,92,73,91
9168,2,202,34,30,24
9169,0,0,0,0,0
9170,41,391,115,171,166
9171,606,43,216,25,37
9172,121,89,18,56,38
9173,5,13,1,6,1
9174,47,28,3,3,2
9175,35,56,115,71,62
9176,7,258,57,13,19
9177,121,36,167,293,244
9178,18,3,3,9,9
9179,1,23,0,10,13
9180,100,239,900,1987,1683
9181,21,74,531,601,611
9182,1,54,24,7,7
9183,554,178,38,31,38
9184,14,0,2038,2123,2012
9185,3,9,11,15,26
9186,372,19,19,60,50
9187,52,58,560,452,443
9188,44,21,227,117,110
9189,0,1,10,2,2
9190,140,264,405,214,250
9191,425,700,165,279,346
9192,58,37,20,15,20
9193,94,21,1,3,5
9194,5,20,112,317,325
9195,15,15,4,5,9
9196,726,838,935,758,579
9197,0,0,1,0,0
9198,205,273,83,86,99
9199,9,7,0,0,0
9200,21,70,195,205,165
9201,1430,547,1015,855,705
9202,122,142,272,138,68
9203,284,22,8,21,33
9204,227,103,8,5,7
9205,74,130,250,102,110
9206,5,41,90,95,79
9207,0,2,18,44,63
9208,2,18,17,64,105
9209,67,16,13,3,2
9210,2,3,49,40,33
9211,0,0,0,0,0
9212,217,67,0,11,12
9213,0,0,11,1,2
9214,16,179,44,35,35
9215,16,37,49,31,30
9216,0,11,0,1,1
9217,0,0,30,21,24
9218,2,18,18,2,8
9219,0,2,0,0,0
9220,2742,866,399,231,290
9221,52,114,281,231,192
9222,6,60,497,339,325
9223,4,102,47,28,37
9224,144,115,33,51,70
9225,98,313,1223,1049,1112
9226,45,2,13,10,7
9227,27,1,32,40,51
9228,4,1,11,0,0
9229,0,0,3,3,3
9230,7,14,16,4,6
9231,2,11,39,33,34
9232,1,19,28,36,35
9233,6,4,11,14,10
9234,0,0,19,27,38
9235,146,9,1,3,3
9236,6,13,35,1,1
9237,0,0,0,0,0
9238,0,0,0,0,0
9239,53,17,43,62,62
9240,21,150,15,4,6
9241,42,1,20,13,13
9242,0,0,0,0,0
9243,21,57,471,506,540
9244,5,4,116,193,198
9245,0,2,1,1,1
9246,131,206,22,36,40
9247,0,0,1,0,0
9248,0,5,117,72,101
9249,56,3,131,207,244
9250,22,12,76,67,73
9251,15,26,11,6,6
9252,35,7,2,4,3
9253,3,39,3,6,16
9254,45,36,13,18,18
9255,5,171,57,49,40
9256,1785,2240,758,1009,1049
9257,25,5,6,5,4
9258,23,5,0,0,0
9259,44,15,102,121,132
9260,8,21,4,7,9
9261,90,24,8,3,1
9262,25,13,0,1,0
9263,12,20,0,0,0
9264,23,28,1,3,6
9265,0,17,7,10,13
9266,1,31,162,140,153
9267,47,63,283,161,121
9268,6,7,46,16,19
9269,28,0,4,16,12
9270,0,39,13,22,23
9271,27,302,5,35,34
9272,57,1005,235,171,119
9273,47,369,388,221,296
9274,10,2,33,29,19
9275,0,0,0,0,0
9276,472,5,36,32,59
9277,26,165,9,14,10
9278,137,218,31,25,24
9279,314,229,263,209,179
9280,3,0,0,0,0
9281,20,20,62,8,6
9282,0,70,2,7,7
9283,86,57,6,7,7
9284,29,275,71,55,71
9285,25,9,57,42,38
9286,3,119,13,12,15
9287,34,11,37,32,44
9288,15,17,104,46,67
9289,129,38,58,66,92
9290,45,13,1,0,0
9291,19,23,64,50,37
9292,193,5,190,113,103
9293,5,20,8,2,2
9294,11,23,2,23,9
9295,235,171,74,138,151
9296,0,1,1,0,0
9297,413,121,278,245,237
9298,26,95,63,23,21
9299,2,0,149,68,87
9300,170,72,114,192,160
9301,49,1035,819,1644,2197
9302,130,6,90,79,54
9303,72,472,181,217,203
9304,74,17,56,45,43
9305,165,177,73,83,73
9306,120,30,20,43,44
9307,0,8,0,0,0
9308,54,426,39,20,16
9309,5,28,120,28,21
9310,29,17,74,87,81
9311,150,1261,2721,2947,2600
9312,85,583,644,316,415
9313,206,4,20,31,37
9314,1,13,8,6,11
9315,31,1,1,1,1
9316,5,38,132,50,79
9317,9,0,10,25,12
9318,116,239,1452,1619,1491
9319,2,4,9,10,13
9320,12,0,6,16,5
9321,23,3,28,14,10
9322,37,30,20,35,34
9323,57,38,74,58,63
9324,11,1,3,4,5
9325,104,810,976,554,532
9326,62,1,5,3,1
9327,6,0,1,0,0
9328,7,97,153,106,128
9329,1080,197,1861,1724,1793
9330,10,298,49,16,13
9331,87,43,745,638,546
9332,115,187,2,1,3
9333,43,35,45,36,57
9334,196,150,549,453,370
9335,36,7,5,7,9
9336,79,22,127,47,77
9337,2,4,39,11,11
9338,434,65,41,86,51
9339,43,218,71,83,106
9340,39,16,80,90,41
9341,53,59,78,115,93
9342,5,18,1,13,11
9343,1274,771,61,90,62
9344,16,22,13,11,13
9345,1,4,4,13,3
9346,239,244,281,357,287
9347,10,7,14,21,22
9348,8,13,9,7,16
9349,0,0,0,0,0
9350,9,21,21,4,6
9351,13,53,48,73,57
9352,3,56,30,19,10
9353,19,5,15,14,15
9354,1,0,19,64,78
9355,0,2,11,23,26
9356,20,7,5,4,5
9357,3,50,69,52,66
9358,11,0,4,0,1
9359,42,47,76,67,33
9360,5,15,47,37,23
9361,5,1,0,0,0
9362,0,1,18,48,59
9363,46,0,102,27,34
9364,3,8,37,93,78
9365,61,56,74,79,114
9366,8,1,4,5,6
9367,16,1,7,0,0
9368,1,16,488,292,319
9369,0,0,0,0,0
9370,39,16,20,41,35
9371,3,3,0,1,0
9372,0,6,11,8,6
9373,2,17,42,94,90
9374,12,60,77,64,64
9375,27,30,154,199,134
9376,70,20,11,37,53
9377,134,8,33,40,32
9378,27,17,14,5,5
9379,0,3,0,0,1
9380,1247,1007,114,163,187
9381,1541,1838,3870,3549,3564
9382,174,55,55,45,37
9383,67,187,123,73,58
9384,2,21,59,45,31
9385,170,94,309,407,430
9386,0,3,4,4,10
9387,125,181,412,568,513
9388,0,14,21,20,15
9389,12,4,35,36,39
9390,222,728,492,632,770
9391,60,170,12,18,17
9392,1055,217,362,267,228
9393,12,50,17,73,79
9394,8,18,5,7,10
9395,10,20,67,58,57
9396,0,24,64,31,40
9397,10,12,22,36,37
9398,29,143,1,6,7
9399,57,5,29,40,47
9400,25,26,9,10,10
9401,1,0,0,1,3
9402,42,0,48,58,46
9403,3,3,10,50,44
9404,44,3,253,320,360
9405,2,0,8,2,8
9406,1,75,51,81,117
9407,16,17,15,17,16
9408,34,166,251,186,160
9409,15,6,0,1,0
9410,3,0,0,9,6
9411,2,0,20,7,7
9412,0,0,0,0,0
9413,0,2,7,0,1
9414,24,1,19,33,42
9415,103,1,224,150,93
9416,0,0,0,0,0
9417,6,0,0,0,0
9418,0,1,2,1,2
9419,4,12,15,9,10
9420,280,388,846,874,756
9421,314,91,117,378,473
9422,2,3,0,0,0
9423,362,250,250,135,90
9424,156,99,49,48,59
9425,13,41,21,18,20
9426,25,7,0,7,6
9427,53,40,16,48,40
9428,308,148,79,35,59
9429,10,0,6,5,6
9430,15,32,13,4,4
9431,22,147,9,14,17
9432,188,171,24,18,17
9433,0,0,3,6,7
9434,0,13,3,2,2
9435,0,3,207,197,130
9436,94,252,807,610,678
9437,6,7,22,1,2
9438,98,44,54,72,118
9439,113,391,36,40,25
9440,121,30,149,209,212
9441,0,1,1,1,1
9442,5,19,189,138,162
9443,157,315,42,73,60
9444,11,5,2,3,3
9445,571,2582,695,1011,896
9446,3,43,7,2,0
9447,0,69,218,465,464
9448,0,1,8,7,13
9449,24,2,6,13,11
9450,55,18,61,58,51
9451,3,35,91,148,126
9452,159,90,254,284,288
9453,3,25,398,388,304
9454,31,31,116,61,103
9455,14,20,284,519,449
9456,2,71,7,13,6
9457,34,757,512,495,439
9458,0,5,20,44,52
9459,993,188,273,210,200
9460,412,283,5,37,38
9461,100,3,2,3,1
9462,29,127,34,110,290
9463,4,11,9,17,30
9464,3,2,0,0,0
9465,54,1,24,23,23
9466,73,3,19,49,40
9467,15,1,1,0,0
9468,0,9,0,1,1
9469,73,14,71,116,152
9470,41,79,19,6,11
9471,6,244,36,50,51
9472,2854,157,2977,2592,2552
9473,12,42,87,85,94
9474,24,0,21,11,9
9475,5,17,1,3,6
9476,4,9,5,8,14
9477,26,15,28,68,77
9478,0,9,0,2,0
9479,34,11,26,40,27
9480,3,12,4,10,13
9481,269,952,109,57,51
9482,10,12,155,64,49
9483,9,22,8,1,4
9484,9,1,1,5,5
9485,3485,1579,446,1416,1132
9486,1,1,0,0,0
9487,40,36,18,8,6
9488,162,1,67,77,107
9489,0,1,8,1,1
9490,76,138,88,157,103
9491,32,15,12,15,17
9492,14,170,26,14,16
9493,1033,144,1643,1300,1489
9494,23,7,10,13,15
9495,8,47,68,80,95
9496,17,5,24,30,22
9497,244,19,4,0,0
9498,1,3,31,37,32
9499,5,1,0,0,0
9500,5,35,12,25,33
9501,0,1,3,1,1
9502,1,0,2,3,3
9503,4,28,75,66,140
9504,1,4,15,5,4
9505,19,0,25,41,36
9506,0,5,14,17,20
9507,11,4,59,68,139
9508,44,13,9,3,2
9509,29,113,12,28,22
9510,332,51,462,413,385
9511,0,2,15,13,11
9512,34,1013,18,84,116
9513,17,19,34,32,40
9514,2,17,2,5,5
9515,55,3,12,28,29
9516,2,0,3,3,3
9517,19,22,44,59,53
9518,0,6,1,2,0
9519,0,1,49,11,10
9520,5,6,18,5,9
9521,364,258,923,1248,755
9522,27,147,102,74,118
9523,21,31,21,4,4
9524,416,142,125,62,38
9525,2,3,3,11,2
9526,22,15,124,99,99
9527,190,286,75,85,58
9528,45,91,9,7,7
9529,23,2,5,9,11
9530,110,103,31,48,54
9531,0,0,1,1,1
9532,1,14,14,33,26
9533,75,40,55,171,197
9534,107,28,26,239,308
9535,29,248,83,48,29
9536,2,0,0,0,0
9537,6,11,8,2,3
9538,132,356,48,123,112
9539,10,13,9,9,10
9540,24,222,208,38,67
9541,52,24,29,5,7
9542,2,17,116,78,94
9543,3,125,56,109,118
9544,754,115,71,120,168
9545,3,5,24,24,23
9546,60,12,8,25,30
9547,118,137,64,64,45
9548,562,220,660,692,588
9549,22,30,182,232,268
9550,5,5,16,19,23
9551,29,24,32,25,21
9552,4,5,1,1,1
9553,0,2,0,0,0
9554,73,14,45,32,34
9555,19,3,10,60,26
9556,16,151,782,854,694
9557,0,136,90,28,13
9558,1,1,2,6,6
9559,30,3,395,266,225
9560,1,27,11,3,6
9561,203,678,288,200,168
9562,0,3,5,0,0
9563,19,6,0,0,0
9564,82,1,4,3,3
9565,71,644,4,0,0
9566,63,386,69,115,121
9567,41,66,51,100,140
9568,4,203,113,177,268
9569,35,10,16,105,86
9570,1,53,5,2,2
9571,8,6,3,6,6
9572,286,1120,2524,1968,2258
9573,181,510,692,520,513
9574,124,537,1059,602,620
9575,112,12,12,14,15
9576,15,13,24,3,4
9577,43,331,39,69,44
9578,1,14,81,135,122
9579,1,0,1,4,4
9580,33,0,2,4,4
9581,14,10,152,198,145
9582,0,0,1,2,1
9583,55,160,502,358,424
9584,29,20,21,22,19
9585,0,35,61,50,58
9586,10,246,162,84,104
9587,0,1,0,0,0
9588,461,197,170,93,76
9589,5,137,86,101,62
9590,33,195,137,156,163
9591,0,14,46,96,80
9592,1,3,7,6,3
9593,1,32,23,20,36
9594,0,0,2,3,2
9595,1,0,1,1,2
9596,140,5,47,14,10
9597,161,33,20,40,22
9598,8,5,1,16,28
9599,0,0,3,13,13
9600,0,4,8,10,8
9601,43,29,239,130,136
9602,2,8,2,0,0
9603,35,2,184,239,176
9604,9,87,21,3,1
9605,6,49,16,26,32
9606,201,180,228,246,244
9607,0,41,57,71,68
9608,5,8,18,26,32
9609,9,32,217,267,208
9610,23,58,106,346,251
9611,2,30,4,10,4
9612,9,129,400,92,112
9613,8,224,0,0,0
9614,31,13,90,110,137
9615,90,1,11,18,24
9616,28,247,182,275,289
9617,13,25,160,42,26
9618,0,2,11,17,23
9619,16,0,44,23,9
9620,1,0,0,0,0
9621,5,2,2,2,2
9622,66,144,245,251,239
9623,1,117,42,40,44
9624,2,1,71,16,11
9625,194,95,26,139,100
9626,1,7,62,43,22
9627,154,122,118,158,224
9628,146,7,12,11,17
9629,265,196,276,286,297
9630,2,16,17,39,50
9631,1,9,9,6,12
9632,6,2,387,558,363
9633,2,0,1,1,0
9634,0,0,387,292,125
9635,31,65,12,11,9
9636,31,16,5,5,4
9637,38,249,119,182,212
9638,163,46,14,27,31
9639,8,0,6,0,0
9640,26,54,40,84,80
9641,2,33,202,8,12
9642,16,47,39,44,40
9643,1,8,63,57,69
9644,61,291,40,49,54
9645,37,24,107,212,240
9646,313,176,387,213,216
9647,0,0,15,10,10
9648,47,6,47,25,30
9649,14,14,0,1,2
9650,7,9,9,2,6
9651,1,92,2,3,6
9652,23,2,0,2,2
9653,42,38,12,3,4
9654,9,9,60,129,128
9655,0,7,15,2,1
9656,0,25,193,55,66
9657,0,360,9,12,14
9658,56,105,221,391,266
9659,38,5,6,4,15
9660,1112,1063,7,17,20
9661,3940,1073,484,443,762
9662,1,0,2,5,4
9663,0,0,0,1,1
9664,4,1,43,100,84
9665,0,3,0,12,16
9666,122,964,1062,747,724
9667,11,1,4,4,3
9668,322,548,39,62,31
9669,2,6,0,0,0
9670,8,4,32,7,4
9671,138,159,16,22,22
9672,207,180,137,83,100
9673,80,117,221,352,351
9674,91,24,0,1,1
9675,1736,459,595,405,396
9676,424,288,115,198,255
9677,72,4,35,28,32
9678,0,1,0,0,0
9679,1,0,0,0,1
9680,0,0,3,1,0
9681,6,0,2,3,5
9682,2,12,71,61,60
9683,718,115,26,89,90
9684,25,9,0,1,2
9685,120,52,7,0,0
9686,969,146,719,277,426
9687,6,0,22,8,10
9688,3,37,0,3,0
9689,39,11,0,4,4
9690,0,0,0,1,0
9691,175,69,61,123,96
9692,1,1,1,5,5
9693,0,0,9,8,10
9694,0,0,0,0,0
9695,32,3,243,224,207
9696,93,3,23,40,42
9697,0,0,16,8,7
9698,1,4,34,9,13
9699,3,4,2,5,3
9700,0,4,11,18,20
9701,0,2,1,1,1
9702,5,7,26,37,42
9703,341,199,307,188,248
9704,37,1,1,3,3
9705,87,10,2,13,13
9706,9,7,305,246,221
9707,1,97,4,16,10
9708,625,559,488,474,403
9709,1,3,2,0,0
9710,802,16,18,12,10
9711,2,13,14,26,25
9712,104,25,62,41,37
9713,0,0,0,0,0
9714,0,47,23,37,37
9715,22,13,134,174,145
9716,24,15,58,88,44
9717,2,3,2,0,0
9718,144,30,55,203,159
9719,26,36,104,58,56
9720,99,113,6,2,1
9721,0,0,1,0,0
9722,29,110,210,162,261
9723,47,73,26,20,18
9724,26,0,5,49,44
9725,96,1413,2414,1754,1743
9726,77,33,248,236,257
9727,331,11,20,4,3
9728,8,34,22,57,46
9729,14,0,1,1,2
9730,18,1,8,4,3
9731,16,49,44,76,97
9732,37,80,66,59,52
9733,21,12,83,296,311
9734,47,11,24,25,36
9735,46,6,9,4,11
9736,36,159,376,359,300
9737,52,9,4,2,1
9738,585,798,2652,1874,1930
9739,7,19,16,23,15
9740,72,865,158,53,68
9741,2,69,44,130,120
9742,0,0,1,5,9
9743,21,113,104,89,94
9744,516,325,13,54,45
9745,6,4,22,47,65
9746,87,23,367,185,210
9747,8,4,48,6,10
9748,5,0,2,8,5
9749,2,0,3,20,13
9750,86,298,150,106,102
9751,10,111,116,108,99
9752,0,25,17,9,11
9753,98,235,55,156,95
9754,297,186,150,107,149
9755,10,18,135,138,154
9756,147,995,1022,1141,1140
9757,46,26,490,324,457
9758,923,752,388,255,313
9759,20,11,9,112,81
9760,31,6,12,8,13
9761,23,30,1,0,0
9762,55,33,72,21,21
9763,733,138,534,241,210
9764,10,520,212,54,102
9765,128,25,131,51,40
9766,10,2,0,0,0
9767,0,27,46,27,21
9768,168,97,46,47,44
9769,33,174,298,164,171
9770,217,88,78,53,56
9771,20,9,4,2,3
9772,34,64,0,0,0
9773,0,81,16,24,28
9774,139,55,31,27,26
9775,31,601,284,276,310
9776,5,236,145,82,134
9777,1,111,57,16,13
9778,4,115,3,5,13
9779,26,58,7,50,25
9780,2,2,25,1,0
9781,9,14,18,85,70
9782,33,163,93,55,53
9783,161,8,75,75,81
9784,0,0,7,7,18
9785,2,13,11,7,8
9786,17,65,9,9,7
9787,0,0,4,1,2
9788,147,78,127,109,144
9789,5,0,0,0,0
9790,264,424,1600,734,498
9791,286,149,65,55,82
9792,0,0,0,0,0
9793,262,261,61,86,106
9794,1,0,2,5,4
9795,2,2,8,3,2
9796,11,180,2,17,9
9797,4,11,2,3,3
9798,78,72,330,339,449
9799,102,2,414,75,108
9800,0,9,6,1,1
9801,50,16,9,25,22
9802,20,647,109,44,109
9803,93,121,161,162,203
9804,42,6,118,164,172
9805,0,0,0,0,0
9806,0,24,52,56,39
9807,459,166,118,98,117
9808,21,21,3,1,1
9809,179,140,86,223,299
9810,301,260,7,4,4
9811,1,6,10,13,11
9812,89,172,13,51,11
9813,55,386,35,32,29
9814,2,0,0,0,0
9815,7,0,4,13,11
9816,20,0,0,0,0
9817,0,2,54,46,31
9818,11,0,101,65,91
9819,79,25,57,47,33
9820,32,16,1,0,1
9821,3,35,12,6,5
9822,5,0,0,4,3
9823,100,792,875,2662,3012
9824,12,35,96,55,38
9825,6,0,25,14,20
9826,2,6,27,14,13
9827,3,19,17,32,36
9828,471,351,439,506,436
9829,4,2,61,194,180
9830,8,0,79,173,177
9831,550,169,103,159,94
9832,9,214,2171,1975,2421
9833,0,5,1,2,2
9834,7,1,2,8,12
9835,8,21,32,125,103
9836,38,204,43,20,23
9837,25,59,120,103,90
9838,1,7,0,0,0
9839,0,0,3,0,0
9840,89,184,82,148,132
9841,17,3,15,40,25
9842,32,43,46,21,18
9843,745,491,2061,1977,2128
9844,9,2,14,9,11
9845,9,32,113,103,79
9846,176,51,16,36,27
9847,1,7,3,2,1
9848,15,94,105,229,216
9849,5,0,30,12,9
9850,29,246,202,214,195
9851,276,353,1263,1663,1791
9852,374,3469,562,472,319
9853,2,12,45,28,35
9854,18,9,3,47,25
9855,4,29,9,9,5
9856,13,17,217,434,395
9857,303,30,22,5,25
9858,913,10,102,111,113
9859,56,76,396,456,387
9860,13,7,8,40,47
9861,1,22,26,33,39
9862,21,52,257,297,319
9863,0,2,3,1,2
9864,42,17,83,32,33
9865,471,1616,372,239,169
9866,24,163,432,428,639
9867,2,3,1,0,0
9868,1219,729,397,891,937
9869,2,13,424,294,277
9870,1,43,5,4,3
9871,7,125,129,156,223
9872,234,253,12,75,45
9873,1,0,3,2,1
9874,90,17,24,49,52
9875,84,245,525,347,295
9876,0,13,0,0,0
9877,0,2,1,1,1
9878,3,6,1,2,2
9879,209,1320,93,102,162
9880,7,0,32,31,41
9881,3,18,104,198,198
9882,0,1,0,0,0
9883,1,45,32,39,67
9884,15,1,26,25,21
9885,34,25,427,270,380
9886,199,328,390,385,370
9887,7,21,5,5,8
9888,0,0,0,0,1
9889,0,5,12,2,5
9890,1923,52,32,118,100
9891,83,151,43,74,50
9892,78,426,71,53,75
9893,130,631,521,355,369
9894,0,3,0,0,0
9895,103,454,1204,622,548
9896,13,27,0,0,0
9897,7,59,28,124,122
9898,50,13,186,84,105
9899,6,39,6,9,10
9900,56,1124,174,205,249
9901,0,0,0,0,0
9902,0,0,4,12,8
9903,13,143,5,5,5
9904,25,51,48,51,48
9905,0,1,1,0,0
9906,2,100,20,10,12
9907,0,24,69,104,133
9908,26,2,0,0,0
9909,51,281,40,4,10
9910,8,11,10,1,4
9911,0,0,1,1,2
9912,62,22,0,1,0
9913,0,3,4,6,4
9914,3,18,18,32,17
9915,3,0,0,0,0
9916,149,194,157,302,277
9917,53,420,62,62,106
9918,24,19,46,114,116
9919,5,19,182,130,157
9920,1,7,37,32,34
9921,0,17,3,15,20
9922,127,2,25,14,14
9923,0,23,23,32,21
9924,1247,483,135,124,111
9925,3,1,46,45,32
9926,75,43,7,14,14
9927,100,348,257,134,221
9928,171,372,1555,1709,1707
9929,49,81,0,6,3
9930,104,269,432,459,385
9931,0,12,3,9,11
9932,14,4,16,6,7
9933,9,14,67,40,40
9934,58,114,1,2,2
9935,29,49,183,157,106
9936,9,3,18,22,31
9937,0,18,70,60,52
9938,243,240,41,65,54
9939,44,4,94,119,111
9940,184,369,143,153,179
9941,478,353,16,7,4
9942,7,99,9,4,4
9943,62,34,361,237,287
9944,29,6,7,4,3
9945,41,5,163,103,98
9946,5,3,8,2,2
9947,23,65,277,153,137
9948,0,75,21,22,25
9949,16,516,271,86,116
9950,86,96,89,102,85
9951,25,57,47,136,68
9952,5,67,12,3,2
9953,14,0,30,25,69
9954,1,1,70,214,196
9955,23,29,10,4,7
9956,1,9,2,4,3
9957,614,389,2329,1346,1333
9958,4,7,92,78,70
9959,9,93,70,88,60
9960,28,49,125,32,52
9961,18,4,25,10,31
9962,2,498,369,94,114
9963,63,16,29,19,16
9964,420,277,198,268,240
9965,0,3,173,144,168
9966,409,59,429,286,302
9967,2,2,2,1,3
9968,65,185,125,147,141
9969,185,70,18,49,49
9970,3,4,9,6,5
9971,582,240,209,318,363
9972,10,120,46,10,10
9973,6,1,1,0,0
9974,0,27,74,29,17
9975,2,15,80,90,114
9976,240,49,11,10,17
9977,100,13,127,163,108
9978,16,110,57,212,159
9979,7,58,39,203,170
9980,51,1,33,45,69
9981,0,4,4,1,1
9982,13,15,22,25,27
9983,24,42,113,88,89
9984,33,26,54,10,47
9985,25,133,44,24,20
9986,6,10,11,41,37
9987,1,7,3,1,2
9988,5,43,23,12,13
9989,41,0,13,32,23
9990,14,101,103,207,116
9991,93,473,493,501,539
9992,818,428,120,225,235
9993,0,9,6,6,8
9994,44,4,206,241,224
9995,527,13,93,147,209
9996,362,98,17,24,13
9997,4,12,13,12,11
9998,27,5,274,211,159
9999,8,2,10,138,133
10000,22,50,25,136,112
10001,420,547,563,201,341
10002,504,415,470,447,375
10003,31,7,77,78,44
10004,442,71,25,26,28
10005,0,1,2,4,3
10006,3,0,16,7,11
10007,249,38,134,79,92
10008,68,3,9,11,10
10009,32,45,199,87,67
10010,130,1416,546,798,760
10011,19,264,341,389,412
10012,11,149,13,35,30
10013,2,3,9,15,5
10014,0,5,1,5,4
10015,383,145,40,53,78
10016,102,1115,895,2073,1993
10017,0,1,1,0,3
10018,53,67,51,31,23
10019,50,8,56,46,25
10020,13,8,2,0,0
10021,236,241,120,7,11
10022,80,73,65,38,27
10023,56,110,185,233,190
10024,4,3,0,4,2
10025,10,0,25,60,99
10026,0,0,12,10,23
10027,93,196,671,594,771
10028,10,12,7,17,18
10029,169,34,6,7,5
10030,0,8,53,70,96
10031,75,20,93,71,50
10032,19,24,18,14,10
10033,429,536,190,38,38
10034,1060,822,848,1070,891
10035,7,1,6,0,0
10036,2006,246,364,539,448
10037,201,566,102,69,73
10038,4,4,15,19,7
10039,9,0,0,0,0
10040,322,6,75,169,152
10041,25,26,5,4,2
10042,239,196,1188,768,1095
10043,12,5,10,16,11
10044,6,37,0,0,0
10045,1,5,29,57,36
10046,5,18,8,9,10
10047,11,7,3,4,1
10048,75,80,6,36,15
10049,1888,4,1263,633,610
10050,1,13,1,1,3
10051,38,1,29,6,4
10052,3,3,15,18,16
10053,1595,633,104,67,36
10054,11,66,894,575,676
10055,248,29,41,59,60
10056,44,98,459,298,289
10057,0,25,72,45,41
10058,2,0,1,2,2
10059,0,0,2,0,0
10060,65,50,31,78,65
10061,2,2,96,12,20
10062,30,223,53,59,48
10063,29,18,5,9,11
10064,89,79,132,141,170
10065,315,142,1165,1363,1112
10066,22,334,159,399,181
10067,0,7,52,23,10
10068,5,4,10,13,19
10069,40,0,35,118,86
10070,59,13,255,233,168
10071,7,20,21,16,18
10072,0,0,6,5,4
10073,0,33,1,0,0
10074,3,6,6,14,15
10075,3,1,1,2,0
10076,47,241,15,19,9
10077,2,29,13,17,22
10078,195,209,71,126,106
10079,2,1,13,10,14
10080,5,48,44,79,105
10081,6,5,6,19,13
10082,75,143,606,668,653
10083,0,6,4,6,6
10084,43,128,110,175,167
10085,39,12,27,15,24
10086,65,3,171,623,490
10087,5,19,53,90,108
10088,15,112,0,5,9
10089,0,0,19,27,19
10090,0,171,27,13,15
10091,479,1552,741,870,880
10092,8,7,5,37,35
10093,13,30,4,1,0
10094,14,9,64,53,58
10095,2,19,39,81,87
10096,59,5,31,27,28
10097,9,12,32,30,31
10098,33,506,503,231,214
10099,33,77,54,92,113
10100,173,350,144,179,209
10101,3,2,104,94,135
10102,13,24,43,108,108
10103,1,3,124,361,375
10104,81,304,100,89,94
10105,36,157,12,23,25
10106,42,1,2,1,0
10107,7,0,8,8,7
10108,1,0,11,47,69
10109,315,520,610,866,850
10110,6,7,19,24,24
10111,2,0,0,0,0
10112,444,407,210,288,277
10113,2,9,1,0,0
10114,6,21,13,7,7
10115,3,1,28,139,146
10116,0,12,54,53,29
10117,25,27,28,23,18
10118,3,7,14,18,7
10119,36,139,103,55,58
10120,10,8,15,4,6
10121,12,4,36,59,82
10122,260,149,164,275,267
10123,246,319,252,245,295
10124,0,4,0,0,0
10125,221,236,207,204,211
10126,57,297,375,232,278
10127,25,24,12,8,7
10128,151,90,176,205,253
10129,8,138,168,98,87
10130,7,15,0,9,9
10131,7,5,7,13,11
10132,14,8,27,46,43
10133,0,60,5,2,2
10134,271,51,16,16,16
10135,459,237,50,43,30
10136,20,2,21,101,81
10137,1,4,2,3,4
10138,28,9,136,93,77
10139,5,5,73,58,52
10140,41,19,110,161,135
10141,76,6,20,39,26
10142,83,9,85,111,76
10143,12,142,96,470,439
10144,1,0,13,24,19
10145,129,52,4,6,5
10146,10,71,88,191,131
10147,3,1,391,595,484
10148,9,371,146,239,156
10149,145,140,504,444,511
10150,7,37,98,44,55
10151,779,3700,134,88,54
10152,62,104,223,216,225
10153,12,238,123,153,194
10154,4,10,14,6,4
10155,5,8,3,0,0
10156,0,15,19,42,59
10157,12,124,36,55,43
10158,24,5,4,9,7
10159,64,1612,1198,189,236
10160,30,3,68,40,47
10161,0,0,0,0,0
10162,236,348,397,441,553
10163,202,63,5,4,2
10164,0,1,0,22,2
10165,3,2,15,7,9
10166,120,147,46,114,101
10167,10,25,1,3,2
10168,15,13,35,50,28
10169,2,0,118,219,245
10170,40,129,65,52,67
10171,11,1,26,26,11
10172,118,10,171,148,145
10173,5,5,11,0,0
10174,3,42,9,13,9
10175,14,1,34,25,21
10176,28,72,36,12,15
10177,99,95,165,186,177
10178,115,140,191,206,226
10179,1,10,140,226,202
10180,10,4,0,0,0
10181,9,47,81,50,45
10182,104,4,4,1,1
10183,0,0,2,2,5
10184,0,0,11,12,16
10185,50,92,59,57,60
10186,599,12,124,10,19
10187,4,1,0,0,0
10188,60,15,46,56,62
10189,190,153,58,6,8
10190,108,14,14,120,76
10191,0,0,10,30,30
10192,2,10,8,10,10
10193,7,8,49,51,52
10194,0,1,0,0,0
10195,10,10,510,481,316
10196,4,6,0,0,0
10197,11,3,16,8,7
10198,0,15,0,0,0
10199,289,282,83,65,38
10200,821,10,326,209,146
10201,57,146,0,2,1
10202,90,45,60,63,96
10203,179,87,41,49,52
10204,0,2,2,0,0
10205,28,3,37,53,47
10206,8,11,6,7,7
10207,100,53,96,60,62
10208,4,3,132,169,182
10209,32,8,6,24,41
10210,159,9,239,227,229
10211,4,4,0,1,1
10212,112,208,221,325,348
10213,2761,1213,464,518,548
10214,2,1,2,3,0
10215,41,78,3,17,13
10216,0,26,14,32,33
10217,38,88,40,56,41
10218,257,1912,1386,1325,1438
10219,4,119,149,65,122
10220,202,272,11,15,14
10221,1983,1935,902,588,840
10222,24,80,46,25,40
10223,152,69,18,23,12
10224,3,5,69,88,37
10225,4,3,7,13,9
10226,33,36,4,8,9
10227,0,48,253,149,226
10228,127,1,9,2,2
10229,13,19,34,13,7
10230,0,6,44,15,15
10231,3,1,5,14,15
10232,31,21,45,55,101
10233,42,0,41,47,51
10234,3,13,34,18,13
10235,5,2,8,7,9
10236,0,0,11,17,16
10237,1,36,34,27,19
10238,2,0,14,8,14
10239,6,17,76,53,44
10240,64,66,72,126,97
10241,14,1,17,8,9
10242,88,39,29,37,60
10243,1375,1394,728,904,900
10244,25,541,6,75,49
10245,46,122,299,178,250
10246,0,0,301,445,146
10247,11,14,13,27,18
10248,5,44,1,0,0
10249,21,14,118,144,132
10250,16,270,94,87,80
10251,22,31,76,57,38
10252,2,0,0,0,0
10253,10,3,0,5,6
10254,298,258,9,8,6
10255,0,1,8,6,7
10256,49,32,41,11,12
10257,3,0,0,2,2
10258,119,35,54,178,156
10259,209,44,19,22,15
10260,15,6,6,12,27
10261,12,190,12,23,21
10262,562,1431,244,333,312
10263,30,4,18,42,57
10264,207,6,120,93,68
10265,5,0,199,181,208
10266,56,200,6,15,20
10267,46,432,410,326,385
10268,24,90,506,535,392
10269,65,53,18,26,10
10270,8,10,5,7,5
10271,40,10,9,3,5
10272,255,63,39,27,18
10273,0,13,9,12,10
10274,614,608,1,128,169
10275,50,2,8,2,2
10276,27,41,39,23,26
10277,2,1,3,1,1
10278,234,186,9,10,13
10279,22,2,272,241,247
10280,0,2,4,3,0
10281,262,33,72,50,44
10282,9,27,40,80,45
10283,153,708,5,15,18
10284,14,64,24,18,20
10285,11,0,0,4,3
10286,185,100,82,38,32
10287,20,11,63,83,59
10288,0,1,3,1,0
10289,1,23,77,0,0
10290,223,141,266,242,190
10291,0,12,48,172,234
10292,1,3,35,179,155
10293,5,44,21,111,136
10294,0,0,0,2,3
10295,6,44,2,3,1
10296,0,2,0,0,0
10297,170,32,0,1,1
10298,0,0,2,3,3
10299,24,7,189,147,138
10300,2,11,1411,1630,1381
10301,0,1,59,19,20
10302,24,8,79,40,18
10303,66,128,11,8,8
10304,118,112,258,400,403
10305,1,18,7,7,6
10306,1,67,0,0,0
10307,66,169,454,488,430
10308,296,163,58,47,75
10309,0,2,0,0,0
10310,686,825,1140,1373,1478
10311,3,0,0,0,0
10312,317,115,112,176,194
10313,0,4,3,4,6
10314,168,34,28,72,51
10315,221,57,148,141,89
10316,0,0,0,1,3
10317,50,82,1,1,1
10318,67,336,275,178,161
10319,174,152,139,83,152
10320,0,2,7,7,4
10321,15,18,9,18,17
10322,186,615,288,300,189
10323,46,504,46,39,41
10324,253,1106,448,388,402
10325,1,3,0,0,0
10326,18,22,89,88,76
10327,11,16,12,34,49
10328,563,74,223,77,121
10329,0,26,2,2,1
10330,161,612,122,352,246
10331,54,68,17,14,17
10332,208,620,375,142,110
10333,153,81,277,638,474
10334,41,4,289,590,506
10335,277,287,4,6,3
10336,576,429,2242,2324,2289
10337,423,134,185,119,54
10338,6,9,39,12,15
10339,0,150,34,42,45
10340,89,66,7,3,4
10341,106,33,11,19,18
10342,14,25,80,205,73
10343,1,0,0,0,0
10344,1,8,67,33,20
10345,5,44,47,49,41
10346,1195,32,20,6,5
10347,29,42,65,34,48
10348,16,81,157,139,86
10349,0,0,1,0,0
10350,386,30,169,109,111
10351,1,3,0,0,0
10352,42,66,9,13,7
10353,53,106,132,130,86
10354,42,139,1,1,1
10355,708,234,42,33,26
10356,58,61,44,103,174
10357,118,13,24,20,26
10358,4,1021,151,287,322
10359,1,1,0,0,0
10360,7,7,16,44,15
10361,0,0,28,15,19
10362,0,0,1,1,2
10363,18,27,97,80,69
10364,0,119,45,71,32
10365,557,98,1221,1134,1142
10366,23,23,13,22,15
10367,494,62,58,88,92
10368,30,35,5,6,4
10369,29,1,6,13,6
10370,4,13,36,5,20
10371,35,46,253,94,77
10372,0,5,8,7,8
10373,643,379,973,895,1037
10374,1,5,5,24,21
10375,0,22,10,9,12
10376,161,95,170,170,134
10377,8,27,20,47,37
10378,0,1,0,0,0
10379,5,87,25,32,46
10380,42,2,1,3,0
10381,111,93,2,2,2
10382,0,0,0,0,0
10383,12,89,17,2,1
10384,55,89,9,29,30
10385,9,3,10,0,0
10386,13,3,99,144,156
10387,0,155,11,13,8
10388,0,2,5,31,33
10389,4,15,51,57,79
10390,4,19,23,22,26
10391,0,1,103,38,26
10392,7,16,3,3,2
10393,0,0,0,0,0
10394,8,0,0,1,4
10395,77,17,0,0,0
10396,34,113,61,39,30
10397,20,3,3,2,2
10398,48,58,15,45,41
10399,3,0,16,38,50
10400,13,8,28,15,5
10401,1,11,3,0,0
10402,20,60,56,42,49
10403,0,0,32,36,24
10404,15,9,427,455,407
10405,139,418,1298,918,833
10406,46,34,15,8,7
10407,10,1,0,0,0
10408,157,143,170,301,420
10409,28,26,0,0,0
10410,1,6,2,3,3
10411,4,134,156,57,79
10412,25,0,3,2,3
10413,2,1,1,2,2
10414,5,8,36,27,27
10415,1,8,5,14,12
10416,0,0,6,0,0
10417,0,7,5,8,7
10418,10,6,23,86,64
10419,16,87,37,181,194
10420,0,0,0,0,0
10421,1,18,14,54,45
10422,21,2,5,3,2
10423,301,2,115,215,208
10424,1,0,8,15,14
10425,12,93,125,52,74
10426,80,139,237,122,148
10427,0,1,0,0,0
10428,4,6,27,23,28
10429,200,209,164,218,189
10430,22,43,20,31,27
10431,0,0,2,6,4
10432,132,426,35,39,38
10433,14,37,19,16,15
10434,4,6,4,9,8
10435,0,30,449,485,464
10436,22,6,33,29,27
10437,1001,38,22,19,21
10438,51,17,5,12,11
10439,174,12,20,13,17
10440,28,0,50,155,111
10441,18,290,56,28,35
10442,82,140,36,57,69
10443,5,0,28,19,18
10444,0,2,0,0,0
10445,0,3,1,4,5
10446,1,0,4,10,10
10447,5,0,16,5,5
10448,68,42,24,11,8
10449,39,0,1,4,5
10450,278,20,357,300,258
10451,53,239,25,23,18
10452,5,155,137,137,115
10453,103,22,114,34,32
10454,38,4,0,14,19
10455,0,4,1,7,4
10456,1,1,4,8,9
10457,1,74,37,16,27
10458,192,10,148,219,247
10459,626,219,70,47,37
10460,3271,54,7,5,5
10461,5,62,30,54,40
10462,1,0,0,0,1
10463,67,70,45,0,2
10464,0,5,11,16,18
10465,0,181,94,102,87
10466,70,344,354,258,452
10467,323,557,5,0,0
10468,24,3,11,24,20
10469,0,106,39,45,50
10470,4,5,35,30,24
10471,3,22,6,0,1
10472,29,0,7,7,9
10473,36,75,103,32,59
10474,9,56,20,27,2
10475,25,0,13,25,26
10476,131,96,169,177,189
10477,58,25,20,37,39
10478,0,26,26,59,23
10479,2570,75,2036,1870,2303
10480,51,48,145,195,132
10481,13,380,234,384,386
10482,1,0,1,0,0
10483,121,101,48,137,164
10484,1,2,1,0,3
10485,2,4,1,6,10
10486,4,88,1,19,13
10487,70,3,16,8,7
10488,45,0,12,0,1
10489,268,994,178,253,274
10490,9,42,14,8,9
10491,15,25,3,4,3
10492,702,603,1250,1600,1489
10493,2,42,19,3,2
10494,5,1,9,6,7
10495,0,1,3,6,9
10496,17,5,13,5,3
10497,7,10,1,0,0
10498,1,0,0,0,0
10499,1,0,1,0,0
10500,0,0,1,3,3
10501,0,3,5,1,2
10502,0,161,189,10,18
10503,38,89,26,28,20
10504,51,138,266,340,282
10505,13,278,261,450,340
10506,90,44,41,8,13
10507,37,449,68,62,64
10508,709,77,23,27,15
10509,0,1,172,125,147
10510,54,58,2,30,34
10511,1,60,15,2,1
10512,28,23,193,100,139
10513,4,39,4,7,12
10514,0,14,4,3,3
10515,84,58,13,4,3
10516,249,94,15,10,4
10517,3,36,9,15,6
10518,6,20,10,9,9
10519,8,1,6,10,6
10520,3,4,8,8,6
10521,52,228,64,45,44
10522,31,201,109,149,163
10523,14,2,16,19,18
10524,3,15,18,3,5
10525,12,55,212,135,134
10526,0,8,0,0,0
10527,0,14,24,30,31
10528,1748,29,96,134,154
10529,12,29,114,78,72
10530,53,2,150,83,140
10531,80,2,16,24,30
10532,2,231,143,129,184
10533,77,234,130,303,141
10534,2,18,5,14,16
10535,6,114,636,513,596
10536,29,7,25,31,28
10537,44,13,0,0,0
10538,21,19,13,41,47
10539,55,86,162,198,212
10540,1,5,0,0,0
10541,79,38,213,161,171
10542,263,12,23,41,25
10543,228,8,221,237,238
10544,146,29,100,98,70
10545,0,2,1,1,0
10546,0,5,4,8,10
10547,11,13,21,20,24
10548,8,6,14,13,13
10549,6,5,26,6,10
10550,10,0,0,0,0
10551,24,13,8,7,3
10552,28,150,121,112,121
10553,0,3,28,22,14
10554,1,28,55,89,80
10555,0,3,17,14,10
10556,12,54,316,560,561
10557,119,245,136,100,117
10558,27,41,3,3,6
10559,35,49,12,139,138
10560,27,1,0,0,1
10561,11,41,8,5,3
10562,0,0,0,0,0
10563,14,0,487,271,228
10564,0,1,7,11,13
10565,112,5441,999,667,693
10566,0,10,2,1,1
10567,8,7,0,0,0
10568,7,3,13,18,13
10569,1161,940,505,375,394
10570,19,41,178,15,18
10571,17,11,154,70,68
10572,147,54,96,85,140
10573,165,14,28,66,28
10574,0,60,4,25,20
10575,54,25,5,2,1
10576,24,26,13,9,8
10577,133,107,71,64,55
10578,4,25,9,5,8
10579,1,0,4,0,0
10580,3,36,13,2,6
10581,45,38,10,4,3
10582,176,12,25,25,30
10583,0,0,0,0,0
10584,33,52,150,194,233
10585,1417,972,647,876,750
10586,328,853,207,831,781
10587,186,0,17,8,7
10588,4,550,140,381,312
10589,69,27,1,2,1
10590,997,959,119,127,102
10591,56,568,1,1,3
10592,26,134,129,66,103
10593,2,2,74,56,40
10594,0,20,35,11,14
10595,11,2,179,161,173
10596,0,6,175,237,195
10597,149,61,10,14,11
10598,1,3,32,22,22
10599,5,22,112,78,70
10600,77,171,1,47,61
10601,0,0,0,0,0
10602,10,4,2,2,2
10603,0,12,7,9,5
10604,49,28,21,53,36
10605,52,46,89,73,52
10606,26,49,15,2,4
10607,0,2,23,9,7
10608,8,8,2,26,14
10609,44,3,187,89,185
10610,53,13,4,10,11
10611,0,0,1,2,1
10612,253,262,22,211,238
10613,24,291,212,317,323
10614,831,17,556,150,101
10615,29,25,954,1147,956
10616,0,0,0,0,0
10617,4,2,128,137,137
10618,20,51,3,8,3
10619,0,0,13,27,16
10620,0,18,82,145,119
10621,56,200,20,3,6
10622,0,2,5,7,2
10623,15,6,4,10,7
10624,0,3,0,7,6
10625,216,241,167,66,86
10626,6,18,21,21,14
10627,482,18,9,50,26
10628,2,23,63,27,17
10629,0,0,1,1,1
10630,0,19,10,24,25
10631,40,6,38,18,24
10632,9,175,4,9,7
10633,0,1,1,4,3
10634,88,48,607,538,623
10635,1,0,1,1,0
10636,1,0,6,4,4
10637,0,42,84,27,44
10638,4679,737,825,1182,1048
10639,3,1,1,2,3
10640,0,2,43,90,69
10641,98,499,131,88,100
10642,3,14,72,67,54
10643,15,50,123,183,189
10644,15,14,100,37,47
10645,51,221,10,25,40
10646,298,33,49,112,93
10647,1,0,269,322,362
10648,1,7,10,14,16
10649,19,494,1,6,6
10650,0,2,6,17,13
10651,22,16,19,24,13
10652,0,14,23,9,13
10653,321,91,59,27,28
10654,1909,176,707,776,833
10655,25,239,348,212,226
10656,0,0,0,0,0
10657,173,391,228,241,240
10658,14,7,9,15,19
10659,4,51,6,7,7
10660,0,0,0,0,0
10661,516,278,724,428,553
10662,5,2,0,1,0
10663,511,343,134,171,143
10664,14,42,242,214,205
10665,28,5,144,123,141
10666,0,4,189,67,54
10667,26,33,29,10,4
10668,0,1,2,0,0
10669,68,2,15,26,26
10670,11,49,110,103,163
10671,22,101,42,48,38
10672,0,0,0,0,0
10673,6,0,9,3,1
10674,181,171,632,940,879
10675,14,9,27,44,57
10676,66,1,20,22,26
10677,37,1,0,0,0
10678,0,0,1,0,0
10679,5,58,9,11,10
10680,14,17,48,14,9
10681,79,9,354,71,67
10682,362,86,5,13,8
10683,11,5,7,4,3
10684,8,2,1,1,1
10685,341,57,69,32,37
10686,46,188,4,39,19
10687,13,1,0,0,0
10688,178,363,10,5,5
10689,1,2,3,6,5
10690,21,2,1,0,0
10691,9,189,118,278,223
10692,0,3,0,0,0
10693,26,299,90,64,51
10694,1892,609,1095,1103,1708
10695,171,6,17,54,61
10696,131,112,231,209,335
10697,5,0,2,6,5
10698,13,8,1,0,0
10699,4,2,12,6,9
10700,92,34,11,26,31
10701,0,19,8,11,6
10702,52,37,9,12,12
10703,13,0,87,85,75
10704,236,66,528,280,222
10705,56,106,19,74,40
10706,143,12,45,30,25
10707,4108,2234,2470,2339,2675
10708,2,7,5,4,7
10709,109,8,29,10,11
10710,6,1,0,0,0
10711,16,17,72,102,107
10712,3,13,2,17,6
10713,17,3,9,3,8
10714,0,3,141,258,348
10715,171,596,255,119,103
10716,8,6,18,13,12
10717,77,84,10,11,10
10718,15,74,181,303,343
10719,389,31,292,296,276
10720,0,6,171,233,191
10721,5,13,155,486,340
10722,30,38,106,63,61
10723,1,2,24,66,63
10724,12,72,9,6,6
10725,6,17,15,1,5
10726,0,0,11,26,21
10727,80,434,630,598,443
10728,23,26,112,62,63
10729,1,0,350,346,181
10730,126,89,152,149,99
10731,14,34,2,1,3
10732,76,73,75,75,71
10733,10,188,20,105,104
10734,6,32,1208,787,795
10735,2,0,0,0,1
10736,2,24,4,10,9
10737,28,103,160,22,43
10738,155,35,28,46,58
10739,15,6,0,1,1
10740,20,2,9,6,7
10741,0,0,0,0,0
10742,7,127,197,111,56
10743,32,11,48,132,74
10744,345,354,19,61,49
10745,1,2,0,0,0
10746,0,0,1,1,1
10747,24,50,252,282,297
10748,0,5,0,1,2
10749,51,104,3,2,3
10750,71,545,2459,2074,2311
10751,0,0,0,0,0
10752,13,1,226,98,83
10753,62,792,429,1846,1729
10754,6,18,12,7,13
10755,44,99,48,105,75
10756,6,5,59,12,26
10757,71,49,94,81,65
10758,127,5,18,20,15
10759,5,30,2,0,0
10760,33,9,56,98,80
10761,52,40,224,224,172
10762,0,1,12,3,0
10763,110,36,3,5,3
10764,0,11,2,0,0
10765,35,1,19,29,20
10766,1,29,143,100,107
10767,3173,147,142,625,457
10768,681,242,308,308,292
10769,67,0,26,17,13
10770,119,1,292,407,297
10771,4,1,1,0,0
10772,0,2,211,324,289
10773,3,14,47,79,58
10774,2,8,3,2,2
10775,13,4,148,267,273
10776,9,34,57,50,56
10777,40,24,114,75,102
10778,64,16,186,63,48
10779,0,364,8,8,10
10780,10,0,2,3,3
10781,155,57,382,174,207
10782,2,5,0,0,0
10783,50,3,6,5,4
10784,0,1,2,2,2
10785,79,53,191,180,138
10786,17,25,0,0,0
10787,4,0,115,84,76
10788,222,0,1,0,0
10789,9,132,30,35,29
10790,74,18,45,92,146
10791,5,1,0,0,0
10792,2,16,3,3,5
10793,39,67,71,88,95
10794,1,0,13,21,18
10795,39,4,2,1,2
10796,0,17,106,162,161
10797,0,4,18,19,12
10798,12,90,17,97,92
10799,8,18,265,194,248
10800,2,5,4,12,15
10801,4,94,44,11,15
10802,0,27,21,43,51
10803,248,284,662,180,183
10804,48,0,2,10,11
10805,1473,1337,109,106,154
10806,16,36,17,9,9
10807,26,1,13,15,14
10808,84,14,4,9,5
10809,0,3,0,0,0
10810,32,0,14,6,7
10811,368,53,94,166,186
10812,25,0,54,127,67
10813,7,1,41,110,88
10814,0,0,7,31,18
10815,69,18,13,23,23
10816,41,0,50,97,54
10817,0,0,1,0,0
10818,40,39,244,322,386
10819,409,33,13,14,17
10820,231,55,2,53,23
10821,260,13,111,82,73
10822,9,10,79,87,40
10823,26,11,163,198,163
10824,4,65,37,45,32
10825,2,4,0,0,0
10826,47,21,30,10,19
10827,0,12,20,21,30
10828,500,187,222,161,162
10829,1,31,6,10,9
10830,401,4,93,144,185
10831,60,158,96,24,33
10832,2,11,40,8,9
10833,289,1218,167,168,67
10834,68,4,132,36,19
10835,0,0,0,0,0
10836,28,62,41,144,90
10837,500,1454,128,65,44
10838,35,50,30,16,15
10839,5,0,3,2,0
10840,15,17,23,12,9
10841,0,10,4,8,8
10842,97,502,221,192,212
10843,18,13,30,48,24
10844,43,15,2,4,4
10845,0,0,5,4,1
10846,8,27,30,38,19
10847,67,42,4,14,13
10848,11,67,18,29,34
10849,5,4,18,22,15
10850,486,83,457,308,412
10851,218,28,10,45,53
10852,43,91,60,44,66
10853,29,26,8,124,134
10854,1,22,42,49,39
10855,94,4,14,16,17
10856,3,0,0,3,2
10857,0,1,17,10,11
10858,658,7,69,37,41
10859,616,119,246,539,544
10860,1,15,2,2,4
10861,2,0,0,0,0
10862,3,32,74,42,44
10863,10,36,8,17,15
10864,1362,430,862,933,908
10865,31,18,65,55,68
10866,4,3,10,22,19
10867,11,7,69,89,94
10868,4,20,29,32,31
10869,335,45,70,357,370
10870,13,2,64,46,47
10871,11,0,0,0,0
10872,25,7,27,39,28
10873,92,106,695,401,294
10874,354,60,1,14,11
10875,9,7,12,6,5
10876,0,13,23,30,14
10877,133,353,35,2,32
10878,4,1,4,10,11
10879,3,68,153,17,19
10880,73,110,36,27,34
10881,2,62,45,68,74
10882,31,79,83,59,71
10883,13,36,0,0,0
10884,27,24,2,22,18
10885,97,39,36,28,37
10886,0,11,103,30,33
10887,11,32,3,14,19
10888,30,36,3,25,28
10889,7,7,0,0,0
10890,4,12,16,12,9
10891,13,28,2,2,5
10892,1,6,2,1,2
10893,25,53,219,84,57
10894,0,10,16,21,36
10895,508,204,514,489,511
10896,240,301,607,504,527
10897,1,3,1,0,0
10898,2,0,3,0,0
10899,25,1,1,0,3
10900,124,428,1020,1115,1409
10901,90,46,48,23,26
10902,0,136,12,10,14
10903,40,4,72,13,16
10904,78,152,125,142,151
10905,6,17,8,18,19
10906,47,103,32,118,116
10907,18,3,34,26,23
10908,13,173,43,23,16
10909,2,7,63,70,88
10910,23,24,3,3,3
10911,522,316,239,155,136
10912,7,25,14,4,7
10913,28,120,248,283,374
10914,4,5,25,34,38
10915,1,7,11,41,37
10916,0,0,40,21,60
10917,53,3,251,318,301
10918,13,26,0,0,0
10919,621,1119,2675,1191,1309
10920,290,249,502,304,435
10921,23,21,8,14,15
10922,4,1,69,75,52
10923,2654,742,1865,1962,2454
10924,0,0,1,0,0
10925,759,699,499,376,302
10926,0,9,8,20,17
10927,2,268,105,93,63
10928,5,1,2,6,6
10929,4,0,122,160,92
10930,82,97,99,83,114
10931,95,10,13,10,24
10932,24,8,66,96,113
10933,48,59,13,42,49
10934,3,1,80,51,40
10935,36,15,234,170,116
10936,312,359,185,595,1063
10937,1,0,54,47,31
10938,46,20,83,138,214
10939,9,26,36,60,56
10940,0,0,1,0,0
10941,2,34,20,67,54
10942,11,56,39,74,68
10943,17,0,3,3,3
10944,4,31,11,43,34
10945,61,2,5,10,9
10946,13,9,3,4,10
10947,5,0,737,173,360
10948,284,160,95,81,79
10949,3,18,4,6,7
10950,60,30,20,37,26
10951,0,13,5,1,2
10952,4,18,23,19,27
10953,4,2,36,99,129
10954,301,32,98,62,77
10955,481,276,18,101,93
10956,129,72,131,79,57
10957,72,123,80,208,145
10958,61,197,6,14,14
10959,415,116,339,455,364
10960,101,53,37,62,46
10961,73,101,56,18,36
10962,11,14,0,0,0
10963,16,7,114,77,89
10964,19,20,30,19,19
10965,6,48,62,150,128
10966,2,24,3,6,5
10967,123,48,14,6,15
10968,906,224,64,91,175
10969,35,0,7,20,21
10970,0,1,1,0,0
10971,3,0,2,4,2
10972,144,44,571,385,529
10973,26,9,17,48,19
10974,17,0,4,7,8
10975,23,0,6,6,5
10976,0,3,5,13,6
10977,18,26,99,196,168
10978,15,8,8,5,6
10979,14,6,31,26,26
10980,1,29,107,219,190
10981,99,114,325,282,270
10982,1,0,42,122,112
10983,186,791,383,118,93
10984,0,0,0,0,0
10985,4,1,69,33,28
10986,0,14,8,15,16
10987,24,235,26,5,7
10988,2,72,63,47,68
10989,3,23,0,0,0
10990,0,1,1,0,0
10991,32,41,297,275,262
10992,19,13,0,3,5
10993,14,19,9,2,5
10994,191,304,141,114,107
10995,76,131,139,138,132
10996,6,1,1,0,0
10997,65,5,8,0,0
10998,16,17,5,3,3
10999,128,64,8,30,22
11000,1,1,11,14,18
11001,14,21,24,55,52
11002,92,421,113,78,76
11003,46,55,48,9,19
11004,1,12,14,29,33
11005,463,182,1047,1204,1007
11006,5,130,59,32,42
11007,0,3,0,2,2
11008,12,9,7,29,28
11009,410,241,56,10,16
11010,7,0,0,0,0
11011,30,0,42,10,12
11012,27,309,60,72,74
11013,21,13,53,75,87
11014,5,25,11,18,14
11015,367,56,223,1011,734
11016,0,13,2,3,2
11017,3,9,0,0,0
11018,3,11,11,6,10
11019,6,332,22,81,112
11020,36,25,7,22,13
11021,20,10,3,1,1
11022,168,13,16,21,28
11023,0,0,0,3,1
11024,1,27,67,40,49
11025,28,70,16,63,46
11026,6,151,642,467,416
11027,1693,907,664,1252,1118
11028,11,218,100,227,253
11029,5,0,1,1,1
11030,35,3,2,0,0
11031,252,327,85,37,36
11032,0,0,0,0,0
11033,0,0,4,0,0
11034,7,2,4,10,12
11035,0,1,3,2,3
11036,8,14,15,22,20
11037,15,14,58,34,31
11038,12,3,1,8,7
11039,0,2,0,0,0
11040,14,95,12,9,23
11041,95,215,101,127,96
11042,221,518,706,609,612
11043,7,95,297,374,383
11044,2,8,1,0,0
11045,30,23,24,12,16
11046,941,467,541,926,668
11047,8,2,24,23,18
11048,0,0,0,0,0
11049,0,37,21,67,55
11050,54,142,56,106,108
11051,905,14,11,2,2
11052,3,1,31,15,14
11053,10,5,11,23,21
11054,87,24,6,25,27
11055,26,13,193,100,90
11056,164,56,129,120,132
11057,0,24,8,11,5
11058,56,27,5,7,15
11059,1468,1613,397,557,660
11060,299,18,0,8,5
11061,0,6,13,8,5
11062,0,1,10,8,6
11063,0,11,130,93,114
11064,102,52,43,41,34
11065,67,126,6,6,9
11066,19,91,66,96,109
11067,644,760,236,327,294
11068,7,2,177,60,38
11069,236,4,42,46,50
11070,9,71,1121,1925,1915
11071,4,0,1,0,1
11072,41,308,1940,1225,1155
11073,205,63,399,284,250
11074,10,62,65,23,14
11075,415,39,52,14,5
11076,29,39,81,61,73
11077,9,12,3,7,5
11078,181,176,8,2,2
11079,15,38,2,0,0
11080,0,0,80,25,25
11081,399,18,437,595,605
11082,2,10,21,12,11
11083,13,222,22,46,58
11084,3,0,2,2,1
11085,1,3,14,5,6
11086,3,2,1,0,0
11087,16,2,58,23,20
11088,22,4,30,54,39
11089,7,41,16,68,65
11090,787,733,2400,519,434
11091,0,1,0,0,0
11092,0,0,0,0,0
11093,59,220,331,508,603
11094,145,333,9,41,38
11095,21,9,10,10,6
11096,1,55,6,14,8
11097,8,105,1,7,5
11098,183,282,443,240,226
11099,8,70,4,1,0
11100,33,167,189,119,116
11101,117,12,10,2,3
11102,51,23,74,156,159
11103,1,41,0,1,1
11104,315,267,102,311,326
11105,1656,774,372,280,245
11106,1,109,15,1,0
11107,1168,21,600,373,427
11108,397,25,355,265,238
11109,26,416,53,22,28
11110,0,0,15,15,4
11111,0,1,5,10,4
11112,21,28,11,7,9
11113,126,100,13,38,50
11114,1268,1932,3587,3471,3984
11115,32,20,3,15,17
11116,10,26,114,129,149
11117,14,6,6,2,2
11118,52,12,12,12,5
11119,87,0,5,1,1
11120,38,18,9,3,6
11121,27,25,130,100,98
11122,1,1,10,13,12
11123,0,0,5,10,9
11124,1,2,0,0,0
11125,0,2,33,61,103
11126,9,18,17,14,22
11127,284,135,319,238,268
11128,32,11,11,5,13
11129,389,170,193,27,37
11130,8,6,113,92,111
11131,158,429,87,44,50
11132,6,57,18,14,17
11133,6,0,5,5,8
11134,13,50,217,211,214
11135,0,30,37,17,27
11136,2,7,15,19,18
11137,47,14,65,83,66
11138,0,0,7,5,4
11139,33,146,207,198,259
11140,484,7,24,107,151
11141,0,2,5,8,9
11142,67,62,15,26,33
11143,92,66,208,300,233
11144,0,0,0,0,0
11145,5,1,0,0,0
11146,8,39,44,59,45
11147,56,12,69,54,50
11148,4,48,11,20,29
11149,55,189,1561,521,427
11150,13,1,1,0,1
11151,22,1,19,18,23
11152,127,223,78,33,49
11153,4,57,15,27,19
11154,1,0,0,0,0
11155,47,325,256,250,262
11156,2,13,33,82,63
11157,66,604,281,490,607
11158,851,302,74,51,64
11159,1,4,33,51,52
11160,28,26,4,58,43
11161,0,16,52,107,101
11162,79,61,19,15,11
11163,130,1590,155,161,202
11164,0,0,4,1,0
11165,0,5,3,2,2
11166,3,0,65,129,85
11167,19,83,225,226,223
11168,9,6,74,143,95
11169,54,33,120,214,140
11170,18,1,6,13,14
11171,116,48,19,23,20
11172,13,465,3899,3866,3825
11173,20,44,25,28,32
11174,0,2,0,0,0
11175,1,0,0,1,1
11176,102,604,100,42,25
11177,2,15,58,50,38
11178,219,130,204,314,252
11179,0,0,0,0,1
11180,20,13,1,0,1
11181,0,68,47,6,5
11182,25,2,33,67,39
11183,0,9,3,2,2
11184,1,7,5,4,3
11185,72,34,62,41,34
11186,1,0,3,6,6
11187,512,80,4,0,0
11188,20,134,169,43,62
11189,511,85,182,95,102
11190,165,236,62,29,52
11191,2,11,325,393,390
11192,8,8,44,8,8
11193,226,564,616,541,652
11194,55,1,10,4,5
11195,1,2,25,20,26
11196,8,19,92,54,40
11197,76,0,67,52,54
11198,4,41,24,35,85
11199,7,0,379,77,135
11200,15,152,281,439,364
11201,33,11,3,1,2
11202,1,13,1,4,5
11203,121,38,244,78,87
11204,130,310,382,374,339
11205,0,1,22,3,1
11206,112,654,85,190,250
11207,280,447,132,106,66
11208,30,144,145,136,142
11209,43,37,19,8,9
11210,191,139,39,33,34
11211,65,120,208,213,175
11212,0,0,1,14,21
11213,0,4,0,0,0
11214,62,16,0,1,1
11215,8,60,38,30,47
11216,0,11,63,20,40
11217,174,442,687,1270,1273
11218,3,31,126,117,131
11219,10,10,0,1,0
11220,11,93,36,145,118
11221,154,63,15,8,5
11222,55,0,0,0,0
11223,94,37,22,28,29
11224,2,14,17,4,4
11225,16,4,1,5,3
11226,5,1,30,65,70
11227,1147,735,138,210,211
11228,16,11,21,39,32
11229,13,0,163,62,119
11230,211,234,7,19,27
11231,3,31,101,103,86
11232,27,29,274,289,272
11233,49,11,0,0,0
11234,26,119,58,100,62
11235,22,122,139,91,92
11236,13,42,121,119,80
11237,273,15,45,27,44
11238,1,23,59,108,146
11239,9,68,7,23,18
11240,38,5,145,137,102
11241,47,68,1,1,2
11242,6,1,4,2,4
11243,4,4,11,22,21
11244,222,95,53,56,81
11245,37,100,38,27,37
11246,262,471,658,1590,1393
11247,0,14,1,3,2
11248,3,8,3,5,7
11249,0,11,0,0,0
11250,125,17,57,58,61
11251,31,39,80,21,26
11252,0,0,0,0,0
11253,69,11,2,0,0
11254,408,484,40,72,97
11255,6,21,30,20,17
11256,3,16,18,10,9
11257,304,389,245,173,169
11258,1,3,0,0,0
11259,0,9,0,0,0
11260,3,21,0,1,1
11261,12,1,0,0,0
11262,26,1489,403,186,224
11263,43,106,11,6,3
11264,758,0,189,170,164
11265,165,213,493,920,940
11266,284,85,24,7,14
11267,253,113,188,203,211
11268,8,58,23,22,22
11269,1075,1289,364,162,153
11270,11,3,17,45,61
11271,6,11,87,66,92
11272,190,161,14,38,31
11273,232,28,5,50,42
11274,83,60,69,445,237
11275,1111,298,1620,1192,1144
11276,11,178,624,667,586
11277,0,2,3,0,0
11278,764,22,956,2741,2483
11279,22,1,46,30,42
11280,1,0,5,10,6
11281,2,150,2,9,7
11282,0,1,0,1,0
11283,3,0,19,22,25
11284,7,14,52,24,26
11285,0,51,155,43,33
11286,1,0,1,1,1
11287,0,0,0,0,0
11288,0,0,0,0,0
11289,1,0,2,2,2
11290,83,12,80,95,87
11291,64,18,105,97,94
11292,159,66,17,8,10
11293,30,67,13,13,13
11294,24,10,6,6,3
11295,56,31,465,329,396
11296,15,296,175,199,156
11297,10,3,8,8,11
11298,296,1050,771,1626,1348
11299,140,71,0,0,1
11300,0,0,0,0,0
11301,36,63,29,52,62
11302,10,10,37,25,34
11303,0,3,9,3,3
11304,34,10,157,128,110
11305,199,2491,863,638,569
11306,29,28,104,87,142
11307,34,12,143,17,30
11308,18,32,354,321,325
11309,3,73,110,159,168
11310,17,21,4,10,14
11311,52,0,84,108,134
11312,196,331,70,101,89
11313,13,52,53,28,41
11314,0,3,19,13,13
11315,0,55,2,0,3
11316,9,0,6,3,12
11317,1,6,3,17,17
11318,41,0,10,7,7
11319,261,62,47,23,41
11320,1507,2075,374,475,289
11321,0,0,2,0,0
11322,0,7,588,485,623
11323,22,13,64,94,74
11324,14,126,195,199,120
11325,42,33,224,146,151
11326,6,78,31,48,27
11327,0,0,0,0,0
11328,85,11,33,50,54
11329,0,16,2,1,3
11330,2,240,272,191,157
11331,11,10,15,17,23
11332,19,10,239,221,270
11333,163,145,141,160,126
11334,0,1,44,16,17
11335,0,0,0,0,0
11336,0,195,92,68,54
11337,14,51,15,19,25
11338,37,9,53,81,98
11339,26,0,4,3,4
11340,26,122,64,29,41
11341,42,110,38,245,162
11342,21,19,10,42,29
11343,16,285,511,947,787
11344,117,685,22,6,5
11345,8,1,7,3,3
11346,0,8,1,1,1
11347,9,159,326,785,648
11348,1,16,4,5,4
11349,355,206,418,451,327
11350,23,17,37,75,109
11351,78,498,1284,1744,1753
11352,563,200,1106,1016,905
11353,0,0,1,4,7
11354,162,19,45,115,70
11355,2,0,1,18,19
11356,883,50,6,37,47
11357,1,13,3,7,6
11358,69,14,15,7,10
11359,593,1033,1184,624,545
11360,135,12,13,7,16
11361,8,10,108,107,103
11362,7,168,27,32,30
11363,29,32,1,0,0
11364,16,4,5,6,4
11365,3,0,0,0,0
11366,75,47,65,102,106
11367,33,7,17,8,9
11368,4,7,78,14,14
11369,1,0,0,0,0
11370,8,22,227,113,106
11371,286,82,94,87,63
11372,7,6,6,33,30
11373,142,620,51,50,61
11374,910,1185,273,270,258
11375,42,71,32,31,30
11376,3,6,14,12,15
11377,331,25,1640,1937,1431
11378,2,0,22,20,16
11379,26,0,58,48,24
11380,23,11,8,2,3
11381,228,77,860,791,762
11382,4,255,545,253,272
11383,59,16,16,9,7
11384,13,0,3,3,4
11385,99,87,185,243,255
11386,116,48,56,62,78
11387,0,0,0,0,0
11388,99,35,22,173,127
11389,3,3,1,1,2
11390,46,5,21,31,34
11391,697,771,66,36,15
11392,3,16,61,40,37
11393,1,63,45,39,37
11394,0,9,18,43,42
11395,650,897,1762,2486,1937
11396,1,3,0,0,0
11397,228,138,18,20,20
11398,2,54,36,27,30
11399,1920,937,5835,4200,4254
11400,8,2,3,1,3
11401,0,0,3,3,4
11402,304,60,20,23,16
11403,12,36,54,149,142
11404,2076,1142,36,121,109
11405,89,91,293,115,112
11406,31,48,47,124,137
11407,9,12,135,46,47
11408,88,36,39,20,19
11409,314,502,69,80,77
11410,148,98,12,25,28
11411,0,1,1,1,4
11412,10,455,108,35,55
11413,147,0,16,5,5
11414,2,3,1,1,0
11415,0,0,50,143,167
11416,0,3,40,45,40
11417,3,0,145,29,19
11418,84,307,107,266,230
11419,620,15,40,40,35
11420,13,5,9,5,7
11421,3,2,2,1,0
11422,94,3,60,53,34
11423,4,11,7,3,3
11424,18,3,65,58,45
11425,22,0,25,70,62
11426,14,167,312,312,259
11427,51,135,140,72,94
11428,16,17,68,44,68
11429,584,161,1727,1261,1287
11430,0,0,2,1,1
11431,0,15,33,43,26
11432,208,6,12,17,9
11433,36,131,1,3,4
11434,4,2,6,6,2
11435,10,73,2,1,0
11436,43,64,3,13,18
11437,434,2369,419,646,705
11438,6,44,19,72,68
11439,11,73,18,25,31
11440,100,29,15,14,30
11441,6,0,7,8,9
11442,20,77,5,1,5
11443,100,486,365,320,297
11444,3,0,3,0,0
11445,16,2,0,0,0
11446,236,104,358,274,236
11447,3,0,162,108,112
11448,0,0,1,0,0
11449,4,16,84,186,195
11450,10,182,136,159,114
11451,1864,319,716,502,590
11452,148,108,51,90,66
11453,34,315,30,24,23
11454,10,14,182,74,19
11455,15,524,116,83,79
11456,0,103,23,9,9
11457,62,20,123,113,119
11458,21,0,6,1,3
11459,16,0,10,6,5
11460,251,707,668,649,715
11461,16,3,9,22,41
11462,143,12,88,33,20
11463,0,0,1,4,4
11464,1,7,0,3,5
11465,1,4,0,0,0
11466,0,0,1,1,0
11467,78,376,467,690,698
11468,604,291,115,165,116
11469,88,75,614,901,598
11470,4,26,76,76,60
11471,1,7,0,1,0
11472,5,38,45,15,17
11473,40,107,4,4,5
11474,2,7,58,18,23
11475,31,1,3,3,4
11476,384,65,15,4,3
11477,5,20,1,8,9
11478,8,15,89,6,0
11479,1139,1330,431,472,543
11480,1,21,2,4,5
11481,61,59,18,19,34
11482,362,163,200,126,131
11483,3931,623,348,117,79
11484,0,66,71,57,88
11485,1,2,5,1,2
11486,3,10,40,43,72
11487,1,0,1,8,5
11488,36,26,18,18,14
11489,2,27,17,43,32
11490,24,9,551,466,513
11491,30,16,20,9,6
11492,108,2,1,0,0
11493,14,0,0,2,0
11494,3,35,17,4,6
11495,30,70,369,534,466
11496,35,198,206,175,264
11497,52,159,74,38,35
11498,94,27,12,12,8
11499,40,10,6,17,16
11500,13,30,2,1,2
11501,106,81,42,54,44
11502,1,3,0,0,0
11503,6,1,5,4,4
11504,221,1486,992,790,623
11505,14,192,61,65,56
11506,73,70,54,17,18
11507,33,42,8,21,22
11508,9,19,2,2,2
11509,484,10,7,4,8
11510,170,19,26,63,74
11511,10,0,0,10,5
11512,3,1,4,1,1
11513,11,41,22,17,16
11514,4,9,2,0,0
11515,47,402,130,31,38
11516,3,9,1,8,8
11517,96,62,86,70,71
11518,16,16,0,4,3
11519,84,7,5,7,3
11520,58,3,8,2,6
11521,9,6,30,15,15
11522,9,20,13,5,3
11523,0,1,16,15,19
11524,1,39,79,75,115
11525,0,0,0,0,0
11526,23,25,18,35,31
11527,39,21,41,86,95
11528,0,1,15,8,16
11529,55,246,29,6,3
11530,653,75,51,54,41
11531,59,77,473,263,225
11532,211,854,68,263,382
11533,30,34,41,18,21
11534,1,0,3,8,8
11535,7,6,44,56,46
11536,9,3,19,21,31
11537,7,1,42,9,9
11538,435,17,632,1892,1992
11539,2,9,39,60,78
11540,5,229,133,74,55
11541,0,13,10,19,17
11542,3,22,17,23,18
11543,22,7,4,3,4
11544,7,25,14,29,29
11545,6,4,18,12,15
11546,3,20,48,14,16
11547,203,24,1,5,3
11548,18,87,3,23,10
11549,44,90,979,460,483
11550,112,97,101,53,57
11551,20,16,30,12,17
11552,26,21,2,3,5
11553,16,42,0,0,0
11554,15,9,48,43,46
11555,152,35,691,543,497
11556,273,34,136,250,248
11557,29,1,16,8,11
11558,432,41,136,220,210
11559,17,3,5,4,4
11560,28,65,45,10,13
11561,23,54,62,7,8
11562,0,1,0,1,1
11563,25,7,3,0,1
11564,95,1387,588,579,309
11565,155,111,383,558,546
11566,9,375,0,3,3
11567,7,36,3,5,4
11568,8,1,1,2,1
11569,17,8,16,24,19
11570,3,1,642,373,439
11571,107,17,65,185,162
11572,165,450,381,176,227
11573,136,129,2,2,8
11574,123,539,16,18,12
11575,2,1,53,24,34
11576,7,2,4,8,2
11577,14,92,27,11,6
11578,12,260,203,490,400
11579,2,3,3,9,4
11580,1,47,69,103,70
11581,9,7,46,100,73
11582,7,55,25,10,7
11583,0,1,5,20,33
11584,0,0,6,8,2
11585,235,396,18,39,30
11586,12,152,14,41,45
11587,82,7,44,173,220
11588,578,419,214,267,208
11589,8,84,80,73,109
11590,10,163,540,307,320
11591,186,536,57,260,395
11592,201,568,290,464,464
11593,0,27,18,7,4
11594,797,58,20,2,2
11595,27,37,288,720,679
11596,192,532,218,321,339
11597,1,6,0,1,1
11598,23,78,152,130,103
11599,13,3,4,9,8
11600,28,58,245,117,65
11601,1,29,7,3,4
11602,0,25,6,11,12
11603,8,43,34,42,37
11604,8,7,7,29,25
11605,188,28,108,132,133
11606,6,6,17,18,16
11607,8,7,30,20,15
11608,0,2,152,107,148
11609,23,125,23,11,13
11610,18,347,690,257,285
11611,424,55,11,13,20
11612,2,2,23,44,54
11613,0,8,85,45,46
11614,2,25,29,13,24
11615,7,3,39,77,77
11616,102,103,86,104,112
11617,574,365,71,96,59
11618,214,158,380,245,274
11619,50,19,142,119,91
11620,0,0,0,0,0
11621,12,42,5,23,9
11622,0,0,1,0,0
11623,1,5,0,1,4
11624,67,14,10,3,4
11625,42,66,9,1,1
11626,2,1,11,7,6
11627,407,1040,154,30,42
11628,12,73,23,14,11
11629,0,18,7,15,21
11630,41,19,22,1,2
11631,166,206,343,62,49
11632,224,226,151,217,193
11633,699,7,172,104,133
11634,21,3,69,121,133
11635,1,13,10,5,5
11636,2,74,102,217,222
11637,120,2,14,2,14
11638,5,37,24,7,8
11639,13,0,26,18,15
11640,0,1,3,1,3
11641,251,29,1,11,34
11642,0,0,30,88,44
11643,53,17,37,27,35
11644,17,84,8,13,24
11645,24,266,391,466,460
11646,54,66,33,26,22
11647,6,5,11,37,30
11648,1,6,0,3,3
11649,0,0,0,0,0
11650,69,24,32,5,11
11651,36,35,64,136,126
11652,11,53,90,225,345
11653,2,0,1,1,1
11654,33,44,38,41,49
11655,0,3,12,10,16
11656,2,51,70,72,51
11657,122,40,154,354,355
11658,27,9,0,2,3
11659,2,0,0,1,1
11660,28,16,96,67,76
11661,1,12,126,161,96
11662,9,0,11,4,5
11663,2,7,14,7,11
11664,168,348,17,45,46
11665,0,58,4,9,3
11666,132,36,40,33,30
11667,0,6,222,124,127
11668,5,20,10,14,19
11669,0,0,0,0,0
11670,6,7,7,3,3
11671,7,119,98,92,88
11672,1065,287,1123,1313,1445
11673,3,46,1,0,0
11674,5,35,0,0,1
11675,2,8,37,32,35
11676,441,5,13,49,52
11677,9,34,449,505,372
11678,20,13,36,42,45
11679,0,45,4,8,6
11680,0,0,1,2,2
11681,0,0,6,14,11
11682,2,0,1,4,2
11683,3,0,0,0,0
11684,2,1,26,11,13
11685,21,109,86,79,65
11686,50,1,14,7,5
11687,0,0,1,1,2
11688,0,7,9,18,18
11689,13,13,13,33,27
11690,46,8,5,5,3
11691,3,15,3,20,17
11692,217,167,188,218,180
11693,104,39,40,73,60
11694,11,2,8,3,2
11695,108,121,16,103,93
11696,201,98,290,79,64
11697,122,23,115,127,101
11698,21,8,2,3,7
11699,2,14,29,68,45
11700,3,1,28,28,27
11701,26,5,32,40,42
11702,13,0,1,0,0
11703,37,58,141,134,169
11704,98,390,19,56,43
11705,17,164,104,276,250
11706,3,42,3,13,13
11707,47,181,74,87,100
11708,78,14,123,92,85
11709,320,44,12,27,24
11710,469,143,895,805,948
11711,1,0,1,3,2
11712,38,0,15,10,8
11713,153,7,1028,904,1390
11714,85,451,715,804,762
11715,0,10,0,0,1
11716,116,59,64,13,14
11717,86,119,561,140,93
11718,6,33,32,27,32
11719,91,1019,1067,1310,1471
11720,121,3,55,57,49
11721,32,293,937,408,446
11722,48,160,261,323,301
11723,14,6,1,3,3
11724,295,2380,1230,857,1080
11725,9,9,3,0,4
11726,15,7,20,4,5
11727,15,2,48,60,17
11728,1372,948,319,358,343
11729,76,22,16,22,21
11730,7,82,13,46,39
11731,34,88,34,80,83
11732,50,26,103,82,77
11733,15,21,0,0,0
11734,172,557,40,13,16
11735,16,8,247,120,109
11736,8,21,21,51,48
11737,2,0,2,0,0
11738,87,83,32,68,83
11739,8,37,33,108,124
11740,492,124,162,120,80
11741,0,12,69,121,93
11742,0,38,9,17,18
11743,2,35,30,24,20
11744,0,3,0,0,0
11745,223,93,5,27,37
11746,26,29,76,47,42
11747,148,84,44,61,63
11748,0,0,8,5,5
11749,16,23,8,6,10
11750,26,77,17,19,9
11751,5,13,3,1,1
11752,5,1,49,44,52
11753,19,112,192,68,86
11754,2,9,5,5,4
11755,171,456,67,51,58
11756,0,1,2,2,2
11757,739,39,787,352,486
11758,862,35,43,64,77
11759,622,27,15,6,13
11760,5,204,1,5,2
11761,191,191,88,165,109
11762,25,26,0,1,1
11763,357,729,2159,2289,1985
11764,23,16,1,5,4
11765,0,7,10,13,14
11766,996,243,859,893,1126
11767,11,58,296,208,230
11768,47,24,11,19,26
11769,372,26,25,37,34
11770,10,46,33,101,123
11771,13,28,15,75,82
11772,11,0,0,1,0
11773,2,269,24,26,12
11774,2,26,11,16,16
11775,31,23,54,35,68
11776,53,3,3,0,1
11777,33,87,2,3,5
11778,50,134,223,233,222
11779,71,168,34,18,17
11780,1214,111,471,352,389
11781,8,14,0,1,1
11782,6,22,8,5,8
11783,107,7,22,66,69
11784,248,291,92,32,31
11785,89,56,34,22,20
11786,27,48,14,85,108
11787,1,3,1,4,4
11788,915,164,61,173,173
11789,3,1,11,30,36
11790,0,0,2,2,3
11791,35,47,0,0,0
11792,71,95,59,81,107
11793,55,148,39,16,25
11794,1,0,4,0,1
11795,6,2,21,6,6
11796,438,132,28,42,60
11797,123,170,391,264,222
11798,9,0,31,16,19
11799,11,4,609,271,333
11800,1,19,12,24,28
11801,16,1,1,0,0
11802,25,8,29,33,44
11803,91,79,320,125,121
11804,98,52,168,94,83
11805,4428,206,313,572,486
11806,757,33,147,169,205
11807,86,46,1,7,5
11808,39,44,113,32,25
11809,4,44,8,18,9
11810,112,1872,176,379,341
11811,12,544,66,128,186
11812,5,1,23,10,13
11813,42,30,112,74,90
11814,45,2,3,2,2
11815,6,81,144,97,133
11816,3,101,32,47,47
11817,11,37,223,206,175
11818,6,71,78,44,22
11819,0,1,8,4,3
11820,67,14,11,12,22
11821,15,28,27,63,39
11822,3,71,339,237,185
11823,11,77,32,14,14
11824,39,78,60,12,11
11825,9,135,50,51,32
11826,423,183,247,373,398
11827,288,82,440,356,305
11828,3,0,10,15,15
11829,271,23,8,2,3
11830,20,12,3,18,16
11831,1,0,1,2,2
11832,56,46,87,37,19
11833,3,1,0,0,1
11834,208,51,30,31,25
11835,10,94,10,47,31
11836,7,23,39,29,40
11837,6,0,9,11,8
11838,103,33,11,12,7
11839,109,18,239,136,123
11840,6,37,20,46,61
11841,5,1,1,11,8
11842,4,29,63,34,46
11843,86,2,36,6,4
11844,168,81,7,29,41
11845,1909,2189,793,920,633
11846,13,20,3,0,0
11847,1,2,1,0,0
11848,9,0,1,2,1
11849,7,7,35,42,34
11850,6,58,0,0,0
11851,111,145,16,8,7
11852,7,16,19,28,26
11853,3,29,39,35,49
11854,32,94,51,54,47
11855,0,30,12,15,17
11856,10,30,73,77,73
11857,22,107,12,31,48
11858,14,210,216,97,82
11859,232,818,1093,1467,1347
11860,4,37,2,8,8
11861,65,68,5,16,25
11862,1181,469,217,229,428
11863,6,6,0,0,0
11864,1,22,52,112,130
11865,1,61,63,192,167
11866,30,4,19,28,45
11867,16,79,355,345,331
11868,49,26,24,15,16
11869,7,78,6,7,3
11870,99,37,7,20,22
11871,23,163,55,59,65
11872,105,2,2,11,11
11873,64,359,20,30,20
11874,377,925,397,551,565
11875,2,100,11,3,2
11876,12,7,21,34,22
11877,13,112,93,79,47
11878,0,0,0,0,0
11879,19,42,2,4,3
11880,2,10,22,23,15
11881,52,187,111,175,166
11882,15,287,1015,1230,1180
11883,11,60,1,1,1
11884,33,0,10,65,57
11885,22,102,59,49,50
11886,112,1,290,318,273
11887,16,214,419,519,543
11888,6,4,2,1,0
11889,12,44,14,31,36
11890,17,6,7,5,5
11891,292,168,55,107,102
11892,1,29,44,57,44
11893,11,0,22,7,9
11894,28,114,104,84,63
11895,61,108,44,41,75
11896,0,0,59,24,28
11897,56,66,134,131,120
11898,116,315,1532,416,380
11899,30,47,9,8,7
11900,2,2,0,0,0
11901,0,0,0,0,0
11902,0,17,0,0,0
11903,12,0,26,44,49
11904,47,280,667,176,140
11905,78,44,210,221,206
11906,0,0,3,11,9
11907,6,1,6,2,4
11908,3,4,6,1,3
11909,0,0,53,32,33
11910,75,172,50,80,67
11911,0,0,3,1,1
11912,624,104,61,246,225
11913,1,0,16,15,11
11914,56,99,10,19,14
11915,157,406,68,132,91
11916,363,516,127,204,171
11917,110,489,741,470,506
11918,249,10,2,0,1
11919,7,0,21,51,45
11920,12,2,17,55,35
11921,12,0,1,1,1
11922,137,88,23,123,111
11923,62,0,9,29,32
11924,0,24,2,16,22
11925,252,165,61,126,161
11926,46,4,7,14,20
11927,60,28,272,104,73
11928,95,55,9,237,285
11929,2,6,1,3,3
11930,0,0,2,0,0
11931,8,10,36,33,23
11932,7,271,23,16,28
11933,297,2,94,271,261
11934,6,1,340,93,97
11935,9,16,56,184,158
11936,0,5,35,20,8
11937,45,331,195,507,341
11938,172,33,202,151,160
11939,0,10,1,0,0
11940,13,3,13,22,19
11941,0,0,2,1,1
11942,85,18,17,19,19
11943,0,0,14,15,25
11944,51,10,2,2,5
11945,24,2,0,0,0
11946,0,23,44,120,95
11947,96,120,72,23,19
11948,2,24,7,5,9
11949,4,5,1,2,2
11950,432,303,92,36,38
11951,206,291,85,129,166
11952,5,5,3,27,25
11953,5,19,115,83,47
11954,244,220,70,163,105
11955,0,1,21,15,19
11956,90,1033,454,457,502
11957,0,1,19,28,23
11958,44,19,80,52,41
11959,14,7,32,32,20
11960,2,0,0,0,0
11961,16,8,105,100,104
11962,0,0,23,13,6
11963,527,223,268,336,335
11964,431,2,17,10,16
11965,174,26,43,55,67
11966,1,0,3,4,6
11967,0,5,52,39,34
11968,57,107,63,66,54
11969,1,3,28,8,4
11970,110,9,23,49,49
11971,19,0,42,24,13
11972,19,1,34,20,20
11973,20,5,106,105,99
11974,1,25,1,1,1
11975,3,31,217,267,258
11976,943,822,36,12,9
11977,122,160,701,235,222
11978,12,4,54,47,67
11979,3,5,123,53,39
11980,746,291,916,1109,1123
11981,67,187,301,259,220
11982,11,14,126,272,258
11983,44,78,1275,608,858
11984,34,57,2,15,5
11985,16,0,66,99,47
11986,4,2,43,26,37
11987,70,111,215,174,179
11988,4716,578,45,89,73
11989,13,1,3,13,11
11990,4,114,7,42,49
11991,67,263,56,16,21
11992,24,117,22,44,24
11993,72,1176,14,3,4
11994,16,121,5,7,5
11995,41,6,13,22,25
11996,4,14,191,120,108
11997,0,4,12,28,28
11998,1520,564,102,64,60
11999,1,2,9,15,14
12000,10,0,14,12,12
12001,0,0,0,12,16
12002,32,30,183,220,227
12003,91,47,38,53,85
12004,0,0,2,1,1
12005,285,37,217,347,386
12006,1,54,29,13,9
12007,40,339,40,81,73
12008,0,44,20,35,28
12009,7,16,131,93,94
12010,136,95,173,604,666
12011,15,11,46,69,60
12012,29,0,2,26,32
12013,21,1,66,24,19
12014,3,1,1,0,0
12015,399,672,3845,535,1293
12016,4,15,36,9,8
12017,1,1,2,1,2
12018,147,77,103,316,247
12019,4507,862,1574,1642,1854
12020,5,0,10,17,16
12021,145,97,115,397,394
12022,61,5,10,18,19
12023,0,0,10,63,51
12024,193,61,133,200,160
12025,134,68,32,40,31
12026,43,2,5,2,3
12027,57,378,162,258,244
12028,1,93,170,87,76
12029,133,165,248,151,262
12030,0,0,1,5,3
12031,0,8,2,1,1
12032,15,9,26,2,10
12033,61,70,14,14,13
12034,0,0,25,21,20
12035,7,42,0,0,0
12036,0,2,2,1,1
12037,10,7,30,31,30
12038,0,3,0,0,0
12039,536,37,14,30,29
12040,130,2,1,14,28
12041,5,4,57,7,18
12042,13,18,2,0,0
12043,192,310,795,900,985
12044,1,0,0,1,0
12045,16,44,342,286,268
12046,209,610,346,254,272
12047,38,41,187,239,215
12048,5,0,3,1,0
12049,4,113,35,42,17
12050,5,0,3,3,10
12051,10,64,6,54,29
12052,4,9,0,0,0
12053,13,15,74,20,20
12054,40,14,4,0,0
12055,39,75,1687,1439,1898
12056,9,56,22,25,28
12057,0,10,7,9,8
12058,0,0,0,0,0
12059,534,1218,380,520,491
12060,300,71,133,105,88
12061,6157,938,527,303,308
12062,25,172,129,189,169
12063,162,16,76,68,108
12064,182,92,128,180,181
12065,1437,167,282,598,799
12066,0,14,2,9,7
12067,36,226,37,34,28
12068,4,17,2,6,6
12069,11,28,0,0,1
12070,29,0,16,14,15
12071,1,51,0,40,24
12072,24,177,17,37,47
12073,27,18,36,117,100
12074,0,33,38,23,24
12075,18,17,13,26,18
12076,77,125,35,108,125
12077,12,0,5,1,2
12078,50,40,21,30,21
12079,207,444,911,1413,1381
12080,57,19,100,76,57
12081,13,11,6,56,44
12082,0,1,0,0,0
12083,0,43,6,8,8
12084,56,71,138,157,166
12085,25,32,148,20,27
12086,127,20,100,33,68
12087,287,589,511,589,502
12088,25,44,59,72,103
12089,0,0,1,0,0
12090,3435,1031,332,511,557
12091,8,3,63,75,59
12092,3,117,141,127,91
12093,0,1,41,56,67
12094,14,54,86,180,209
12095,3,52,3,3,2
12096,8,15,774,903,917
12097,48,9,1,7,10
12098,143,28,62,150,248
12099,27,1,25,20,15
12100,0,5,0,0,0
12101,1,172,537,391,578
12102,0,0,269,239,307
12103,58,180,38,214,295
12104,0,0,0,0,0
12105,12,26,66,22,22
12106,40,7,7,22,8
12107,21,1,3,1,4
12108,3,3,7,3,16
12109,51,30,163,155,148
12110,13,4,0,0,0
12111,145,17,131,72,55
12112,9,18,141,117,94
12113,6,31,17,73,75
12114,1,9,81,103,94
12115,5,151,286,128,151
12116,39,29,10,21,22
12117,22,193,109,131,122
12118,46,13,72,51,92
12119,2,6,0,0,0
12120,31,48,10,9,9
12121,0,1,0,0,1
12122,0,14,2,1,2
12123,20,0,2,7,6
12124,12,28,87,25,32
12125,7,243,14,57,69
12126,69,29,40,86,90
12127,180,140,192,169,144
12128,3,1,0,0,0
12129,0,7,14,3,6
12130,139,4,61,64,37
12131,1,0,57,19,21
12132,43,9,8,5,3
12133,83,128,74,64,58
12134,25,21,3,2,1
12135,13,3,1,9,4
12136,51,1,90,112,122
12137,9,47,8,27,9
12138,119,69,4,20,19
12139,45,5,2,1,0
12140,0,1,22,14,11
12141,1,0,0,2,0
12142,41,32,4,44,36
12143,16,7,28,44,36
12144,0,15,43,51,56
12145,3,1,54,132,126
12146,230,161,8,14,15
12147,0,0,0,0,0
12148,3,1,37,32,54
12149,3,63,17,6,9
12150,2,13,25,45,37
12151,3,2,19,22,18
12152,2,0,2,3,4
12153,4,3,0,0,0
12154,0,0,30,7,14
12155,0,4,1,18,22
12156,152,172,290,90,72
12157,0,3,5,2,2
12158,4,36,70,75,69
12159,269,90,73,54,87
12160,3,33,147,120,141
12161,29,18,344,158,92
12162,182,838,721,517,463
12163,11,16,444,419,366
12164,0,0,0,0,0
12165,0,2,2,2,0
12166,78,21,3,6,4
12167,30,34,11,4,4
12168,3,119,49,45,44
12169,24,23,6,9,15
12170,4,1,17,22,12
12171,7,1,5,2,6
12172,26,4,69,40,35
12173,13,15,39,65,31
12174,7,16,56,55,69
12175,153,25,21,28,55
12176,7,5,3,0,1
12177,945,5,8,5,6
12178,1560,849,2619,1756,1617
12179,1,33,113,142,115
12180,1,5,4,10,8
12181,0,0,8,17,20
12182,413,269,394,229,206
12183,20,4,3,0,2
12184,868,857,388,532,484
12185,142,46,1,0,1
12186,26,9,8,5,3
12187,0,0,13,23,31
12188,9,0,2,3,6
12189,15,26,16,98,108
12190,73,0,5,6,4
12191,0,3,7,17,4
12192,18,54,1002,646,809
12193,91,106,211,255,220
12194,100,268,387,502,445
12195,142,25,147,118,98
12196,0,2,0,0,0
12197,6,8,7,45,40
12198,2,3,1,3,2
12199,252,59,0,0,0
12200,186,2,74,125,127
12201,17,3,5,28,28
12202,1593,622,634,579,527
12203,26,101,34,71,79
12204,41,1,18,19,17
12205,38,495,348,395,381
12206,14,8,1,8,7
12207,0,11,6,19,13
12208,7,22,77,44,82
12209,107,81,2,4,4
12210,118,59,17,16,18
12211,0,0,17,19,16
12212,4,0,22,21,20
12213,2,11,28,3,7
12214,84,492,11,5,6
12215,4,2,2,2,2
12216,0,41,385,177,176
12217,181,84,144,119,167
12218,13,248,136,419,379
12219,0,0,14,18,17
12220,1,31,51,56,124
12221,6,76,104,113,96
12222,13,39,9,1,3
12223,18,119,143,105,116
12224,59,26,9,15,20
12225,123,46,722,52,90
12226,1192,572,1022,1306,1180
12227,74,119,6,52,21
12228,19,1,0,4,14
12229,107,934,246,60,64
12230,7,35,14,10,15
12231,1,22,2,12,8
12232,10,32,6,7,2
12233,96,52,16,11,13
12234,2,3,8,34,39
12235,613,77,5,31,31
12236,1218,347,800,723,637
12237,80,6,159,85,82
12238,70,6,110,112,96
12239,0,18,1,4,4
12240,1,2,7,12,19
12241,37,4,185,564,486
12242,57,316,113,54,89
12243,341,86,6,3,2
12244,0,0,2,3,2
12245,0,0,0,0,0
12246,8,36,15,2,0
12247,1,2,6,1,3
12248,58,6,144,59,68
12249,343,1449,297,258,262
12250,0,1,0,1,1
12251,81,54,11,13,17
12252,21,153,163,113,106
12253,81,144,430,546,474
12254,980,904,579,796,710
12255,1,1,8,51,69
12256,36,13,128,145,125
12257,0,45,9,21,20
12258,1,1,27,13,10
12259,7,3,15,19,15
12260,161,92,240,269,204
12261,528,39,151,820,743
12262,12,7,53,59,39
12263,32,2,14,4,5
12264,69,44,2,2,2
12265,43,38,41,56,59
12266,0,0,2,1,0
12267,0,0,0,0,0
12268,29,10,15,33,28
12269,0,3,4,2,1
12270,116,90,185,255,180
12271,120,4,413,363,303
12272,1058,448,286,417,389
12273,5,2,8,12,10
12274,5,13,111,66,45
12275,204,61,19,10,9
12276,0,0,4,2,2
12277,0,0,4,4,7
12278,3,0,10,3,16
12279,5,100,31,78,30
12280,49,41,34,5,6
12281,38,0,57,10,17
12282,0,0,2,0,0
12283,291,644,223,128,152
12284,13,92,238,143,129
12285,26,87,51,43,21
12286,0,0,0,0,0
12287,6,105,21,2,3
12288,12,110,12,8,4
12289,6,3,15,35,46
12290,3,193,129,158,126
12291,34,965,801,696,670
12292,1,45,24,22,17
12293,4,9,60,18,19
12294,52,99,942,749,760
12295,4,22,7,6,7
12296,0,10,0,0,0
12297,13,4,31,8,8
12298,0,0,0,0,0
12299,38,27,10,11,13
12300,117,34,121,150,127
12301,10,4,48,38,31
12302,76,38,1,0,0
12303,28,126,184,141,229
12304,6,0,18,10,28
12305,28,69,24,46,27
12306,532,169,53,101,106
12307,0,26,42,8,6
12308,118,47,178,53,65
12309,147,0,0,1,1
12310,23,1,2,2,2
12311,133,68,91,62,49
12312,7,16,11,5,9
12313,0,2,16,10,12
12314,51,146,342,178,250
12315,0,1,0,0,0
12316,130,56,73,216,141
12317,5,15,0,0,0
12318,23,66,8,2,1
12319,47,6,66,123,116
12320,43,101,1050,2382,3011
12321,43,318,422,443,319
12322,155,212,280,476,439
12323,1,12,7,13,14
12324,140,296,51,136,175
12325,163,106,815,549,505
12326,4,3,13,4,2
12327,13,2,8,9,4
12328,0,0,0,0,0
12329,6,11,21,18,15
12330,0,0,0,0,0
12331,63,54,31,29,24
12332,0,1,0,0,0
12333,1,0,101,93,94
12334,27,40,9,6,9
12335,3,3,4,3,3
12336,74,63,109,82,134
12337,3,34,9,9,8
12338,50,598,107,127,96
12339,3,12,0,0,1
12340,0,0,4,1,1
12341,1,1,11,15,17
12342,3,493,172,306,287
12343,2,4,20,30,30
12344,62,324,321,1219,1370
12345,13,21,20,13,13
12346,2,8,0,0,0
12347,0,1,56,68,51
12348,1,28,19,15,19
12349,1,4,14,2,0
12350,6,29,11,19,25
12351,20,178,214,293,291
12352,3,2,1,2,1
12353,244,42,57,130,107
12354,121,28,9,103,47
12355,0,7,3,32,11
12356,19,113,25,38,48
12357,14,263,83,64,63
12358,18,7,2,2,0
12359,1903,2755,546,1449,1265
12360,3,6,42,115,114
12361,0,58,32,7,9
12362,498,102,386,239,268
12363,3,19,90,183,188
12364,49,214,1,10,4
12365,3,4,16,10,8
12366,4,49,27,144,141
12367,0,6,0,0,0
12368,207,142,64,192,260
12369,52,177,1405,2241,2242
12370,732,685,538,308,228
12371,60,62,12,8,5
12372,28,9,13,10,11
12373,303,140,180,213,105
12374,169,39,63,176,211
12375,0,1,0,0,0
12376,148,786,330,276,368
12377,2,27,5,11,15
12378,37,30,247,35,50
12379,14,0,3,4,2
12380,4,0,5,6,5
12381,1,1,9,8,4
12382,2,0,0,0,0
12383,293,223,198,262,146
12384,0,0,3,3,6
12385,5,53,11,21,17
12386,6,27,33,40,28
12387,50,63,132,87,81
12388,2,7,7,42,23
12389,2,35,14,13,8
12390,25,99,12,0,0
12391,6,23,5,1,1
12392,0,47,26,28,36
12393,20,3,18,27,25
12394,27,85,3,0,0
12395,3,2,160,60,66
12396,8,2,10,4,2
12397,1,2,8,5,6
12398,6,1,1,0,1
12399,4,4,1,2,1
12400,274,1,0,12,18
12401,28,56,14,36,29
12402,6,2,27,15,18
12403,3,43,17,109,97
12404,336,62,54,78,78
12405,2,0,0,0,0
12406,55,8,16,3,4
12407,0,0,78,80,83
12408,23,15,5,2,3
12409,23,500,191,1059,440
12410,7,30,258,328,321
12411,0,14,193,253,256
12412,5,0,15,12,12
12413,5,9,6,3,3
12414,80,231,286,200,226
12415,6,162,762,977,798
12416,163,85,511,422,416
12417,342,134,752,551,567
12418,96,135,6,30,23
12419,17,6,60,82,70
12420,3,11,3,3,2
12421,84,2,60,32,52
12422,83,5,3,2,1
12423,26,42,115,10,6
12424,14,0,19,33,39
12425,27,5,0,0,1
12426,466,48,59,101,124
12427,37,1,41,27,32
12428,177,26,19,16,12
12429,9,1,0,0,0
12430,155,47,314,139,208
12431,1,0,15,6,9
12432,29,189,3,1,2
12433,4,4,2,0,0
12434,53,107,52,49,61
12435,6,35,17,11,12
12436,88,26,26,21,22
12437,31,6,10,29,20
12438,299,157,910,609,566
12439,34,156,101,272,210
12440,0,4,0,0,0
12441,0,0,40,30,33
12442,3,46,35,41,36
12443,12,6,9,3,4
12444,7,33,17,12,17
12445,12,55,95,270,298
12446,102,220,146,119,103
12447,44,312,591,597,561
12448,18,73,119,89,74
12449,22,0,49,46,51
12450,1,14,79,35,57
12451,16,18,53,57,56
12452,0,115,329,316,334
12453,9,35,29,21,36
12454,125,83,63,208,193
12455,3,1,0,0,0
12456,21,37,1,4,2
12457,27,27,3,7,11
12458,5,16,40,46,57
12459,28,30,181,72,81
12460,10,58,145,120,92
12461,0,13,6,7,9
12462,105,95,238,136,77
12463,1,4,27,6,8
12464,8,6,3,4,2
12465,79,498,155,135,128
12466,187,212,261,363,408
12467,8,0,290,236,234
12468,46,316,9,57,84
12469,35,11,147,130,139
12470,11,8,40,42,43
12471,206,720,322,255,279
12472,86,353,130,65,75
12473,104,114,62,80,78
12474,0,0,0,0,0
12475,17,3,13,22,27
12476,103,108,101,199,138
12477,31,14,0,0,0
12478,0,0,0,0,0
12479,10,6,18,7,6
12480,37,19,21,11,9
12481,58,111,4,20,19
12482,33,160,57,119,95
12483,3,26,10,22,7
12484,29,292,31,7,9
12485,204,29,13,27,34
12486,204,322,23,10,10
12487,88,80,925,689,902
12488,2,185,443,537,582
12489,2,26,6,13,8
12490,4,0,5,22,37
12491,2,9,163,232,307
12492,16,7,1,6,7
12493,2,91,23,24,35
12494,37,56,8,11,12
12495,2,7,3,6,4
12496,92,58,44,20,35
12497,4,51,106,93,133
12498,37,27,0,1,1
12499,5,9,0,0,0
12500,0,20,97,61,42
12501,69,139,49,102,128
12502,268,283,74,136,88
12503,4,0,21,30,22
12504,17,41,42,40,37
12505,1,2,0,6,9
12506,6,0,71,11,19
12507,24,22,3,3,2
12508,43,66,127,98,90
12509,1,12,53,52,53
12510,17,821,63,59,44
12511,9,0,0,0,0
12512,11,42,8,25,27
12513,33,20,19,8,7
12514,0,0,0,0,0
12515,129,315,8,190,250
12516,13,8,10,25,17
12517,3415,2724,116,296,195
12518,262,58,159,189,193
12519,60,32,5,6,7
12520,0,135,303,264,263
12521,69,42,34,6,19
12522,14,1,8,8,6
12523,42,0,0,1,1
12524,24,40,53,26,46
12525,4,34,7,0,2
12526,28,56,50,60,90
12527,3,49,64,50,45
12528,108,7,3,13,11
12529,319,304,367,462,466
12530,115,28,158,108,150
12531,280,114,9,19,10
12532,1,20,14,10,5
12533,21,4,232,340,239
12534,46,25,74,109,81
12535,366,32,83,104,185
12536,27,60,5,10,11
12537,0,49,153,236,222
12538,7,7,12,2,1
12539,262,54,94,174,151
12540,0,5,2,0,0
12541,4,0,0,12,11
12542,30,30,1053,600,667
12543,82,45,22,3,4
12544,48,91,50,21,40
12545,4,0,25,27,35
12546,24,38,183,159,114
12547,73,10,9,4,4
12548,2,32,60,36,29
12549,62,14,5,5,6
12550,32,0,48,20,17
12551,56,263,698,742,642
12552,109,197,206,122,133
12553,0,184,13,8,11
12554,4,5,261,188,244
12555,3,3,34,15,12
12556,7,1,11,10,17
12557,0,407,359,96,67
12558,15,28,1,5,7
12559,5,66,41,12,12
12560,6,21,101,104,95
12561,0,9,45,27,28
12562,59,231,355,100,58
12563,45,3,0,0,0
12564,137,412,47,63,87
12565,3,37,50,13,20
12566,24,20,19,44,50
12567,98,54,11,5,4
12568,0,1,1,0,0
12569,31,74,123,120,145
12570,738,369,891,541,698
12571,70,1183,24,43,38
12572,5,20,18,8,6
12573,1374,870,208,122,106
12574,159,133,66,34,64
12575,44,710,353,305,306
12576,0,0,4,2,3
12577,1074,664,300,339,334
12578,321,29,12,13,19
12579,5,20,2,2,2
12580,101,343,217,160,157
12581,17,29,83,17,32
12582,14,66,97,29,41
12583,0,0,0,0,0
12584,10,88,7,9,15
12585,63,151,124,276,335
12586,3,0,0,0,0
12587,0,2,17,9,13
12588,8,6,88,111,233
12589,0,3,13,13,13
12590,15,10,44,18,15
12591,0,0,0,0,0
12592,124,5,2,1,0
12593,1,0,4,13,13
12594,56,95,105,62,65
12595,34,78,19,118,127
12596,24,129,12,29,45
12597,12,238,81,5,11
12598,30,387,62,194,205
12599,1,4,58,33,18
12600,121,170,5,32,39
12601,307,522,251,364,316
12602,5,18,14,13,31
12603,1,2,20,6,6
12604,1,1,1,0,1
12605,4,136,1728,1429,1721
12606,8,3,8,4,6
12607,30,0,96,67,75
12608,7,2,2,5,4
12609,646,162,72,33,35
12610,6,173,350,1126,895
12611,1319,1687,162,135,86
12612,1,1,0,5,1
12613,3,108,45,110,108
12614,2,49,47,8,19
12615,0,12,48,41,49
12616,13,1,19,15,14
12617,48,310,472,266,195
12618,6,72,8,22,20
12619,14,6,8,19,15
12620,54,15,3,4,5
12621,29,381,14,6,5
12622,110,14,8,2,2
12623,6,7,6,6,9
12624,50,0,20,29,19
12625,175,0,44,2,2
12626,0,9,2,0,0
12627,2,8,55,121,109
12628,16,48,103,92,107
12629,0,0,4,1,7
12630,20,33,11,6,17
12631,25,132,114,197,181
12632,52,1,162,98,72
12633,5,18,1,1,2
12634,0,5,1,1,0
12635,19,143,19,29,23
12636,517,385,2043,1704,1747
12637,256,60,120,334,241
12638,58,31,165,156,182
12639,53,61,75,36,36
12640,134,0,29,75,74
12641,1,0,0,0,0
12642,12,2,3,3,4
12643,104,377,71,124,122
12644,4,16,153,73,64
12645,0,1,0,0,0
12646,14,29,7,9,6
12647,1755,39,55,102,60
12648,17,45,29,6,14
12649,2,2,9,23,14
12650,203,1225,671,1400,1561
12651,0,0,48,23,27
12652,0,12,4,1,1
12653,23,1,11,10,11
12654,1,0,0,0,0
12655,26,283,177,200,229
12656,199,1327,1915,1457,1562
12657,141,30,108,15,27
12658,353,86,29,3,6
12659,17,114,382,911,817
12660,85,31,273,280,288
12661,0,0,11,20,20
12662,115,162,356,346,353
12663,0,51,195,126,127
12664,319,202,141,146,180
12665,257,87,267,82,66
12666,40,9,2,14,18
12667,349,383,326,480,399
12668,0,0,32,21,28
12669,120,95,416,618,627
12670,0,15,33,17,27
12671,13,7,0,0,1
12672,13,27,35,85,67
12673,16,18,25,44,46
12674,7,62,14,7,7
12675,0,1,2,1,1
12676,67,26,113,68,86
12677,9,33,4,3,3
12678,163,861,156,164,133
12679,1,3,6,2,2
12680,1,39,46,54,40
12681,3,17,10,25,27
12682,17,29,6,5,4
12683,51,9,2,2,1
12684,6,100,9,23,22
12685,293,6,67,39,36
12686,0,0,0,0,0
12687,20,61,72,67,62
12688,6,14,2,108,71
12689,4,8,139,61,67
12690,7,4,41,51,37
12691,13,4,6,13,12
12692,84,96,202,124,115
12693,2,1,10,7,14
12694,0,0,5,6,6
12695,0,0,14,9,4
12696,15,15,21,27,30
12697,42,34,162,133,152
12698,3072,3055,644,2700,2778
12699,2,2,1,0,1
12700,34,8,3,5,4
12701,3,7,37,101,76
12702,221,4,111,15,27
12703,324,225,32,252,162
12704,5,0,12,10,9
12705,0,106,52,124,118
12706,0,2,2,0,1
12707,4,8,2,1,0
12708,102,19,19,10,9
12709,3,1,7,24,20
12710,33,35,115,180,150
12711,22,3,25,39,44
12712,70,9,50,8,9
12713,30,109,186,158,145
12714,12,8,5,13,12
12715,9,78,53,43,51
12716,0,0,0,0,0
12717,98,87,271,228,221
12718,51,366,163,102,129
12719,339,1,38,32,24
12720,2,12,5,3,6
12721,4,0,0,0,0
12722,28,12,117,89,81
12723,95,278,161,283,224
12724,273,65,29,49,48
12725,41,70,32,21,11
12726,8,266,12,0,2
12727,0,4,0,0,0
12728,36,438,865,428,313
12729,15,2,2,4,8
12730,74,25,63,212,164
12731,51,4,55,13,29
12732,1161,1364,458,191,204
12733,5,154,2,1,1
12734,0,2,0,4,4
12735,4,16,8,1,5
12736,87,445,441,462,585
12737,3,0,1,1,0
12738,129,23,29,100,74
12739,5,10,1,3,3
12740,97,65,100,133,130
12741,48,90,93,121,99
12742,26,62,596,390,400
12743,113,17,56,11,24
12744,407,1615,1043,1007,979
12745,13,319,43,73,71
12746,72,0,30,20,46
12747,18,154,85,42,68
12748,121,18,78,90,114
12749,0,0,9,56,74
12750,3,57,108,96,90
12751,14,299,860,611,694
12752,10,822,535,506,457
12753,0,2,307,561,476
12754,65,23,8,19,15
12755,0,64,35,37,26
12756,29,13,22,12,16
12757,32,261,39,30,37
12758,1,0,2,1,1
12759,10,9,100,80,75
12760,0,14,5,3,3
12761,72,126,312,231,338
12762,39,50,30,56,49
12763,113,11,12,23,11
12764,15,179,74,149,144
12765,433,827,119,198,153
12766,6,42,1,1,1
12767,33,37,4,9,9
12768,0,2,0,0,0
12769,23,134,60,25,21
12770,76,29,13,12,18
12771,0,0,0,0,0
12772,38,10,0,0,0
12773,16,49,3,9,2
12774,1,44,22,20,14
12775,0,20,12,25,18
12776,557,95,111,27,25
12777,1,2,11,42,46
12778,67,32,141,26,13
12779,23,23,77,65,111
12780,1,6,18,12,37
12781,2,17,24,15,14
12782,1,0,0,0,0
12783,269,453,426,670,739
12784,15,4,9,0,0
12785,514,166,21,11,6
12786,63,6,27,24,23
12787,24,85,63,80,102
12788,9,2,3,5,9
12789,239,159,186,229,196
12790,8,0,0,4,10
12791,12,67,14,17,16
12792,7,60,5,5,2
12793,10,8,11,3,3
12794,318,641,287,239,267
12795,307,1718,10,47,60
12796,32,161,6,8,6
12797,5,2,261,241,201
12798,0,13,29,31,34
12799,54,37,70,52,74
12800,1169,2231,1474,1666,1462
12801,1,0,1,0,0
12802,441,200,149,250,244
12803,0,8,6,7,9
12804,0,0,0,0,0
12805,86,25,10,7,7
12806,179,57,10,138,126
12807,34,2,46,68,68
12808,0,2,2,3,4
12809,255,3,67,45,40
12810,0,54,164,110,146
12811,4,11,0,0,1
12812,112,10,39,54,71
12813,744,184,393,949,1044
12814,238,4,0,3,1
12815,7,135,397,143,178
12816,6,31,184,208,199
12817,42,633,679,445,498
12818,7,0,53,67,39
12819,14,27,20,21,18
12820,23,43,8,7,6
12821,7,5,13,5,8
12822,54,7,198,317,215
12823,105,76,58,88,71
12824,21,0,0,0,0
12825,10,21,12,6,7
12826,10,83,40,27,19
12827,1,14,107,112,129
12828,11,5,95,100,76
12829,4,99,11,24,19
12830,60,752,7,120,193
12831,0,0,3,1,3
12832,0,5,15,7,9
12833,5,12,0,0,0
12834,0,6,10,3,2
12835,51,115,27,27,35
12836,492,408,79,167,182
12837,46,7,1,9,12
12838,2,54,88,91,96
12839,2,0,12,4,3
12840,7,4,119,125,147
12841,2,69,5,3,4
12842,270,1544,1497,1129,1071
12843,6,16,174,166,142
12844,56,12,22,10,10
12845,37,2284,871,1318,968
12846,245,200,193,105,72
12847,25,17,15,4,4
12848,6,94,185,205,164
12849,78,7,147,30,95
12850,40,9,2,3,5
12851,0,16,23,30,44
12852,9,7,0,0,0
12853,815,71,233,98,153
12854,147,106,112,58,54
12855,89,17,148,188,125
12856,1,158,6,26,23
12857,44,0,69,99,78
12858,0,0,1,4,3
12859,153,494,81,233,393
12860,11,0,54,17,10
12861,35,32,1,1,1
12862,358,1234,1672,1271,1331
12863,73,227,5,16,18
12864,136,20,26,106,92
12865,220,266,338,563,655
12866,4,553,53,10,17
12867,2,27,64,38,38
12868,75,76,538,411,390
12869,2,40,66,73,95
12870,0,0,16,26,41
12871,0,4,0,0,0
12872,119,146,14,16,23
12873,21,4,178,228,198
12874,1,14,6,45,46
12875,498,98,12,15,25
12876,82,118,48,38,27
12877,15,0,2,1,2
12878,4,4,7,2,2
12879,23,34,16,0,0
12880,11,20,2,19,9
12881,72,32,376,596,409
12882,8,6,67,65,49
12883,8,132,4,4,4
12884,83,3,41,72,76
12885,2,114,315,296,339
12886,9,0,24,15,15
12887,1523,362,45,117,91
12888,35,8,4,4,5
12889,480,1,7,17,12
12890,107,407,245,264,204
12891,2,19,6,5,15
12892,62,124,121,73,92
12893,525,92,211,69,77
12894,26,134,129,120,134
12895,118,126,120,54,98
12896,36,17,64,23,29
12897,9,1,0,0,0
12898,391,545,96,9,13
12899,94,71,253,194,158
12900,62,0,6,1,1
12901,141,2131,508,1028,1159
12902,6,2,13,10,11
12903,0,0,0,0,0
12904,82,104,260,125,159
12905,0,0,7,8,7
12906,0,0,6,2,1
12907,62,138,19,26,28
12908,24,6,10,9,10
12909,7,5,10,2,3
12910,0,4,5,0,1
12911,14,21,11,48,41
12912,0,11,105,43,19
12913,37,293,97,149,117
12914,58,9,2,0,0
12915,164,16,5,7,4
12916,12,10,22,12,16
12917,20,31,81,112,114
12918,780,802,9,173,62
12919,58,146,33,38,23
12920,302,92,382,368,434
12921,51,212,383,427,425
12922,724,217,472,169,181
12923,283,357,233,254,253
12924,0,5,9,6,4
12925,623,64,11,12,9
12926,74,17,26,20,5
12927,634,242,27,442,396
12928,658,654,372,181,153
12929,5,34,38,17,23
12930,7,14,146,130,131
12931,2,0,0,2,0
12932,82,11,10,14,11
12933,790,14,219,460,391
12934,0,0,2,0,0
12935,55,4,89,53,39
12936,3,0,0,6,4
12937,138,293,591,340,399
12938,17,247,200,116,129
12939,0,0,0,1,1
12940,30,38,10,12,12
12941,2,6,769,622,662
12942,2,2,32,22,17
12943,524,2432,269,386,282
12944,22,15,2,9,2
12945,62,28,2,2,3
12946,11,169,315,773,613
12947,215,191,1023,1040,1164
12948,59,102,59,186,145
12949,29,109,24,26,23
12950,1,114,54,21,15
12951,32,154,34,78,90
12952,7,2,57,42,46
12953,51,568,93,191,140
12954,18,46,318,777,747
12955,7,0,46,31,30
12956,18,34,277,269,293
12957,2,1,2,2,1
12958,4,3,3,9,13
12959,2,0,11,14,6
12960,16,5,93,23,21
12961,71,70,59,51,57
12962,10,4,0,0,1
12963,7,5,8,17,19
12964,0,6,13,12,9
12965,62,26,44,42,47
12966,9,12,14,21,17
12967,12,1,1,1,1
12968,27,38,11,22,25
12969,2,6,4,5,2
12970,8,70,22,3,4
12971,41,23,6,51,44
12972,74,23,294,317,324
12973,160,71,10,63,39
12974,9,287,336,335,246
12975,9,273,308,273,248
12976,1,18,22,12,7
12977,0,0,0,0,0
12978,0,7,1,1,2
12979,17,6,8,12,24
12980,8,423,48,58,32
12981,10,51,62,31,29
12982,24,9,7,9,11
12983,60,15,44,124,115
12984,2,0,0,0,1
12985,39,147,63,22,12
12986,174,27,35,60,69
12987,202,308,60,37,20
12988,2947,1307,663,624,669
12989,9,1,0,3,2
12990,53,4,400,732,591
12991,52,163,179,66,76
12992,0,18,19,20,15
12993,210,71,62,64,70
12994,0,0,3,2,2
12995,22,16,10,9,6
12996,8,34,0,1,0
12997,6,18,25,22,26
12998,2,73,47,45,31
12999,98,83,63,71,64
13000,91,19,40,50,47
13001,350,652,70,39,29
13002,66,253,215,128,173
13003,54,37,10,12,14
13004,555,219,154,155,124
13005,5,4,73,62,75
13006,14,12,6,6,4
13007,19,9,13,25,34
13008,1,3,3,2,2
13009,154,170,64,63,68
13010,137,237,306,255,215
13011,0,1,1,7,10
13012,41,19,3,10,12
13013,311,657,311,827,862
13014,5,4,21,23,18
13015,1,0,13,6,12
13016,27,181,293,401,359
13017,9,204,75,51,79
13018,77,155,750,832,812
13019,73,240,34,33,30
13020,0,0,10,7,11
13021,24,15,164,109,216
13022,101,97,114,145,161
13023,8,2,19,28,39
13024,11,71,73,154,176
13025,2078,3071,5886,5721,5749
13026,42,12,31,5,4
13027,1,4,11,25,19
13028,27,0,5,6,17
13029,33,14,2,0,0
13030,2,0,80,106,92
13031,63,7,32,23,22
13032,8,67,27,17,14
13033,3,1,31,135,190
13034,10,19,0,0,0
13035,82,47,9,3,4
13036,280,183,190,189,359
13037,3,100,9,8,7
13038,1,3,0,0,0
13039,0,0,1,0,0
13040,609,729,90,244,268
13041,0,1,6,7,9
13042,137,160,225,469,398
13043,33,4,296,125,108
13044,17,38,4,8,10
13045,21,9,313,275,206
13046,4,39,9,12,15
13047,4,0,9,10,11
13048,519,327,138,184,182
13049,2,5,27,52,44
13050,2,66,4,2,0
13051,9,5,0,1,1
13052,141,176,275,139,159
13053,11,22,5,15,15
13054,113,1451,1100,697,655
13055,1084,16,172,121,142
13056,856,808,9,3,0
13057,36,34,121,41,22
13058,7,33,111,49,71
13059,73,16,13,114,100
13060,77,685,750,431,530
13061,5,146,11,24,18
13062,127,6,0,0,1
13063,292,100,569,221,219
13064,30,11,6,6,6
13065,1,3,3,2,1
13066,717,120,166,71,58
13067,20,8,93,51,61
13068,4263,1615,661,959,945
13069,19,31,147,85,78
13070,306,135,83,16,21
13071,44,3,21,107,165
13072,3,5,27,39,33
13073,13,21,9,11,15
13074,6,22,49,64,60
13075,6,117,6,15,15
13076,22,1,2,3,2
13077,0,33,25,9,8
13078,0,0,46,6,7
13079,105,71,32,69,57
13080,103,6,42,29,38
13081,2,0,0,0,0
13082,135,124,34,84,67
13083,1,10,19,62,42
13084,396,21,37,37,41
13085,24,109,231,206,206
13086,190,0,11,29,31
13087,609,848,1992,1688,2272
13088,24,139,116,72,87
13089,0,0,8,14,13
13090,2,57,20,5,4
13091,63,8,38,34,28
13092,139,167,9,18,14
13093,78,32,4,5,1
13094,4,19,52,110,109
13095,181,1490,407,344,520
13096,44,0,139,82,160
13097,74,285,217,236,242
13098,110,287,132,362,371
13099,8,0,5,14,13
13100,7,72,3,1,2
13101,57,56,58,260,244
13102,100,50,171,131,139
13103,36,20,7,8,10
13104,42,85,148,316,382
13105,328,186,332,601,333
13106,0,36,28,58,55
13107,7,5,5,5,4
13108,5,19,9,21,42
13109,2,4,2,6,8
13110,50,82,86,75,35
13111,39,110,51,62,64
13112,1,96,37,60,54
13113,4,1,28,17,14
13114,44,6,371,158,227
13115,466,152,150,72,60
13116,408,209,108,85,108
13117,82,256,590,250,280
13118,115,85,438,215,169
13119,5,31,16,34,31
13120,1445,269,759,523,442
13121,9,8,55,32,25
13122,8,23,29,29,28
13123,162,164,177,215,292
13124,0,1,11,26,41
13125,5,32,378,356,450
13126,399,42,728,452,602
13127,161,13,84,43,51
13128,4,7,170,61,35
13129,0,14,4,2,2
13130,10,58,27,8,16
13131,7,33,27,29,22
13132,304,136,13,19,17
13133,89,4,61,61,60
13134,4,0,0,0,0
13135,35,6,432,386,486
13136,499,25,25,16,14
13137,42,21,76,85,133
13138,12,28,6,8,8
13139,0,5,62,47,41
13140,42,88,90,61,79
13141,0,8,180,268,214
13142,75,3,93,67,98
13143,34,13,42,15,18
13144,1,10,774,760,950
13145,31,7,12,8,8
13146,2,87,163,344,346
13147,14,1,0,0,0
13148,11,4,7,5,7
13149,155,1311,1792,2620,2432
13150,726,717,1110,1545,1506
13151,12,11,40,85,82
13152,120,31,40,63,55
13153,70,28,8,1,1
13154,4,27,16,18,12
13155,16,15,2,1,1
13156,0,0,0,0,1
13157,10,105,474,381,428
13158,160,39,35,85,82
13159,70,36,2,13,20
13160,1,7,1,1,2
13161,326,109,193,94,155
13162,70,1,2,1,1
13163,1,23,213,144,126
13164,2,8,0,0,0
13165,4,2,15,11,10
13166,37,0,4,2,5
13167,617,917,692,897,985
13168,42,778,292,260,299
13169,3,0,1,1,1
13170,104,63,13,11,7
13171,452,258,19,72,71
13172,3,192,250,70,65
13173,0,1,30,18,19
13174,71,54,3,4,5
13175,6,3,129,192,229
13176,266,58,146,153,138
13177,8,8,6,10,9
13178,30,305,379,102,132
13179,157,391,486,224,219
13180,0,0,18,22,20
13181,1,18,2,0,0
13182,7,11,36,30,25
13183,0,0,3,2,1
13184,0,4,10,7,8
13185,238,598,881,612,770
13186,22,86,1,1,0
13187,3,1,4,2,4
13188,40,9,5,7,7
13189,1,37,23,32,44
13190,14,13,5,5,9
13191,0,10,2,1,1
13192,19,96,171,73,82
13193,11,17,215,181,182
13194,237,129,15,11,10
13195,0,1,0,0,0
13196,17,1,4,2,4
13197,247,306,172,242,198
13198,3,51,4,3,2
13199,1,382,198,242,266
13200,30,69,535,591,689
13201,0,1,0,0,0
13202,9,54,5,35,37
13203,24,2,1,8,5
13204,2,61,12,4,5
13205,8,12,14,4,4
13206,21,98,19,18,18
13207,105,135,5,11,21
13208,21,20,58,34,53
13209,160,159,221,118,136
13210,45,3,2,1,1
13211,283,55,113,356,223
13212,84,8,8,3,3
13213,0,56,36,54,59
13214,46,58,151,75,97
13215,55,20,10,9,14
13216,34,65,92,117,99
13217,0,21,30,58,38
13218,0,0,3,3,6
13219,33,174,11,70,65
13220,0,373,462,623,627
13221,37,50,66,48,44
13222,168,29,102,78,102
13223,11,13,39,87,61
13224,4,13,43,56,45
13225,0,1,5,3,3
13226,4,13,3,4,4
13227,6,82,87,61,43
13228,101,176,278,388,526
13229,57,50,8,1,0
13230,4,11,6,2,2
13231,0,0,2,1,2
13232,0,5,4,1,2
13233,106,5,187,63,21
13234,98,33,294,283,194
13235,0,0,0,2,2
13236,1,9,12,11,6
13237,24,155,128,179,152
13238,14,6,46,21,23
13239,1,1,60,116,111
13240,0,71,21,15,18
13241,15,55,49,39,33
13242,0,10,6,17,12
13243,1,154,22,48,40
13244,54,197,20,139,127
13245,0,10,43,35,28
13246,168,26,7,6,12
13247,0,5,1,0,0
13248,33,25,0,3,3
13249,6,79,2,22,15
13250,4,1,0,0,0
13251,38,121,489,297,265
13252,0,72,98,104,103
13253,0,59,43,0,0
13254,0,1,1,0,0
13255,62,11,74,99,71
13256,6,0,3,0,1
13257,120,80,49,74,89
13258,27,59,14,1,2
13259,409,78,17,108,73
13260,14,10,0,1,1
13261,78,172,253,550,385
13262,16,3,31,18,14
13263,446,123,28,13,12
13264,0,1,4,4,2
13265,254,142,202,132,104
13266,316,931,2138,2749,1558
13267,12,15,321,21,32
13268,139,200,474,189,245
13269,310,210,339,156,154
13270,13,1,10,20,16
13271,49,67,250,234,180
13272,12,43,15,8,8
13273,22,4,62,16,13
13274,61,16,957,851,775
13275,3,42,7,5,2
13276,5,16,133,82,143
13277,139,940,178,142,157
13278,15,3,0,1,1
13279,65,16,13,182,113
13280,0,0,0,0,0
13281,3,0,12,8,10
13282,1,0,1,2,5
13283,0,12,51,25,21
13284,2,116,32,31,28
13285,3,2,0,0,0
13286,12,0,32,22,14
13287,63,157,255,428,412
13288,85,31,207,85,156
13289,688,51,259,288,255
13290,6,0,13,12,11
13291,33,1,4,2,3
13292,15,19,21,27,34
13293,7,259,561,923,713
13294,9,7,0,0,0
13295,65,30,46,21,21
13296,0,0,0,0,0
13297,5,4,106,187,130
13298,5,0,1,1,1
13299,7,6,21,68,51
13300,23,52,59,23,27
13301,315,289,124,141,173
13302,0,59,0,4,3
13303,4,5,0,0,0
13304,599,152,49,88,96
13305,62,191,164,251,276
13306,456,77,120,85,88
13307,16,1,0,6,4
13308,1,41,28,41,42
13309,15,33,11,14,15
13310,0,10,1,1,1
13311,0,0,0,0,0
13312,4,1,0,0,1
13313,4,70,124,157,159
13314,15,0,0,0,0
13315,13,162,151,49,46
13316,366,10,436,162,143
13317,126,64,47,15,9
13318,172,46,142,122,147
13319,3,8,7,5,5
13320,33,272,412,528,550
13321,51,5,12,3,2
13322,115,75,49,54,64
13323,467,513,279,430,209
13324,2,19,5,14,16
13325,85,58,48,48,48
13326,49,28,252,287,279
13327,97,96,4,2,5
13328,29,7,21,10,7
13329,11,107,2,1,0
13330,67,94,6,9,17
13331,9,277,35,17,17
13332,12,54,335,257,246
13333,38,3,1,0,0
13334,234,1120,294,250,281
13335,213,164,10,16,10
13336,257,283,46,38,33
13337,10,86,27,14,13
13338,486,148,82,72,101
13339,2,0,40,54,59
13340,97,73,11,14,13
13341,2,6,39,12,10
13342,24,388,68,42,16
13343,0,0,0,0,0
13344,218,9,7,52,37
13345,209,2,51,29,28
13346,35,687,152,220,206
13347,21,166,76,46,41
13348,20,18,413,243,278
13349,6,0,0,0,0
13350,9,5,7,3,4
13351,0,0,0,1,0
13352,7,8,3,16,10
13353,9,15,0,0,0
13354,2,3,4,7,8
13355,1,0,0,0,0
13356,41,35,7,4,3
13357,0,0,4,2,3
13358,29,1,43,28,31
13359,49,12,127,127,132
13360,1295,923,526,339,526
13361,0,0,1,7,10
13362,3,16,1,1,2
13363,36,32,1,0,0
13364,79,477,754,721,875
13365,1,28,119,16,47
13366,1,3,0,0,0
13367,56,0,13,7,10
13368,45,4,45,33,43
13369,30,125,57,32,31
13370,4,6,230,283,268
13371,12,1,1,0,1
13372,182,321,278,329,346
13373,151,21,155,33,9
13374,37,127,276,83,91
13375,0,262,0,10,16
13376,3,23,2,0,1
13377,178,323,138,150,92
13378,2,30,26,15,16
13379,7,12,3,3,3
13380,9,35,134,235,251
13381,16,45,12,46,51
13382,0,11,24,69,76
13383,0,0,21,16,6
13384,3,2,14,21,38
13385,1,2,4,0,1
13386,279,41,51,22,24
13387,45,66,196,280,154
13388,0,12,41,11,6
13389,2,0,20,11,6
13390,0,5,83,40,27
13391,1,0,192,91,54
13392,8,1,2,14,33
13393,6,1,1,1,2
13394,3,7,3,3,0
13395,0,45,3,7,4
13396,1374,16,765,347,311
13397,158,185,20,21,29
13398,17,23,1,0,0
13399,15,52,130,162,121
13400,2,0,4,0,2
13401,35,16,15,83,56
13402,91,14,5,23,15
13403,570,315,202,156,181
13404,90,68,284,287,219
13405,0,0,2,0,0
13406,593,11,20,113,113
13407,1,11,2,0,0
13408,44,227,115,63,51
13409,10,8,0,0,0
13410,14,22,12,22,21
13411,49,34,83,159,99
13412,1323,750,488,663,544
13413,0,0,0,0,0
13414,11,8,1,6,5
13415,6,93,16,56,21
13416,73,18,79,83,92
13417,3,45,4,1,1
13418,1,35,6,19,23
13419,103,142,170,145,113
13420,1,0,16,19,26
13421,100,53,193,303,286
13422,0,4,2,1,1
13423,856,3395,727,502,433
13424,83,44,50,135,226
13425,211,190,367,204,213
13426,105,5,2,1,1
13427,103,258,511,537,344
13428,2220,679,60,3,2
13429,16,8,51,59,46
13430,21,12,184,62,86
13431,165,16,17,32,36
13432,2,56,16,25,34
13433,85,112,9,21,29
13434,1,7,5,3,5
13435,0,8,38,42,63
13436,0,1,0,2,1
13437,370,374,492,358,439
13438,27,50,4,1,1
13439,136,7,39,36,56
13440,7,28,3,30,27
13441,6,14,26,21,9
13442,47,39,96,66,82
13443,29,75,70,138,72
13444,13,1352,108,74,63
13445,42,30,11,12,18
13446,0,0,0,2,2
13447,10,49,2,4,4
13448,0,0,0,0,0
13449,104,56,105,108,65
13450,11,37,104,228,246
13451,1179,12,190,185,257
13452,0,3,0,0,0
13453,2,8,92,40,32
13454,340,148,97,89,101
13455,35,401,429,699,530
13456,1537,952,268,229,236
13457,0,0,0,0,0
13458,0,0,1,1,2
13459,4,3,2,12,6
13460,38,23,7,21,21
13461,22,0,10,5,5
13462,61,43,600,905,649
13463,7,14,243,251,217
13464,1,0,7,1,2
13465,4,10,2,28,42
13466,6,3,31,25,15
13467,202,35,4,18,7
13468,13,39,69,61,69
13469,25,38,36,29,30
13470,5,3,6,4,4
13471,20,21,23,32,51
13472,41,5,0,0,0
13473,22,2,3,2,2
13474,16,25,19,4,9
13475,13,4,0,0,0
13476,888,1353,3153,2765,2688
13477,17,23,95,63,47
13478,19,108,316,309,336
13479,298,223,127,221,228
13480,10,34,10,31,24
13481,53,2,11,11,10
13482,0,0,0,0,0
13483,6,862,93,379,309
13484,474,4,14,7,7
13485,19,8,13,8,9
13486,7,3,35,26,27
13487,16,43,394,340,302
13488,604,1133,1335,1094,879
13489,2,1,41,59,53
13490,5,29,127,192,182
13491,49,19,2,3,4
13492,18,0,3,3,5
13493,59,2,9,16,17
13494,1,5,5,9,6
13495,2,11,25,14,21
13496,22,141,422,411,462
13497,42,0,52,90,162
13498,156,664,111,142,144
13499,0,2,1,1,1
13500,414,139,32,14,24
13501,6,1,5,6,6
13502,37,8,61,60,93
13503,15,2,21,23,22
13504,277,150,229,105,113
13505,19,428,315,96,79
13506,1,3,88,142,145
13507,9,13,6,2,2
13508,36,59,1059,541,577
13509,10,0,5,7,5
13510,31,80,12,39,28
13511,16,193,11,26,42
13512,359,42,312,326,281
13513,50,0,0,0,0
13514,47,12,2,0,0
13515,26,47,21,14,5
13516,68,242,459,705,809
13517,119,63,189,186,226
13518,129,27,38,56,83
13519,113,110,215,150,145
13520,0,8,0,0,0
13521,2,169,6,30,20
13522,15,39,333,1020,1076
13523,92,8,265,197,206
13524,15,4,2,10,7
13525,13,0,60,134,130
13526,450,298,496,149,161
13527,979,329,127,115,126
13528,0,14,4,0,0
13529,68,42,172,85,95
13530,150,1650,4009,3245,3380
13531,114,37,573,402,353
13532,38,15,47,61,65
13533,11,4,25,13,7
13534,0,3,0,2,3
13535,77,247,184,395,373
13536,201,20,86,90,76
13537,141,35,105,173,151
13538,2,1,0,0,0
13539,16,63,14,4,0
13540,9,0,1,4,1
13541,259,36,85,124,70
13542,17,1,331,231,171
13543,109,2,20,7,8
13544,23,11,2,1,1
13545,4,39,0,2,4
13546,3,552,933,923,917
13547,46,33,0,0,0
13548,13,37,672,537,567
13549,83,7,15,16,25
13550,79,149,86,319,289
13551,86,171,45,210,179
13552,4,9,29,31,27
13553,2,0,2,6,2
13554,25,0,242,231,281
13555,14,3,28,73,74
13556,0,0,4,2,3
13557,87,373,654,653,810
13558,121,3,30,8,9
13559,76,138,11,7,6
13560,77,6,73,67,60
13561,36,33,2,1,2
13562,122,226,44,37,49
13563,0,4,1,0,0
13564,4,7,8,22,31
13565,23,19,0,0,0
13566,29,12,21,37,24
13567,785,148,172,127,97
13568,0,1,16,7,7
13569,160,67,30,39,47
13570,18,19,18,20,22
13571,78,2,1,1,1
13572,28,2,64,164,205
13573,27,3,11,3,2
13574,1,37,61,99,84
13575,348,1376,1031,826,900
13576,0,20,6,2,3
13577,10,17,115,106,99
13578,980,12,99,111,110
13579,4,492,572,721,713
13580,0,6,10,2,1
13581,0,5,2,0,0
13582,1,0,135,131,148
13583,54,250,656,479,369
13584,0,24,137,164,149
13585,4,1,1,4,4
13586,0,0,15,11,14
13587,424,274,514,431,434
13588,0,0,35,92,132
13589,15,534,365,73,152
13590,37,26,53,24,21
13591,38,32,22,53,61
13592,181,299,1068,1599,1555
13593,133,6,294,176,220
13594,0,1,47,72,91
13595,173,77,22,47,66
13596,0,230,2,6,6
13597,206,9,70,110,91
13598,165,184,316,112,112
13599,17,280,559,29,39
13600,3,2,9,8,5
13601,21,24,18,14,15
13602,10,17,20,21,29
13603,1,11,2,2,2
13604,24,4,13,1,2
13605,1,20,75,116,101
13606,18,17,1,0,0
13607,0,2,3,4,2
13608,2,24,123,31,27
13609,20,261,998,726,518
13610,137,1624,573,242,351
13611,386,17,10,11,9
13612,453,25,1174,915,875
13613,34,27,3,4,4
13614,6,28,109,40,33
13615,1,5,2,2,2
13616,21,17,80,60,53
13617,34,54,12,30,37
13618,401,284,18,41,32
13619,70,2,67,47,17
13620,181,15,30,85,89
13621,151,3,4,7,10
13622,20,23,9,7,7
13623,242,682,427,348,331
13624,18,11,60,86,64
13625,12,68,4,3,3
13626,4,18,1,2,2
13627,2,8,3,7,7
13628,69,26,215,220,150
13629,90,195,12,14,17
13630,6,7,55,60,93
13631,81,18,116,134,99
13632,123,303,67,33,21
13633,2,1,3,2,1
13634,750,1241,978,713,790
13635,4,6,1,4,3
13636,272,0,23,24,33
13637,47,269,176,57,51
13638,52,619,588,548,621
13639,5,2,10,4,7
13640,135,39,7,23,49
13641,174,27,408,441,479
13642,0,0,13,23,15
13643,36,39,6,37,36
13644,2,5,7,11,11
13645,4,0,10,1,3
13646,1,10,3,11,19
13647,0,1,0,0,0
13648,25,165,0,0,0
13649,1,1,205,73,114
13650,903,157,9,117,94
13651,1,0,12,7,8
13652,175,7,27,157,135
13653,34,66,82,128,145
13654,1,0,1,1,1
13655,2,1,35,22,49
13656,148,88,9,25,19
13657,0,8,34,31,30
13658,1,1,2,1,1
13659,84,23,8,35,24
13660,392,504,2035,1483,1355
13661,35,67,1353,1047,1111
13662,75,57,63,11,15
13663,33,262,14,9,11
13664,617,695,1026,1032,1006
13665,245,33,371,534,598
13666,223,1309,341,1886,1493
13667,97,55,35,188,185
13668,5,0,5,4,7
13669,1,0,3,5,3
13670,781,11,2752,1945,2010
13671,1,167,8,11,9
13672,7,2,70,27,31
13673,48,1,67,18,16
13674,38,15,40,38,64
13675,6,1,11,12,14
13676,1,2,1,0,0
13677,21,4,3,4,5
13678,48,1,1,2,2
13679,0,0,0,1,1
13680,43,30,52,89,110
13681,24,4,6,16,12
13682,2,5,9,14,13
13683,0,3,7,13,7
13684,15,36,265,354,216
13685,0,1,2,0,1
13686,25,7,21,27,21
13687,0,0,4,4,3
13688,20,2,23,200,221
13689,21,24,0,0,0
13690,28,51,3,2,1
13691,20,0,28,30,19
13692,686,1170,116,171,184
13693,353,606,46,35,57
13694,2,0,15,5,8
13695,156,26,28,6,5
13696,807,1363,510,324,416
13697,1,4,1,2,3
13698,0,4,4,3,3
13699,50,43,12,1,1
13700,4,198,30,11,15
13701,118,269,56,89,92
13702,3,13,88,137,134
13703,224,117,59,42,40
13704,9,8,330,370,434
13705,75,36,105,65,54
13706,4,2,1,14,14
13707,56,119,29,35,41
13708,3,4,1,2,1
13709,167,0,0,1,1
13710,3,64,1,0,0
13711,19,1707,165,342,394
13712,320,257,699,619,642
13713,121,161,65,25,27
13714,5,0,6,45,17
13715,2,0,13,55,46
13716,13,5,9,3,2
13717,328,588,578,869,825
13718,40,0,70,50,62
13719,47,0,9,33,35
13720,0,0,0,0,0
13721,51,84,1,0,0
13722,5,19,8,7,16
13723,148,256,54,157,165
13724,5,2,7,8,2
13725,80,10,12,12,19
13726,52,0,5,2,2
13727,14,5,5,1,1
13728,2,3,12,37,31
13729,331,14,151,164,137
13730,2,177,36,34,30
13731,84,155,32,47,41
13732,1,20,169,109,65
13733,27,74,163,264,313
13734,4,674,290,370,361
13735,50,108,78,162,93
13736,84,25,188,97,98
13737,3,20,27,11,13
13738,1,0,0,0,0
13739,23,653,88,103,109
13740,17,109,8,4,3
13741,7,1,1,4,7
13742,43,106,3,2,4
13743,144,196,363,264,208
13744,87,92,9,2,1
13745,0,4,5,3,4
13746,4,29,4,2,2
13747,1,100,15,4,6
13748,4,27,150,185,97
13749,43,159,597,609,568
13750,27,30,19,14,19
13751,31,1,0,3,3
13752,26,218,455,597,649
13753,249,18,67,11,7
13754,30,4,34,66,57
13755,55,10,6,7,5
13756,265,37,277,148,215
13757,9,5,3,1,1
13758,2,25,79,38,41
13759,1641,1126,228,203,241
13760,5,7,5,3,2
13761,3,7,9,10,10
13762,3,0,29,16,17
13763,682,395,37,56,57
13764,2058,634,96,199,238
13765,255,27,640,502,450
13766,939,896,376,391,261
13767,1224,344,499,523,352
13768,9,18,106,125,199
13769,6,15,58,18,23
13770,2,4,5,22,19
13771,2,10,21,15,17
13772,86,36,457,477,489
13773,56,205,1087,1165,1065
13774,96,173,47,14,29
13775,21,32,5,9,5
13776,28,2,240,198,300
13777,292,287,344,392,334
13778,4,52,97,114,126
13779,838,90,117,78,64
13780,13,211,1101,578,836
13781,54,72,242,219,192
13782,2,98,68,41,43
13783,275,299,453,643,634
13784,37,119,413,285,326
13785,6,2,13,25,22
13786,0,4,0,0,0
13787,0,2,1,2,2
13788,0,0,0,0,0
13789,142,32,56,4,4
13790,5,3,12,24,36
13791,71,41,19,21,18
13792,6,2,59,53,72
13793,65,4,28,47,40
13794,2,0,12,9,14
13795,33,52,66,134,79
13796,27,57,1,4,5
13797,0,1,3,1,1
13798,62,0,184,147,167
13799,10,19,1,1,1
13800,5,4,3,3,5
13801,0,1,182,104,106
13802,155,80,24,93,94
13803,7,25,342,334,445
13804,44,398,93,109,90
13805,73,5,123,176,152
13806,8,0,9,9,3
13807,437,388,337,1302,1265
13808,0,0,4,9,6
13809,24,62,7,12,12
13810,132,51,103,69,54
13811,0,19,5,21,12
13812,1,27,14,2,1
13813,333,254,315,159,156
13814,65,560,42,97,93
13815,12,19,58,49,56
13816,10,5,63,67,100
13817,80,20,344,125,129
13818,91,166,12,9,7
13819,39,9,1,3,8
13820,6,87,142,73,70
13821,102,98,791,180,256
13822,0,7,14,13,20
13823,0,11,8,11,10
13824,53,109,103,65,79
13825,1,0,0,1,0
13826,42,22,30,29,43
13827,29,12,49,3,13
13828,58,17,146,118,159
13829,829,322,164,152,153
13830,11,53,31,37,36
13831,130,3,11,19,17
13832,0,0,95,55,27
13833,86,27,94,79,70
13834,0,9,31,71,50
13835,3,53,100,376,403
13836,56,14,0,0,0
13837,0,0,0,0,0
13838,11,20,15,2,7
13839,11,75,115,35,68
13840,0,7,2,0,0
13841,9,0,215,106,152
13842,270,295,262,297,303
13843,25,0,16,5,3
13844,70,263,32,139,88
13845,368,187,214,79,77
13846,0,4,16,0,0
13847,20,7,79,128,99
13848,51,336,81,185,77
13849,135,18,2,5,5
13850,170,88,90,92,73
13851,1,22,15,0,0
13852,4,33,52,77,61
13853,20,73,2,8,7
13854,7,2,2,0,0
13855,0,0,0,0,0
13856,147,17,295,274,216
13857,0,1,3,12,8
13858,403,391,260,422,360
13859,20,62,3,12,11
13860,0,3,11,1,3
13861,60,3,20,63,45
13862,16,3,14,9,6
13863,139,0,107,139,201
13864,1,0,0,0,0
13865,36,13,138,179,218
13866,7,4,0,0,0
13867,24,2,6,2,7
13868,38,38,626,1063,1066
13869,0,0,35,53,71
13870,404,88,70,26,22
13871,4,5,2,1,0
13872,48,45,1903,3228,2955
13873,82,1520,230,431,387
13874,119,15,22,11,16
13875,6,8,7,1,1
13876,49,39,55,180,151
13877,73,22,0,30,30
13878,10,26,2,2,2
13879,4,214,421,296,377
13880,6,8,27,2,3
13881,451,111,226,415,332
13882,0,11,82,100,99
13883,70,1,48,55,81
13884,57,73,153,131,98
13885,43,128,7,3,4
13886,0,57,167,197,223
13887,94,48,5,72,58
13888,187,165,487,384,334
13889,0,3,89,66,69
13890,1,2,0,0,1
13891,73,474,447,236,189
13892,0,94,15,182,218
13893,432,118,154,179,170
13894,13,24,42,22,18
13895,10,170,109,118,140
13896,430,1027,620,1432,1492
13897,417,71,26,4,18
13898,1,17,0,0,0
13899,18,82,13,42,39
13900,8,0,2,2,2
13901,40,11,41,44,52
13902,20,19,31,30,28
13903,224,299,849,853,895
13904,1,405,11,20,21
13905,12,4,107,481,262
13906,43,0,0,0,0
13907,929,250,33,13,7
13908,291,623,183,119,105
13909,5,7,36,88,83
13910,72,4,72,108,133
13911,22,2,2,2,1
13912,53,26,0,0,1
13913,1389,633,2282,1889,2107
13914,45,209,394,370,421
13915,98,89,196,182,212
13916,5,15,75,44,108
13917,28,84,3,8,3
13918,9,11,3,4,1
13919,0,1,2,1,1
13920,26,7,65,147,100
13921,2,335,722,758,814
13922,256,901,140,344,373
13923,1,38,8,15,6
13924,0,0,2,3,3
13925,2,19,20,7,7
13926,44,23,40,43,46
13927,40,65,5,42,42
13928,10,0,20,34,32
13929,80,27,82,266,265
13930,0,4,17,23,32
13931,20,14,6,11,2
13932,0,3,15,5,7
13933,0,11,12,6,4
13934,463,235,788,615,842
13935,212,166,41,19,20
13936,72,2,17,10,13
13937,1121,2227,610,1018,1275
13938,43,6,44,45,46
13939,86,38,118,163,122
13940,10,1,5,20,21
13941,2,0,5,8,7
13942,29,17,10,5,16
13943,6,0,0,0,0
13944,0,17,86,40,55
13945,6,5,15,50,55
13946,0,2,14,8,10
13947,1,0,13,6,13
13948,1,0,6,6,2
13949,157,119,62,126,143
13950,13,22,11,2,3
13951,2,7,23,39,36
13952,1,1,6,7,5
13953,2,11,35,15,18
13954,452,463,2,3,5
13955,0,5,0,0,0
13956,17,186,75,83,83
13957,6,40,4,28,31
13958,15,31,59,63,65
13959,23,294,114,39,30
13960,16,36,22,20,53
13961,2,4,0,0,0
13962,12,238,2,1,1
13963,124,5,0,0,0
13964,26,78,252,116,164
13965,519,366,929,825,1023
13966,501,18,347,83,131
13967,758,337,38,6,5
13968,14,95,19,19,17
13969,226,101,160,201,243
13970,642,180,362,187,271
13971,29,27,15,22,50
13972,22,121,46,37,30
13973,163,21,244,248,230
13974,0,83,154,53,61
13975,5,1,11,6,12
13976,21,93,58,65,64
13977,0,3,3,8,8
13978,0,10,13,88,106
13979,721,570,13,108,78
13980,1,1,3,4,4
13981,43,20,92,83,81
13982,87,14,45,55,51
13983,19,51,4,6,6
13984,11,4,0,1,1
13985,42,180,215,588,298
13986,13,7,14,5,8
13987,0,54,0,0,0
13988,25,5,0,0,0
13989,25,4,463,593,513
13990,19,16,0,0,0
13991,27,2,1,2,2
13992,1,0,0,0,0
13993,65,14,34,49,59
13994,757,1466,1992,1611,1640
13995,96,6,323,187,207
13996,206,89,295,467,414
13997,40,20,69,78,90
13998,0,4,26,3,4
13999,0,15,14,45,16
14000,73,72,0,0,0
14001,23,7,102,56,84
14002,8,6,145,74,66
14003,0,2,2,0,2
14004,7,2,0,0,1
14005,18,28,116,158,190
14006,1,8,2,1,1
14007,1,19,54,47,43
14008,22,25,6,5,5
14009,57,111,71,69,66
14010,25,222,82,75,91
14011,2,0,2,0,0
14012,4,65,80,92,82
14013,8,42,84,94,102
14014,6,1,7,5,5
14015,228,80,397,344,286
14016,599,577,144,165,177
14017,0,6,11,2,3
14018,3,12,0,2,7
14019,957,622,112,235,236
14020,18,52,79,82,50
14021,119,90,485,580,449
14022,248,9,7,8,15
14023,43,162,127,45,37
14024,1,15,9,2,1
14025,16,32,137,86,97
14026,7,79,131,306,364
14027,0,0,0,0,0
14028,16,409,1889,1352,1509
14029,45,174,2187,2353,2449
14030,17,27,170,98,129
14031,44,595,553,410,412
14032,3,74,33,53,54
14033,1494,165,108,191,216
14034,0,134,6,4,4
14035,288,110,58,57,44
14036,1,0,7,18,15
14037,21,50,16,11,6
14038,19,2,7,0,1
14039,51,45,17,11,6
14040,495,962,595,536,604
14041,0,14,8,4,2
14042,142,84,139,72,47
14043,8,3,10,3,7
14044,17,28,56,53,60
14045,0,95,40,14,13
14046,9,12,11,16,15
14047,8,60,5,24,20
14048,43,217,70,30,36
14049,40,53,171,133,119
14050,7,27,26,22,17
14051,10,34,33,7,8
14052,0,33,172,225,247
14053,104,277,200,54,103
14054,88,131,46,60,62
14055,2359,364,1335,1071,1131
14056,7,190,86,145,128
14057,35,3,2,4,6
14058,2353,2243,581,613,634
14059,13,30,11,40,38
14060,49,3,6,4,11
14061,189,89,310,212,228
14062,20,18,83,151,122
14063,2,45,4,2,2
14064,2,13,0,0,0
14065,1,1,0,0,0
14066,11,18,53,114,78
14067,96,65,1,3,2
14068,13,6,11,18,20
14069,66,201,151,102,143
14070,14,9,0,0,0
14071,0,5,31,3,2
14072,1,0,0,4,3
14073,0,20,5,11,14
14074,4,0,57,9,6
14075,0,1,4,4,10
14076,37,32,17,31,19
14077,521,6362,2777,1612,1922
14078,7,4,20,18,18
14079,121,31,229,220,185
14080,43,34,62,101,66
14081,63,98,78,141,137
14082,247,16,2,6,1
14083,9,45,1,0,2
14084,8,6,18,24,16
14085,4,45,62,26,28
14086,12,11,0,38,29
14087,21,80,99,97,64
14088,29,6,1,7,13
14089,0,0,1,4,6
14090,23,17,4,3,9
14091,31,9,48,47,47
14092,59,338,86,93,221
14093,23,3,5,1,1
14094,16,67,202,56,90
14095,7,149,51,74,42
14096,0,1,10,7,12
14097,0,1,97,82,70
14098,69,136,141,201,170
14099,132,227,3,1,1
14100,6,28,293,194,171
14101,14,2,2,0,2
14102,282,16,118,31,22
14103,3,0,92,49,42
14104,26,1,92,61,86
14105,12,0,12,12,15
14106,106,70,135,394,517
14107,13,6,38,69,91
14108,213,195,7,20,24
14109,37,68,97,64,72
14110,0,6,16,31,34
14111,1,13,3,4,4
14112,13,17,91,67,58
14113,7,18,4,4,15
14114,9,0,30,6,3
14115,66,13,0,0,0
14116,51,11,11,27,25
14117,17,2,8,7,8
14118,72,35,164,83,69
14119,0,0,0,0,0
14120,0,1,8,21,31
14121,233,87,66,109,179
14122,168,191,242,151,114
14123,124,63,28,13,14
14124,0,2,0,0,0
14125,6,22,98,166,113
14126,94,784,520,190,217
14127,706,10,21,28,34
14128,25,36,122,162,156
14129,215,128,49,70,106
14130,5,9,15,6,3
14131,3,3,2,13,11
14132,14,102,160,73,85
14133,30,8,5,2,0
14134,13,4,3,4,4
14135,1412,589,97,167,188
14136,84,9,25,42,56
14137,35,19,90,11,15
14138,18,23,5,0,1
14139,16,58,428,639,675
14140,490,22,95,114,126
14141,1,19,69,99,94
14142,53,46,3,4,5
14143,15,167,32,0,2
14144,27,24,144,135,169
14145,13,3,0,1,1
14146,0,64,24,21,23
14147,36,282,1694,1320,1481
14148,206,2087,2978,3583,3496
14149,7,4,10,8,7
14150,2,3,12,7,7
14151,0,18,35,15,41
14152,0,25,40,138,137
14153,461,120,104,208,210
14154,35,50,72,30,32
14155,86,14,15,5,21
14156,216,35,184,118,128
14157,7,121,140,113,155
14158,20,48,62,31,48
14159,5,22,18,8,9
14160,31,11,5,1,0
14161,1,0,4,2,2
14162,6,11,30,50,33
14163,273,338,381,358,489
14164,3,7,1,7,5
14165,3,342,3,7,12
14166,24,41,50,84,86
14167,0,2,1,7,3
14168,31,11,51,123,114
14169,71,14,56,90,100
14170,47,53,2,5,5
14171,157,469,1,18,17
14172,528,366,82,23,18
14173,0,2,0,0,2
14174,1050,989,1616,2124,2004
14175,102,480,981,970,1041
14176,0,0,3,3,3
14177,1,4,32,39,37
14178,0,5,6,2,6
14179,10,0,0,0,0
14180,8,11,6,3,2
14181,22,204,12,16,18
14182,8,34,22,7,51
14183,5,0,3,1,1
14184,14,64,196,82,52
14185,24,32,690,905,890
14186,5,14,11,7,8
14187,42,48,134,265,258
14188,6,0,5,5,6
14189,144,106,199,372,276
14190,1019,1967,1783,2281,1897
14191,3,4,1,1,1
14192,9,27,6,4,2
14193,384,46,69,207,259
14194,28,83,2,3,3
14195,79,27,1271,1054,972
14196,1587,1750,212,442,436
14197,4,2,3,5,4
14198,53,11,41,5,7
14199,0,8,7,18,17
14200,488,54,51,45,38
14201,25,61,64,34,16
14202,9,71,6,19,25
14203,42,31,138,117,159
14204,0,14,19,10,21
14205,5,2,0,0,0
14206,7,17,84,90,161
14207,2,0,7,8,8
14208,0,2,0,0,0
14209,17,164,426,170,173
14210,1,0,12,22,13
14211,162,9,36,17,21
14212,9,3,6,1,2
14213,2,1,0,0,0
14214,50,8,95,169,119
14215,8,23,0,0,0
14216,2,8,16,8,7
14217,20,1,1,25,23
14218,12,8,0,2,2
14219,3,42,3,3,3
14220,135,219,521,668,698
14221,1,41,34,33,35
14222,15,2,4,3,3
14223,5,64,0,0,0
14224,41,7,765,724,910
14225,283,4,27,12,17
14226,0,1,0,0,0
14227,338,681,544,426,403
14228,103,14,11,8,11
14229,0,2,20,11,9
14230,0,31,49,35,30
14231,2,29,62,28,22
14232,2,0,6,4,5
14233,1,0,7,8,9
14234,350,178,21,14,18
14235,37,486,262,198,179
14236,483,828,2467,2450,2215
14237,37,32,21,42,67
14238,3,7,53,27,38
14239,0,3,4,0,3
14240,1081,1249,1018,1647,1375
14241,37,6,59,17,16
14242,1,34,8,8,9
14243,0,0,6,2,2
14244,2,0,144,96,118
14245,437,349,270,141,133
14246,7,12,3,24,20
14247,82,1,176,172,154
14248,1,11,245,282,284
14249,2,4,21,22,27
14250,266,624,335,374,383
14251,2,65,399,76,44
14252,68,98,848,524,583
14253,3,27,0,2,4
14254,38,25,55,16,19
14255,198,761,818,892,736
14256,0,1,2,2,3
14257,0,0,2,0,1
14258,42,360,235,304,288
14259,18,102,114,89,63
14260,270,2122,39,8,16
14261,0,0,43,40,36
14262,5,3,0,0,0
14263,14,240,2615,2078,2262
14264,82,9,40,41,41
14265,13,7,43,56,46
14266,11,31,34,3,2
14267,55,79,36,23,27
14268,5,0,0,0,0
14269,15,159,489,162,175
14270,0,4,3,7,9
14271,2,24,45,43,25
14272,0,72,4,17,19
14273,0,0,3,13,10
14274,3,20,48,59,66
14275,1,16,77,24,21
14276,6,1,0,0,0
14277,298,52,6,5,8
14278,1,20,41,56,57
14279,51,40,163,81,101
14280,191,106,173,147,113
14281,332,271,116,112,103
14282,1041,30,326,419,282
14283,61,3,33,30,31
14284,45,0,13,4,2
14285,579,1368,325,377,459
14286,0,0,0,0,0
14287,93,0,164,70,95
14288,481,165,140,237,158
14289,9,216,4,53,31
14290,57,37,7,7,7
14291,0,3,0,0,0
14292,1,0,6,5,5
14293,29,1,0,0,1
14294,6,183,50,43,55
14295,24,16,31,42,43
14296,5,3,3,2,1
14297,1,2,12,29,22
14298,17,7,9,5,11
14299,327,76,3,5,5
14300,63,29,17,44,78
14301,198,110,37,54,59
14302,0,0,0,0,0
14303,0,19,54,10,10
14304,2,20,184,161,124
14305,30,52,7,11,14
14306,0,0,8,0,0
14307,42,14,118,81,94
14308,91,130,45,59,55
14309,17,0,20,25,27
14310,1,3,14,17,14
14311,0,2,25,22,21
14312,2,0,0,0,0
14313,2,64,1,0,0
14314,9,4,8,10,5
14315,1341,1777,259,296,186
14316,15,86,25,38,38
14317,606,54,452,642,584
14318,0,0,3,0,1
14319,3,38,10,29,27
14320,62,7,30,22,33
14321,66,12,63,15,18
14322,95,41,34,22,24
14323,0,1,1,0,0
14324,5,14,2,13,22
14325,111,3,0,1,1
14326,10,22,6,4,5
14327,1465,348,282,251,356
14328,5,101,45,33,29
14329,3,8,18,75,56
14330,49,229,1046,652,648
14331,0,0,0,0,0
14332,1,0,4,13,10
14333,2,12,36,25,28
14334,9,82,56,158,117
14335,0,3,14,2,4
14336,1,1,5,1,1
14337,6,0,10,17,20
14338,6,0,9,2,3
14339,77,58,70,44,72
14340,0,20,12,36,28
14341,0,0,0,0,0
14342,437,1000,1578,1950,1931
14343,3,89,67,169,300
14344,15,15,139,177,166
14345,9,57,819,593,615
14346,469,70,97,105,84
14347,10,10,54,20,18
14348,64,136,15,1,2
14349,27,4,17,2,2
14350,429,12,23,3,2
14351,99,11,15,7,7
14352,19,4,27,5,6
14353,0,0,0,0,0
14354,0,32,2,2,2
14355,23,128,657,465,560
14356,35,3,21,24,25
14357,3,0,9,1,7
14358,1,2,121,212,197
14359,6,125,179,82,70
14360,0,0,0,0,0
14361,2,1,0,0,0
14362,2,70,125,73,63
14363,0,2,1,1,1
14364,0,0,0,0,0
14365,1,0,2,0,0
14366,2,0,7,4,8
14367,126,551,158,76,76
14368,4,44,0,3,5
14369,44,0,29,18,12
14370,18,294,78,201,133
14371,4,10,172,89,56
14372,25,62,26,16,13
14373,130,27,1,0,3
14374,1,1,138,136,110
14375,1,0,112,89,107
14376,12,27,2,0,0
14377,32,133,7,12,10
14378,1921,8720,920,681,772
14379,135,125,72,40,51
14380,34,1,91,95,102
14381,6,65,74,46,92
14382,9,11,9,4,5
14383,17,6,19,3,4
14384,3,5,0,0,0
14385,4,8,41,8,14
14386,0,2,3,11,9
14387,0,6,3,1,1
14388,10,263,1184,1280,1455
14389,28,4,16,20,16
14390,16,35,13,41,37
14391,1,92,42,34,41
14392,62,244,249,524,510
14393,278,169,126,118,137
14394,6,232,25,527,494
14395,38,10,896,741,738
14396,275,85,10,8,10
14397,45,50,169,74,77
14398,46,45,482,440,457
14399,7,154,514,346,330
14400,9,85,30,22,22
14401,42,8,36,15,10
14402,71,20,0,2,3
14403,3,4,7,4,4
14404,4,0,3,4,3
14405,69,6,27,16,15
14406,11,1,19,29,26
14407,3,11,8,73,70
14408,371,920,309,257,201
14409,3,0,1,0,0
14410,29,1,0,0,0
14411,32,10,29,62,52
14412,28,9,3,1,2
14413,5,44,179,257,259
14414,15,44,6,1,1
14415,2,8,41,30,30
14416,1,7,34,40,21
14417,112,37,42,70,64
14418,67,123,117,43,15
14419,2,76,7,2,1
14420,10,95,126,89,81
14421,2,2,2,12,10
14422,0,10,2,2,3
14423,0,0,0,6,6
14424,1,11,7,18,8
14425,26,26,31,25,28
14426,33,22,20,11,8
14427,59,2,11,0,0
14428,21,2,5,12,11
14429,5,2,218,17,13
14430,8,1,2,1,2
14431,13,0,22,17,23
14432,0,0,0,0,0
14433,2,20,145,107,67
14434,14,0,1750,1795,1937
14435,71,71,246,139,144
14436,15,24,20,25,23
14437,0,0,61,74,94
14438,16,33,15,45,50
14439,1143,1274,1604,1674,1549
14440,0,20,809,909,947
14441,5,0,0,0,0
14442,186,14,150,285,335
14443,1018,143,195,154,227
14444,0,0,0,0,0
14445,5,3,0,6,6
14446,9,3,0,0,0
14447,4,11,24,23,19
14448,133,182,144,192,212
14449,115,1,174,253,342
14450,9,908,142,62,65
14451,11,47,2,2,2
14452,21,20,4,3,3
14453,1,4,2,0,0
14454,1,6,42,35,37
14455,4598,4720,3984,3669,3730
14456,253,734,178,58,88
14457,26,1,9,17,19
14458,0,0,5,1,2
14459,76,103,121,93,58
14460,43,0,4,3,3
14461,106,39,80,59,51
14462,272,44,220,144,139
14463,15,2,12,5,4
14464,24,110,220,54,70
14465,1,8,13,4,7
14466,53,0,28,28,41
14467,40,7,18,9,4
14468,2,0,3,4,4
14469,0,0,0,0,0
14470,88,145,104,26,29
14471,0,2,76,62,67
14472,2,34,274,113,129
14473,1,0,0,0,0
14474,0,8,1,1,1
14475,380,62,25,99,51
14476,11,2,8,3,3
14477,135,12,20,24,29
14478,27,41,14,4,4
14479,0,0,0,5,5
14480,31,232,77,70,56
14481,1,30,28,55,64
14482,1,0,111,93,31
14483,9,78,211,206,344
14484,8,30,54,75,73
14485,46,48,189,169,205
14486,103,4,4,1,6
14487,1,0,1,1,1
14488,902,74,123,108,92
14489,3,1,25,8,9
14490,4,22,1,1,1
14491,44,6,20,18,21
14492,740,231,126,103,142
14493,1,9,18,9,7
14494,37,74,79,96,59
14495,4,22,4,11,13
14496,494,111,737,912,817
14497,1,0,0,2,0
14498,1283,1201,149,137,96
14499,42,50,63,101,96
14500,1,18,3,1,1
14501,0,1,11,4,2
14502,42,53,176,217,245
14503,3,8,0,0,0
14504,319,34,79,18,8
14505,53,7,0,11,8
14506,60,14,13,59,76
14507,4,7,6,2,2
14508,8,11,3,9,9
14509,100,78,6,2,1
14510,28,1540,33,218,118
14511,53,92,16,21,30
14512,1,11,40,8,10
14513,11,0,1,1,1
14514,87,66,169,112,108
14515,97,231,213,300,363
14516,0,9,38,31,11
14517,0,1,16,32,29
14518,173,70,41,20,39
14519,17,28,102,36,37
14520,333,48,104,35,35
14521,57,28,123,43,47
14522,0,0,0,0,0
14523,58,191,392,421,424
14524,35,2,30,42,40
14525,1,2,17,26,25
14526,146,117,279,448,536
14527,162,136,169,276,245
14528,17,318,121,72,120
14529,16,33,45,72,76
14530,0,0,0,0,0
14531,1,13,76,205,99
14532,50,193,427,584,608
14533,60,460,220,230,211
14534,2,24,5,10,8
14535,8,0,6,8,9
14536,138,260,16,15,12
14537,21,56,90,64,35
14538,318,7,77,23,20
14539,206,53,39,40,33
14540,50,20,12,4,4
14541,303,210,213,553,385
14542,10,9,30,50,53
14543,1,8,99,17,22
14544,57,17,40,88,54
14545,12,83,395,329,356
14546,13,89,55,54,54
14547,4,4,0,0,0
14548,0,6,29,23,24
14549,115,81,47,23,11
14550,18,39,10,4,8
14551,59,12,1,6,1
14552,29,207,150,95,62
14553,100,293,1396,1231,1167
14554,954,88,458,208,186
14555,2,0,2,2,4
14556,706,1016,602,697,821
14557,890,2257,3458,3334,2631
14558,76,2,53,16,6
14559,40,14,47,45,41
14560,1,11,0,2,2
14561,3,0,6,1,4
14562,9,20,12,37,36
14563,167,13,15,14,13
14564,320,283,136,120,145
14565,15,22,2,9,8
14566,11,0,9,9,12
14567,0,54,11,0,1
14568,4,20,4,0,0
14569,203,152,207,132,108
14570,86,36,71,91,50
14571,0,6,1,4,3
14572,210,208,24,41,50
14573,10,1,1,0,0
14574,3,48,5,4,4
14575,57,80,62,131,146
14576,626,1111,200,448,423
14577,135,44,498,754,690
14578,76,0,8,6,4
14579,54,66,1,1,0
14580,42,0,0,0,0
14581,94,51,8,46,35
14582,1,2,43,127,109
14583,2,11,10,30,30
14584,0,0,2,1,1
14585,0,20,9,3,4
14586,38,1,3,15,19
14587,6,47,22,5,3
14588,31,30,33,25,17
14589,5,232,5,32,72
14590,291,184,272,254,219
14591,8,0,5,0,0
14592,2,69,29,44,36
14593,18,101,83,110,118
14594,0,4,7,5,1
14595,2,2,0,5,4
14596,412,7,1,1,1
14597,46,129,31,40,24
14598,9,17,53,63,64
14599,3,22,96,39,33
14600,18,15,1,2,1
14601,206,91,386,418,478
14602,32,16,203,119,96
14603,600,681,186,224,234
14604,953,130,414,308,315
14605,7,129,34,27,19
14606,31,7,2,8,17
14607,2,0,4,1,1
14608,51,13,25,67,35
14609,0,0,152,34,33
14610,37,2,47,6,8
14611,6,17,6,1,2
14612,29,23,37,55,52
14613,66,72,118,178,224
14614,324,198,417,607,613
14615,0,0,2,4,4
14616,189,4,65,63,100
14617,0,0,0,0,0
14618,14,10,6,4,5
14619,42,164,5,5,3
14620,17,389,495,990,983
14621,1,1,26,14,13
14622,25,29,74,43,52
14623,16,1,1,2,2
14624,6,0,9,13,17
14625,0,4,1,1,1
14626,0,0,0,0,0
14627,196,82,12,43,35
14628,119,163,86,94,97
14629,0,0,0,0,0
14630,88,60,46,50,46
14631,0,2,26,23,12
14632,2,3,53,73,44
14633,0,4,8,17,12
14634,172,70,31,39,36
14635,295,104,265,447,544
14636,13,11,6,1,3
14637,5,197,0,0,0
14638,0,1,0,8,5
14639,12,225,44,35,35
14640,312,642,59,72,35
14641,52,15,67,63,37
14642,37,8,67,68,72
14643,4,24,11,8,6
14644,1260,968,828,1123,1254
14645,23,4,2,4,3
14646,5,88,25,38,46
14647,6,25,15,67,53
14648,0,0,0,2,0
14649,54,14,21,13,11
14650,7,167,1,7,3
14651,2,8,0,0,0
14652,15,35,24,23,13
14653,0,0,6,1,0
14654,54,179,18,9,7
14655,137,33,8,40,48
14656,558,108,48,23,28
14657,0,1,1,2,3
14658,852,272,237,54,106
14659,4,15,1,5,5
14660,75,16,0,1,2
14661,28,78,26,11,11
14662,0,0,3,15,10
14663,4,10,25,50,42
14664,2111,105,740,593,780
14665,279,106,1214,697,693
14666,143,2,307,238,232
14667,0,0,0,0,0
14668,25,99,67,65,47
14669,697,31,1,6,8
14670,0,0,0,0,0
14671,39,59,122,197,183
14672,112,143,57,71,60
14673,10,45,30,42,36
14674,5,0,3,2,3
14675,372,616,248,106,120
14676,48,1,5,22,29
14677,3,0,61,92,86
14678,838,415,3,3,1
14679,1767,981,1075,999,862
14680,1,80,292,277,243
14681,2,19,31,17,31
14682,32,186,537,400,395
14683,37,0,2,7,5
14684,11,4,11,42,42
14685,48,27,34,27,22
14686,38,10,189,360,355
14687,27,83,226,196,216
14688,173,6,6,13,15
14689,52,65,40,27,21
14690,33,16,236,162,206
14691,114,88,14,32,34
14692,343,61,35,31,37
14693,162,446,49,185,315
14694,289,311,22,45,39
14695,1,0,2,0,0
14696,31,62,6,2,4
14697,18,17,13,6,2
14698,392,22,262,81,116
14699,3,29,299,154,87
14700,399,748,195,680,653
14701,158,6,7,9,7
14702,0,0,0,3,1
14703,35,78,3,4,5
14704,134,63,76,261,245
14705,47,91,141,311,287
14706,0,3,11,8,7
14707,260,118,39,203,116
14708,126,172,81,78,51
14709,19,1,0,0,0
14710,97,327,149,36,28
14711,390,68,31,18,19
14712,2,6,21,13,12
14713,244,413,168,145,174
14714,1297,238,159,67,96
14715,9,4,0,0,0
14716,96,107,236,113,154
14717,522,204,65,19,29
14718,149,167,148,237,211
14719,51,54,38,21,39
14720,93,4,3,2,9
14721,19,48,0,0,0
14722,0,13,12,15,7
14723,46,13,199,348,260
14724,0,9,17,42,70
14725,21,9,65,59,37
14726,44,102,50,33,34
14727,214,91,162,117,87
14728,390,304,742,368,427
14729,45,197,190,99,210
14730,2,194,1,3,3
14731,130,27,32,32,41
14732,0,0,10,17,16
14733,12,118,42,12,13
14734,0,1,22,11,12
14735,0,7,75,347,156
14736,430,134,51,63,72
14737,0,3,22,31,45
14738,0,4,0,2,3
14739,18,0,45,44,38
14740,5,62,0,0,0
14741,432,18,0,0,0
14742,37,0,199,424,457
14743,2,2,1,9,1
14744,32,132,8,4,3
14745,0,51,21,45,40
14746,9,4,0,0,0
14747,583,136,43,21,27
14748,41,1,6,9,19
14749,0,7,52,54,49
14750,3,0,1,1,1
14751,13,2,3,6,6
14752,5,5,4,1,2
14753,430,4,59,32,36
14754,23,2,16,9,4
14755,0,0,4,7,5
14756,2,0,7,4,5
14757,20,42,31,26,16
14758,11,4,4,5,9
14759,1,0,0,0,0
14760,140,107,135,348,384
14761,9,255,165,369,403
14762,5,6,1,8,8
14763,3,81,497,279,238
14764,3,6,149,138,94
14765,5,42,18,24,27
14766,0,29,5,13,11
14767,5,27,7,1,2
14768,0,18,3,10,10
14769,15,36,4,10,3
14770,336,355,53,82,100
14771,368,76,573,291,402
14772,13,20,16,7,8
14773,18,15,0,0,0
14774,0,0,0,0,0
14775,4,40,68,55,53
14776,21,17,150,254,301
14777,28,112,145,91,63
14778,264,254,499,415,439
14779,106,33,40,93,95
14780,17,36,7,12,15
14781,19,0,28,16,13
14782,60,92,869,581,619
14783,51,6,7,6,2
14784,110,511,230,259,312
14785,6,9,18,10,9
14786,3,1,31,41,55
14787,175,461,296,203,348
14788,11,6,32,32,24
14789,65,43,3,4,4
14790,0,7,14,14,16
14791,1,0,0,0,0
14792,8,91,80,95,48
14793,15,171,261,84,71
14794,0,2,1,10,7
14795,70,50,146,157,125
14796,8,15,10,14,16
14797,2,0,120,92,47
14798,112,24,148,135,111
14799,1,0,0,0,0
14800,20,8,7,3,5
14801,37,486,1200,1145,1123
14802,1,3,6,6,5
14803,94,931,269,437,500
14804,4,116,28,22,24
14805,2,1,0,1,1
14806,131,168,146,104,104
14807,1,4,23,27,26
14808,85,1,12,29,30
14809,21,14,7,1,3
14810,119,0,48,41,39
14811,17,5,19,4,4
14812,0,0,1,0,0
14813,0,1,2,1,3
14814,1,38,65,70,112
14815,0,0,12,13,10
14816,4,19,1,1,1
14817,261,48,17,80,70
14818,7,5,30,59,46
14819,61,42,20,28,20
14820,48,128,159,141,128
14821,179,88,33,41,37
14822,24,23,59,62,57
14823,516,1619,430,221,222
14824,9,3,9,11,11
14825,9,448,211,377,372
14826,4,2,52,153,131
14827,61,64,150,180,176
14828,13,28,2,4,2
14829,193,388,41,72,55
14830,270,279,539,850,881
14831,88,38,5,12,6
14832,17,40,35,23,24
14833,0,0,93,141,144
14834,180,52,286,251,443
14835,49,45,114,199,311
14836,16,6,53,89,39
14837,1956,252,1475,632,1046
14838,102,159,439,304,385
14839,294,75,65,141,182
14840,0,0,0,1,1
14841,33,21,0,0,0
14842,74,55,231,276,234
14843,33,43,267,194,199
14844,20,5,0,0,0
14845,1,4,1,1,1
14846,3,7,32,13,12
14847,20,63,23,114,86
14848,9,122,213,677,596
14849,2,1,2,2,2
14850,6,1,7,1,1
14851,30,125,40,24,39
14852,642,1104,229,650,463
14853,23,67,22,17,20
14854,137,69,26,42,53
14855,6,9,7,3,3
14856,83,112,5,20,33
14857,273,156,476,251,296
14858,1,5,4,9,7
14859,3,86,28,32,26
14860,105,37,30,25,17
14861,1,0,0,0,0
14862,3,39,3,7,7
14863,13,73,35,22,19
14864,53,21,31,49,52
14865,42,26,5,3,4
14866,0,3,3,4,5
14867,53,2,9,3,3
14868,19,1,0,0,0
14869,238,58,85,257,216
14870,85,106,536,503,502
14871,0,13,0,1,1
14872,830,272,169,311,220
14873,55,72,163,154,164
14874,0,2,2,0,0
14875,3,11,16,19,16
14876,535,28,13,13,10
14877,21,27,3,38,28
14878,4,1,2,3,3
14879,3,1,0,0,0
14880,64,7,9,2,2
14881,0,0,0,0,0
14882,0,7,2,10,11
14883,0,0,1,1,1
14884,14,190,41,20,24
14885,58,128,364,398,388
14886,0,0,3,3,1
14887,33,18,42,30,33
14888,11,11,2,2,2
14889,42,76,6,6,7
14890,14,21,9,10,12
14891,15,78,135,67,121
14892,184,493,711,765,558
14893,12,11,3,2,2
14894,6,11,19,79,75
14895,7,17,6,8,8
14896,1262,745,252,240,213
14897,1,1,16,11,15
14898,7,15,21,5,11
14899,12,20,571,246,278
14900,0,0,0,0,0
14901,208,181,344,213,189
14902,98,29,6,15,13
14903,0,0,73,44,42
14904,8,65,83,124,111
14905,9,94,31,65,110
14906,90,23,4,11,12
14907,0,47,9,6,5
14908,5,306,48,98,55
14909,4,20,24,30,17
14910,10,11,7,2,3
14911,0,0,0,0,0
14912,180,103,189,193,204
14913,200,4,166,483,399
14914,14,1,0,1,1
14915,2,2,0,0,0
14916,34,4,4,35,23
14917,217,18,33,93,122
14918,27,12,4,2,1
14919,6,3,184,81,85
14920,0,3,3,0,1
14921,187,37,33,50,35
14922,31,2,15,12,8
14923,1,0,2,0,0
14924,0,0,3,44,53
14925,6,0,14,6,5
14926,0,6,50,78,80
14927,9,25,49,37,41
14928,8,4,1,2,1
14929,12,87,29,9,12
14930,4,1,1,1,1
14931,97,70,101,74,74
14932,31,10,23,1,1
14933,83,127,319,568,513
14934,28,0,130,247,165
14935,5,1,10,3,12
14936,9,370,251,173,105
14937,11,31,141,148,185
14938,24,13,0,0,0
14939,36,3,8,8,7
14940,20,3,59,99,65
14941,94,54,206,322,336
14942,7,14,103,74,105
14943,60,35,39,21,25
14944,162,125,2,8,6
14945,2,4,0,0,0
14946,66,222,10,35,26
14947,268,405,47,93,71
14948,20,16,6,2,5
14949,0,5,2,1,1
14950,1142,75,63,28,42
14951,10,42,33,33,35
14952,16,0,0,0,0
14953,769,2568,2406,2136,1802
14954,0,2,5,15,12
14955,8,10,9,3,4
14956,13,1,12,2,1
14957,69,11,26,18,30
14958,228,76,13,19,7
14959,150,98,298,222,255
14960,15,6,11,11,11
14961,1,0,5,3,4
14962,259,148,112,91,71
14963,20,31,17,11,16
14964,91,177,111,73,89
14965,7,10,2,2,2
14966,611,767,92,154,169
14967,0,0,0,0,0
14968,90,4,41,18,19
14969,10,0,0,1,1
14970,50,20,32,56,50
14971,264,5,139,96,123
14972,330,226,18,51,69
14973,362,266,27,46,39
14974,0,0,3,0,1
14975,3,80,8,3,3
14976,145,182,161,167,245
14977,0,0,8,19,12
14978,0,12,16,4,7
14979,13,30,1,4,4
14980,2,41,23,100,111
14981,111,180,5,11,8
14982,1,3,1,5,17
14983,0,0,0,0,0
14984,1,114,186,66,83
14985,0,0,0,0,1
14986,3,0,1,0,0
14987,1,3,0,0,1
14988,17,388,415,450,394
14989,724,18,1812,605,1077
14990,2,0,7,2,2
14991,193,176,4,10,8
14992,1,12,57,96,158
14993,3,3,1,8,7
14994,46,0,1,12,13
14995,270,59,15,6,3
14996,43,45,137,90,78
14997,6,22,18,55,60
14998,51,284,11,183,138
14999,2,6,17,30,34
15000,598,434,58,962,950
15001,133,27,37,33,25
15002,3,12,1,5,7
15003,142,57,11,18,5
15004,7,3,123,85,130
15005,466,49,132,181,194
15006,111,468,44,11,14
15007,0,1,3,12,12
15008,3496,493,1337,945,627
15009,12,9,33,19,32
15010,77,38,8,1,0
15011,76,2,9,21,23
15012,27,48,6,0,0
15013,8,45,487,332,291
15014,0,1,0,0,0
15015,344,2161,1848,682,1008
15016,102,15,3,0,3
15017,19,2,1,1,0
15018,89,3,37,33,34
15019,46,47,2,6,5
15020,0,0,134,107,78
15021,1,7,38,52,46
15022,86,184,55,74,95
15023,22,15,28,48,32
15024,415,8,1617,1533,1424
15025,71,22,23,45,34
15026,29,11,282,442,248
15027,10,1,29,5,5
15028,5520,3236,2160,2387,2611
15029,19,50,57,34,24
15030,8,1,4,27,35
15031,936,423,622,527,427
15032,16,26,7,13,18
15033,7,45,11,9,8
15034,0,11,61,40,32
15035,31,84,296,235,242
15036,47,69,535,661,889
15037,33,30,8,8,7
15038,17,31,6,5,5
15039,0,0,6,1,3
15040,212,78,76,19,4
15041,8,24,3,22,35
15042,3,157,166,203,113
15043,3,39,101,91,108
15044,21,60,9,38,35
15045,96,108,158,104,62
15046,114,151,1,2,2
15047,21,2,18,63,44
15048,13,21,20,10,9
15049,22,152,92,166,154
15050,216,23,3,8,5
15051,3,21,1,0,0
15052,106,6,77,135,103
15053,636,40,6,16,11
15054,0,1,97,55,54
15055,11,18,6,10,13
15056,68,40,684,166,225
15057,758,23,172,150,173
15058,8,48,0,0,0
15059,128,237,50,24,22
15060,5,0,68,56,81
15061,153,20,18,5,4
15062,7,27,226,211,199
15063,0,9,4,27,46
15064,290,151,293,200,217
15065,546,30,187,53,47
15066,0,3,12,8,7
15067,24,3,15,18,16
15068,0,0,36,33,32
15069,728,21,174,215,130
15070,5,128,58,25,32
15071,1,11,3,2,2
15072,5,3,8,7,5
15073,584,218,106,124,135
15074,3,44,11,6,13
15075,6,44,17,10,6
15076,4,349,272,111,218
15077,2,8,14,41,6
15078,6,75,155,461,453
15079,154,57,101,17,12
15080,0,0,2,1,1
15081,0,1,0,1,2
15082,88,115,250,156,129
15083,6,1,2,6,4
15084,15,2,15,28,20
15085,20,35,273,167,181
15086,0,0,62,23,2
15087,55,167,74,40,43
15088,52,132,230,311,355
15089,1490,713,210,234,205
15090,0,2,16,3,2
15091,0,1,9,3,7
15092,188,139,329,347,345
15093,11,4,0,2,2
15094,2,0,5,4,4
15095,1,0,10,9,5
15096,7,16,2,0,2
15097,2,1,21,18,16
15098,70,95,44,171,181
15099,0,2,31,41,54
15100,68,5,15,23,26
15101,0,5,8,2,2
15102,41,354,144,143,78
15103,185,771,1276,1316,1413
15104,27,0,8,75,77
15105,150,314,80,63,74
15106,23,0,27,47,26
15107,23,27,0,2,2
15108,0,2,17,18,20
15109,158,423,321,316,297
15110,8,47,161,178,214
15111,1846,1449,293,265,207
15112,20,56,126,82,50
15113,9,7,21,18,10
15114,20,7,9,8,9
15115,31,68,324,217,251
15116,4,0,3,5,7
15117,1,0,12,19,8
15118,8,106,28,8,14
15119,0,2,1,2,1
15120,0,0,0,0,0
15121,246,773,997,1419,1559
15122,73,107,69,61,32
15123,3,59,25,9,6
15124,12,12,85,51,47
15125,7,22,81,67,67
15126,151,1056,237,278,273
15127,1,41,146,106,101
15128,5,9,0,2,2
15129,17,0,3,1,1
15130,12,1,18,17,20
15131,16,854,470,444,380
15132,133,109,91,253,259
15133,49,84,54,32,14
15134,22,37,97,55,57
15135,3,1,18,3,3
15136,0,0,1,3,5
15137,62,336,70,166,166
15138,125,66,0,0,0
15139,0,1,2,0,0
15140,4,15,42,107,118
15141,14,7,149,165,217
15142,19,299,101,132,171
15143,410,568,49,65,55
15144,22,428,536,618,495
15145,0,0,0,0,0
15146,81,349,22,114,74
15147,237,33,202,64,73
15148,17,9,1,6,5
15149,167,195,662,277,208
15150,2,183,22,14,17
15151,126,145,768,448,496
15152,137,664,391,343,325
15153,73,38,123,146,149
15154,1,0,11,17,12
15155,11,13,35,116,57
15156,25,65,191,255,196
15157,29,114,217,252,228
15158,46,300,851,631,458
15159,0,1,0,0,0
15160,31,3,58,70,66
15161,39,132,17,7,10
15162,7,2,76,48,88
15163,83,92,3,3,2
15164,6,36,6,14,21
15165,151,410,475,229,254
15166,255,17,24,24,18
15167,4,8,17,63,29
15168,214,85,187,469,565
15169,5,147,0,0,0
15170,95,44,208,77,91
15171,23,0,122,73,86
15172,102,183,499,327,328
15173,168,42,41,12,14
15174,297,144,205,184,216
15175,317,233,479,606,672
15176,605,1136,454,822,523
15177,2145,331,170,275,349
15178,1184,1043,1305,1523,1426
15179,18,0,6,4,5
15180,21,16,9,33,31
15181,19,46,41,23,22
15182,7,1,2,7,6
15183,117,34,94,71,62
15184,11,3,923,1003,1074
15185,0,0,0,0,0
15186,14,21,40,78,69
15187,108,121,67,65,42
15188,28,10,13,84,22
15189,160,55,99,85,110
15190,8,73,75,36,31
15191,60,7,529,896,796
15192,3,168,4,5,2
15193,1,0,0,0,0
15194,316,1221,797,1301,1243
15195,62,15,35,57,55
15196,12,0,53,26,20
15197,8,157,56,24,23
15198,0,0,20,15,20
15199,4,76,29,50,50
15200,30,60,87,19,32
15201,21,23,66,74,67
15202,101,12,68,92,122
15203,7,52,14,10,9
15204,11,5,6,5,5
15205,0,0,3,4,2
15206,0,82,4,16,26
15207,2,0,52,78,84
15208,21,7,2,0,0
15209,24,14,50,31,20
15210,1,0,3,0,0
15211,16,11,35,244,228
15212,26,40,325,131,93
15213,50,9,2,5,2
15214,108,54,11,1,0
15215,1,5,0,0,0
15216,8,5,7,2,0
15217,37,286,59,81,51
15218,0,0,2,2,2
15219,12,11,44,19,21
15220,99,489,37,26,21
15221,30,16,66,35,27
15222,21,98,102,158,146
15223,1,79,1,0,0
15224,673,421,27,12,6
15225,2,7,126,176,233
15226,0,10,9,22,21
15227,51,127,218,274,274
15228,3,7,1,1,1
15229,19,150,4,9,15
15230,20,12,0,0,0
15231,15,3,12,3,5
15232,13,88,3,8,7
15233,10,33,116,40,47
15234,11,8,2,1,1
15235,29,821,14,4,4
15236,186,44,144,146,162
15237,0,0,0,0,0
15238,3,6,0,0,0
15239,26,993,186,203,255
15240,1,184,30,43,35
15241,45,37,35,45,75
15242,74,177,60,41,39
15243,1,4,3,4,5
15244,42,2,6,7,10
15245,31,140,34,31,39
15246,1,7,62,35,39
15247,1,43,114,31,46
15248,87,39,69,172,206
15249,5,25,73,14,25
15250,52,156,211,214,292
15251,17,74,12,4,1
15252,48,17,101,41,40
15253,2,5,93,128,116
15254,0,2,13,14,6
15255,13,35,96,72,73
15256,4,5,3,2,3
15257,14,4,2,1,2
15258,40,1535,20,1,1
15259,5,8,2,2,2
15260,244,41,4,29,19
15261,0,3,29,22,23
15262,8,35,23,56,43
15263,0,0,0,0,0
15264,6,24,32,34,24
15265,4,6,15,12,9
15266,1,1,39,101,99
15267,20,155,61,154,89
15268,35,18,21,17,18
15269,69,151,133,146,117
15270,67,72,10,7,20
15271,12,13,81,154,133
15272,446,644,361,332,295
15273,106,122,190,215,194
15274,2,22,0,2,2
15275,206,79,0,3,2
15276,142,873,286,195,187
15277,5,7,5,5,2
15278,14,248,427,596,518
15279,0,31,213,107,134
15280,255,0,275,175,194
15281,6,3,3,5,4
15282,27,231,253,875,1215
15283,32,19,21,40,39
15284,15,57,59,117,121
15285,286,44,146,259,347
15286,3,14,3,0,0
15287,2286,4171,2748,2259,2065
15288,112,151,236,106,128
15289,2,7,0,4,2
15290,33,3,154,139,127
15291,15,67,68,17,22
15292,65,341,66,79,43
15293,21,32,0,2,1
15294,5,198,214,22,20
15295,0,1,1,3,2
15296,100,314,71,15,24
15297,0,4,0,0,0
15298,82,82,206,229,188
15299,10,1,0,0,0
15300,0,0,4,8,6
15301,2,0,7,7,10
15302,19,116,294,339,290
15303,2,4,0,0,0
15304,114,39,221,282,269
15305,0,4,14,11,7
15306,131,226,38,51,37
15307,4,37,31,47,43
15308,80,408,658,153,131
15309,3,0,0,0,1
15310,1242,1967,1142,1876,1717
15311,20,3,43,17,7
15312,312,136,866,1233,1280
15313,1,0,15,8,10
15314,51,74,97,110,147
15315,34,5,3,3,4
15316,15,22,13,18,17
15317,16,13,26,12,21
15318,35,156,615,391,398
15319,9,7,4,1,0
15320,1,17,16,36,40
15321,24,293,235,256,214
15322,15,21,13,12,20
15323,2523,321,1172,987,1078
15324,20,1,2,1,1
15325,1,0,1,2,3
15326,42,1589,1372,845,827
15327,41,23,14,17,29
15328,20,3,0,0,0
15329,0,11,30,15,9
15330,88,9,270,645,414
15331,73,5,158,170,147
15332,728,70,1913,1214,1263
15333,7,3,1,2,4
15334,3,26,7,5,4
15335,12,0,129,168,177
15336,8,9,3,1,0
15337,23,0,61,50,51
15338,19,38,42,33,30
15339,206,25,95,56,65
15340,5,1027,670,52,22
15341,3,40,10,125,80
15342,166,129,15,11,15
15343,550,499,1034,1287,1300
15344,37,35,2,7,3
15345,16,44,23,24,31
15346,1,0,13,17,8
15347,0,5,6,15,8
15348,0,18,0,0,0
15349,1,19,21,77,70
15350,213,156,50,34,27
15351,38,29,17,1,0
15352,79,310,234,156,237
15353,6,203,178,276,298
15354,11,41,71,9,12
15355,102,188,7,83,77
15356,307,933,2921,2855,2633
15357,161,125,402,58,47
15358,7,2,0,10,13
15359,0,7,4,21,15
15360,0,0,0,0,0
15361,26,41,6,14,10
15362,6,18,28,19,14
15363,11,3,1,0,0
15364,12,57,16,29,16
15365,326,53,102,186,259
15366,218,197,200,169,186
15367,82,233,380,481,514
15368,0,3,10,11,9
15369,0,0,0,1,1
15370,2,0,0,1,2
15371,52,43,106,37,68
15372,2223,5956,2930,3165,3481
15373,114,4,52,14,17
15374,99,827,966,721,596
15375,63,2,4,12,19
15376,138,35,5,15,14
15377,68,9,101,388,442
15378,0,0,0,0,0
15379,0,20,209,215,467
15380,23,88,110,40,27
15381,70,48,14,3,2
15382,4,75,74,123,100
15383,15,85,38,26,37
15384,0,0,1,1,0
15385,1403,204,31,36,37
15386,96,34,10,2,6
15387,144,690,773,770,816
15388,114,588,716,465,544
15389,2,6,33,10,10
15390,41,0,1,2,4
15391,0,0,0,0,0
15392,45,4,4,8,7
15393,45,237,107,187,189
15394,972,850,1559,1197,1172
15395,55,47,7,27,5
15396,584,719,265,206,250
15397,381,231,2,18,13
15398,4,4,16,17,42
15399,37,0,2,2,2
15400,7,0,12,11,11
15401,1,0,6,8,7
15402,103,2,20,23,45
15403,24,42,812,569,634
15404,8,62,74,89,93
15405,0,0,0,0,0
15406,22,5,17,10,6
15407,8,31,198,37,114
15408,4,2,56,104,83
15409,12,33,68,28,42
15410,9,37,86,124,117
15411,55,145,21,29,13
15412,5,83,33,45,42
15413,185,619,372,427,474
15414,0,5,1,5,1
15415,0,1,6,13,9
15416,1,0,3,4,3
15417,19,0,6,2,2
15418,122,5,56,161,184
15419,1393,1439,5210,5149,4822
15420,0,0,0,0,0
15421,30,47,1,1,3
15422,6,4,0,3,2
15423,58,90,1,2,3
15424,1088,85,88,75,86
15425,11,1,29,68,35
15426,9,50,9,8,7
15427,13,27,109,107,91
15428,27,3,9,18,8
15429,1,1,2,7,5
15430,44,5,38,80,55
15431,1,29,13,4,4
15432,2,193,200,135,119
15433,0,1,37,29,21
15434,84,70,69,36,41
15435,66,8,249,404,330
15436,25,204,1743,1601,1344
15437,0,4,32,19,20
15438,140,26,64,62,69
15439,1,0,1,7,5
15440,1,0,3,0,0
15441,26,183,10,80,59
15442,105,144,157,30,16
15443,93,160,127,185,159
15444,13,10,26,44,50
15445,0,3,0,0,0
15446,47,142,210,161,191
15447,39,1,2,7,8
15448,88,856,74,73,97
15449,47,50,25,16,13
15450,149,4,4,15,17
15451,6,88,169,104,125
15452,3,116,27,43,39
15453,25,3,15,11,19
15454,325,95,560,237,299
15455,13,424,316,147,208
15456,8,229,72,30,27
15457,10,0,2,0,0
15458,1,1,0,1,1
15459,0,30,7,23,24
15460,85,27,0,2,5
15461,313,170,58,31,21
15462,5,1,0,0,0
15463,61,1,18,7,9
15464,1,35,7,20,19
15465,184,145,24,18,16
15466,541,904,2181,1934,1979
15467,24,14,0,0,1
15468,28,12,28,41,25
15469,1,136,32,5,5
15470,137,27,62,86,83
15471,2,19,11,9,6
15472,85,403,124,115,82
15473,8,68,6,10,6
15474,328,268,136,238,227
15475,12,1,0,0,0
15476,890,2196,363,223,179
15477,249,83,85,66,74
15478,0,0,30,15,20
15479,4,2,167,157,143
15480,4,25,1,4,5
15481,42,45,122,234,211
15482,8,10,154,256,171
15483,37,11,99,115,84
15484,450,154,38,56,34
15485,16,214,453,244,170
15486,8,55,21,37,32
15487,7,7,51,63,82
15488,14,10,26,21,23
15489,2,2,54,60,74
15490,0,0,0,0,0
15491,128,1,42,188,149
15492,65,608,22,53,36
15493,44,870,1491,1061,1173
15494,4,0,0,1,2
15495,6,12,1,5,2
15496,1,1,5,8,12
15497,116,37,106,96,73
15498,74,15,127,138,174
15499,1,2,8,4,0
15500,5,1,5,10,5
15501,0,3,1,3,8
15502,24,1,0,0,0
15503,7,0,38,25,20
15504,38,83,144,141,167
15505,7,6,437,692,677
15506,3,12,0,0,0
15507,99,64,7,29,21
15508,11,72,93,16,10
15509,63,18,118,86,128
15510,6,12,65,64,65
15511,32,58,186,144,127
15512,1,25,6,14,13
15513,102,196,113,74,79
15514,7,3,84,54,40
15515,0,0,2,1,1
15516,7,1,26,11,17
15517,4,48,318,528,543
15518,77,17,135,112,112
15519,41,16,107,187,265
15520,0,0,5,3,2
15521,32,8,23,192,174
15522,34,9,16,17,16
15523,1,6,20,9,17
15524,15,8,65,38,43
15525,14,27,13,35,37
15526,231,1366,47,43,73
15527,1,69,8,11,11
15528,15,75,21,64,58
15529,1,0,3,2,11
15530,0,0,93,7,11
15531,21,6,26,11,18
15532,6,1,0,1,4
15533,35,68,37,1,1
15534,28,7,4,2,1
15535,6,12,221,220,305
15536,9,167,80,61,71
15537,0,0,9,13,14
15538,94,184,15,34,26
15539,75,36,34,24,25
15540,17,31,12,51,47
15541,0,44,27,33,29
15542,0,1,0,1,1
15543,84,27,8,46,39
15544,16,54,1,4,4
15545,17,8,10,9,7
15546,22,544,148,176,171
15547,2,1,11,12,7
15548,1489,1050,1098,1063,1227
15549,1,6,20,20,20
15550,0,0,14,33,22
15551,84,27,21,27,25
15552,166,21,42,44,40
15553,0,2,0,0,0
15554,4,1,8,0,2
15555,0,0,1,0,0
15556,18,2,2,8,9
15557,168,42,96,35,23
15558,0,21,33,140,118
15559,5,2,64,29,15
15560,11,18,0,2,2
15561,62,2732,2578,2367,3106
15562,55,3,118,59,103
15563,459,368,169,119,83
15564,8,7,10,4,12
15565,34,53,118,46,41
15566,8,41,14,11,13
15567,190,745,141,148,139
15568,140,720,114,150,175
15569,0,0,1,0,0
15570,7,18,2,2,2
15571,5,14,15,9,6
15572,6,89,125,251,280
15573,9,42,8,7,5
15574,110,0,31,52,37
15575,8,5,12,13,17
15576,15,424,123,708,657
15577,2,100,98,47,33
15578,9,10,31,48,46
15579,4,26,29,26,15
15580,0,4,15,4,6
15581,89,60,60,18,62
15582,5,10,23,40,45
15583,14,1,16,23,25
15584,9,4,11,9,11
15585,380,437,244,186,122
15586,114,13,154,60,69
15587,7,16,0,2,2
15588,23,120,184,656,673
15589,7,18,23,26,26
15590,61,12,193,244,241
15591,86,208,18,38,29
15592,5,34,27,27,17
15593,0,0,2,0,1
15594,9,36,15,27,24
15595,128,40,140,168,162
15596,5,18,36,37,27
15597,8,3,7,12,10
15598,13,446,202,205,182
15599,65,109,1,3,3
15600,150,13,17,13,10
15601,617,1332,85,80,41
15602,18,4,6,10,11
15603,18,36,33,23,28
15604,261,373,835,536,485
15605,5,21,12,25,18
15606,5,0,0,0,0
15607,8,19,5,5,3
15608,14,5,6,4,4
15609,85,25,7,9,10
15610,20,47,218,130,139
15611,39,9,15,16,10
15612,9,12,104,227,177
15613,1,5,1,1,1
15614,80,24,11,48,84
15615,445,42,298,106,58
15616,16,13,22,4,8
15617,43,12,535,75,233
15618,54,9,43,96,90
15619,0,3,22,27,33
15620,0,1,1,0,0
15621,45,23,8,52,39
15622,8,77,40,10,29
15623,81,21,298,303,181
15624,9,0,15,26,18
15625,283,219,329,266,252
15626,2,0,0,0,0
15627,67,59,95,118,100
15628,5,2,0,0,0
15629,0,8,32,20,34
15630,7,2,44,124,150
15631,12,49,7,5,4
15632,1,0,2,6,5
15633,4,74,177,301,168
15634,49,9,19,24,10
15635,21,6,24,23,19
15636,11,10,17,25,18
15637,0,12,7,9,5
15638,288,267,228,514,448
15639,0,81,72,70,55
15640,58,2,16,16,18
15641,44,5,56,74,44
15642,1230,166,222,53,54
15643,4519,3733,727,1199,1159
15644,5,0,23,16,15
15645,819,1237,884,768,701
15646,2,177,728,966,954
15647,0,0,0,2,2
15648,8,44,24,23,21
15649,3,67,64,40,34
15650,1929,2063,747,107,131
15651,374,8,6,8,7
15652,3,6,0,0,0
15653,66,1,11,20,18
15654,358,45,90,72,60
15655,169,7,10,12,3
15656,0,1,0,0,0
15657,59,65,1154,949,843
15658,15,0,0,3,4
15659,11,7,95,106,103
15660,194,43,9,27,32
15661,943,480,165,106,74
15662,9,7,130,77,98
15663,18,7,20,56,75
15664,0,0,1,0,0
15665,40,5,80,29,52
15666,88,22,137,44,57
15667,4,8,7,35,22
15668,24,5,7,5,6
15669,1,17,271,159,175
15670,23,4,77,70,58
15671,185,329,85,117,131
15672,8,0,11,13,15
15673,106,131,52,73,77
15674,46,138,112,209,245
15675,134,2,4,1,2
15676,19,204,1805,1505,1273
15677,1181,1346,976,1642,1258
15678,1,50,4,0,0
15679,12,159,0,0,0
15680,135,368,188,192,177
15681,133,22,279,361,277
15682,33,1,0,0,0
15683,4,9,90,80,77
15684,0,0,9,4,1
15685,85,53,755,949,913
15686,115,60,333,288,285
15687,3,16,27,56,54
15688,18,685,922,144,222
15689,3,0,53,15,9
15690,5,1,3,3,3
15691,6,9,40,29,31
15692,1306,746,186,56,65
15693,19,90,719,689,579
15694,10,2,0,0,0
15695,606,22,464,334,362
15696,116,14,1590,929,779
15697,245,539,562,697,871
15698,217,146,286,226,206
15699,0,0,11,5,7
15700,5,23,19,46,35
15701,7,11,30,35,13
15702,309,75,736,1158,1042
15703,58,112,33,63,76
15704,131,9,193,83,109
15705,12,118,15,32,22
15706,39,12,0,0,0
15707,2,4,13,17,19
15708,4,201,195,282,223
15709,1,4,10,2,5
15710,4,1,3,12,4
15711,213,342,392,477,482
15712,0,0,0,0,0
15713,6,179,370,227,235
15714,2,55,22,44,123
15715,0,7,11,13,23
15716,0,0,0,0,0
15717,73,18,4,14,12
15718,51,2,19,6,8
15719,73,30,153,22,27
15720,343,144,8,28,31
15721,6,0,19,20,26
15722,557,496,1251,1609,1321
15723,36,55,7,24,36
15724,13,3,24,74,40
15725,11,114,721,736,885
15726,1,1,6,4,2
15727,4,6,56,101,62
15728,11,31,0,2,0
15729,24,16,73,27,23
15730,30,220,265,630,489
15731,124,44,114,42,46
15732,4,6,51,20,16
15733,21,2,1,9,4
15734,8,0,3,5,6
15735,19,0,0,5,1
15736,31,209,453,658,839
15737,27,77,50,47,41
15738,346,972,431,596,539
15739,223,44,149,186,163
15740,43,409,35,16,26
15741,0,18,30,58,48
15742,11,243,937,905,929
15743,20,29,396,305,323
15744,92,135,154,85,79
15745,0,6,3,0,2
15746,1,1,2,0,2
15747,247,410,1,0,0
15748,3,101,6,4,7
15749,29,4,59,94,74
15750,3,11,8,1,1
15751,16,17,10,3,3
15752,4,5,7,7,8
15753,498,1612,885,748,718
15754,5,17,43,29,16
15755,1,35,50,126,110
15756,31,23,4,8,10
15757,24,142,66,34,55
15758,32,71,56,86,80
15759,229,257,12,8,5
15760,390,335,386,166,100
15761,517,61,54,103,110
15762,79,1,0,0,0
15763,6,3,3,1,1
15764,44,22,97,223,177
15765,102,25,14,12,10
15766,1579,248,39,298,271
15767,1,4,24,56,76
15768,4,35,749,2463,2322
15769,114,2,43,122,102
15770,0,1,0,0,0
15771,718,554,860,892,1107
15772,964,104,1176,1136,671
15773,8,1,0,0,0
15774,66,79,4,3,2
15775,25,0,9,13,15
15776,55,61,218,280,312
15777,0,0,0,0,0
15778,45,0,22,43,32
15779,24,39,3,0,0
15780,1,1,4,10,10
15781,93,59,7,3,3
15782,1,10,33,70,53
15783,20,4,21,33,38
15784,42,9,31,7,15
15785,2,3,34,40,32
15786,24,5,8,3,3
15787,4,0,0,0,0
15788,14,28,5,2,3
15789,10,32,29,33,37
15790,18,52,125,137,112
15791,241,47,572,790,642
15792,0,1,20,13,15
15793,7,3,13,10,9
15794,511,36,112,135,125
15795,7,0,0,0,0
15796,91,259,41,81,92
15797,29,2,8,7,9
15798,11,31,5,12,6
15799,1,6,79,36,57
15800,11,66,421,105,83
15801,302,29,68,30,43
15802,204,94,4,2,2
15803,30,7,27,20,21
15804,195,51,64,180,156
15805,3,13,49,165,250
15806,189,88,84,127,145
15807,0,11,0,0,0
15808,3,2,65,117,110
15809,0,0,0,0,0
15810,102,123,33,33,28
15811,0,1,2,7,11
15812,9,2,10,31,31
15813,0,0,0,0,0
15814,6,34,63,94,85
15815,1,0,10,2,5
15816,11,25,23,19,8
15817,1,2,5,3,4
15818,18,58,21,9,3
15819,195,89,0,0,0
15820,47,4,19,17,6
15821,9,5,14,13,19
15822,12,39,209,27,35
15823,140,41,25,14,18
15824,17,71,4,10,8
15825,204,131,85,32,51
15826,7,4,294,20,25
15827,1,0,13,9,10
15828,14,2,130,42,17
15829,101,67,44,24,18
15830,24,28,19,80,67
15831,89,47,71,40,57
15832,8,1,4,12,4
15833,16,46,4,8,6
15834,96,8,238,215,250
15835,5,17,0,3,0
15836,618,965,76,73,164
15837,56,22,9,8,11
15838,0,0,3,1,7
15839,244,379,33,46,47
15840,9,0,9,10,12
15841,7,0,6,0,0
15842,1179,350,85,25,23
15843,3,7,56,19,17
15844,0,0,0,2,1
15845,5,24,8,12,19
15846,69,46,274,167,190
15847,123,23,1,20,22
15848,0,4,2,7,8
15849,9,10,0,0,0
15850,1,7,197,227,181
15851,158,156,67,12,3
15852,37,44,77,29,27
15853,23,65,23,15,25
15854,29,13,0,1,1
15855,33,16,79,83,86
15856,7,16,53,11,18
15857,30,24,20,41,42
15858,293,88,13,27,27
15859,7,0,44,49,55
15860,2,3,1,0,0
15861,307,39,459,411,388
15862,18,125,0,13,8
15863,424,326,353,665,611
15864,549,72,488,518,543
15865,21,39,351,168,154
15866,0,3,7,12,11
15867,36,159,78,44,29
15868,0,940,57,104,112
15869,17,41,44,37,29
15870,13,1,14,19,15
15871,11,30,3,91,70
15872,59,30,5,4,8
15873,2,13,18,16,13
15874,29,46,20,13,11
15875,1,8,1,0,0
15876,0,11,105,125,179
15877,5,10,4,5,3
15878,31,18,148,119,163
15879,3,1,7,17,10
15880,20,20,0,3,2
15881,85,70,116,124,166
15882,258,590,463,575,461
15883,448,1244,1508,430,298
15884,1354,1130,958,1612,1298
15885,0,47,10,6,5
15886,19,39,14,7,7
15887,1,10,1,3,5
15888,51,45,1384,833,850
15889,122,44,87,23,17
15890,167,28,3,7,6
15891,0,0,0,0,0
15892,34,0,18,10,19
15893,7,12,20,37,39
15894,2,2,2,1,2
15895,357,72,47,24,21
15896,9,0,22,66,85
15897,0,19,0,0,0
15898,15,3,15,4,7
15899,206,36,289,321,273
15900,1656,49,407,421,341
15901,12,0,0,0,0
15902,11,10,51,111,190
15903,114,58,125,150,156
15904,47,18,52,55,49
15905,666,383,100,173,231
15906,41,14,22,7,7
15907,3,21,422,558,415
15908,8,18,1,28,21
15909,5,10,15,55,34
15910,65,558,85,82,82
15911,848,342,25,14,12
15912,114,73,161,39,56
15913,0,0,0,0,0
15914,4,7,10,5,11
15915,5623,2792,1176,1093,959
15916,79,1252,466,474,467
15917,2,29,56,43,81
15918,12,15,38,45,36
15919,161,202,175,1013,662
15920,6,44,280,375,353
15921,32,79,63,11,15
15922,8,18,9,3,3
15923,0,0,0,2,2
15924,365,2236,1649,1415,1461
15925,5,1,11,12,9
15926,36,75,83,15,21
15927,637,961,172,8,13
15928,49,258,172,303,498
15929,1,2,37,31,24
15930,0,0,3,8,4
15931,39,17,52,43,40
15932,0,8,10,0,0
15933,77,134,124,413,420
15934,7,1,1,1,2
15935,28,6,273,319,223
15936,13,1,0,0,0
15937,180,732,13,4,3
15938,192,56,111,147,179
15939,1180,1803,1718,1484,1475
15940,0,0,2,4,4
15941,0,0,0,0,0
15942,135,188,199,147,193
15943,57,16,0,3,3
15944,64,38,109,82,57
15945,55,45,131,312,343
15946,9,14,3,2,2
15947,0,11,29,7,9
15948,0,1,10,38,32
15949,0,2,5,5,6
15950,370,73,29,19,11
15951,144,72,47,55,66
15952,0,1,0,0,0
15953,166,312,695,901,1002
15954,5,35,125,97,76
15955,15,1,31,92,102
15956,9,1,19,27,32
15957,12,100,27,50,39
15958,9,17,294,94,183
15959,5,238,143,247,209
15960,17,3,30,31,27
15961,60,169,27,54,64
15962,1,0,0,0,0
15963,52,55,911,1455,1544
15964,24,22,6,22,22
15965,68,68,453,530,578
15966,121,191,161,321,310
15967,3,17,41,39,31
15968,1,0,14,17,11
15969,97,41,101,30,6
15970,0,3,8,7,15
15971,33,221,39,27,29
15972,4,10,84,52,35
15973,1,1,291,429,419
15974,26,122,489,454,555
15975,85,85,80,88,67
15976,5,2,4,8,5
15977,75,43,11,6,12
15978,0,5,11,37,38
15979,16,0,0,1,2
15980,54,40,389,359,403
15981,5,96,247,220,174
15982,1,0,4,0,0
15983,44,104,269,172,144
15984,2,2,39,75,73
15985,12,0,7,9,9
15986,0,1,0,0,0
15987,129,36,148,157,175
15988,5,1,2,0,0
15989,96,149,246,294,271
15990,19,64,17,34,19
15991,234,736,974,726,870
15992,412,14,105,32,13
15993,0,13,32,37,42
15994,352,520,160,250,289
15995,325,100,7,8,15
15996,54,4,317,231,214
15997,128,40,8,12,5
15998,199,92,166,108,103
15999,58,144,42,141,124
16000,22,533,436,392,435
16001,205,24,25,18,15
16002,2,10,24,18,20
16003,402,188,162,360,330
16004,0,131,12,35,33
16005,36,22,26,6,2
16006,2,0,1,4,5
16007,2,37,42,29,30
16008,68,44,61,41,38
16009,72,145,142,498,368
16010,0,14,23,22,16
16011,4,24,27,38,28
16012,0,1,0,0,1
16013,8,14,3,3,3
16014,12,14,77,96,106
16015,3,12,8,4,3
16016,9,0,7,31,23
16017,10,1,30,2,3
16018,77,0,6,7,3
16019,0,0,2,3,5
16020,153,53,27,57,46
16021,282,12,366,114,86
16022,2,8,7,24,23
16023,1,0,3,1,1
16024,15,9,37,17,33
16025,9,2,26,21,23
16026,54,16,165,117,111
16027,360,419,281,547,597
16028,165,130,25,137,146
16029,10,74,23,52,56
16030,55,98,27,20,9
16031,0,10,52,20,23
16032,0,219,148,195,149
16033,8,8,7,8,13
16034,22,17,22,8,6
16035,41,80,100,48,88
16036,98,5,83,59,65
16037,106,49,19,13,17
16038,4,399,402,177,162
16039,3,63,53,70,48
16040,6,22,61,80,59
16041,1,6,0,2,4
16042,0,5,283,65,80
16043,18,13,43,72,79
16044,3551,3505,4210,2731,2567
16045,2,0,36,28,22
16046,54,173,283,243,254
16047,3,2,0,1,0
16048,23,156,188,185,204
16049,9,0,3,4,2
16050,130,134,212,5,7
16051,394,76,219,98,74
16052,136,55,16,15,17
16053,19,76,38,10,4
16054,18,23,1,0,1
16055,21,6,37,13,14
16056,7,8,9,11,9
16057,43,118,117,163,154
16058,25,25,29,6,10
16059,0,0,0,0,0
16060,0,1,2,2,2
16061,52,15,80,181,150
16062,13,26,42,36,14
16063,1,48,27,22,39
16064,0,0,0,0,0
16065,815,1512,4857,4031,4022
16066,0,0,0,0,0
16067,0,2,0,0,0
16068,45,12,37,12,10
16069,88,3,38,34,35
16070,169,71,87,35,64
16071,61,338,907,966,767
16072,4,18,2,2,0
16073,9,4,40,9,9
16074,54,15,13,10,8
16075,1,6,39,60,67
16076,35,93,26,108,107
16077,0,0,0,0,0
16078,7,35,19,20,18
16079,0,1,9,8,8
16080,6,24,25,28,30
16081,0,3,1,0,0
16082,271,579,336,331,322
16083,2,4,2,1,0
16084,0,0,12,7,8
16085,609,1165,265,200,196
16086,33,16,99,122,166
16087,122,16,677,1153,668
16088,30,239,1,1,1
16089,27,379,192,416,495
16090,2,0,0,0,0
16091,30,38,28,65,62
16092,44,20,75,113,95
16093,0,0,0,0,0
16094,40,80,34,63,68
16095,0,0,0,0,0
16096,0,0,0,0,0
16097,590,664,371,483,505
16098,24,52,3,0,0
16099,0,465,246,142,140
16100,43,76,6,2,3
16101,135,30,96,65,82
16102,345,178,201,316,273
16103,95,16,15,20,30
16104,828,3,26,39,33
16105,0,71,37,17,7
16106,15,90,2,5,8
16107,66,76,179,129,96
16108,499,10,576,773,840
16109,9,23,15,14,12
16110,0,0,1,0,0
16111,33,14,3,16,10
16112,1,7,0,0,0
16113,224,39,4,7,1
16114,6,2,24,14,12
16115,21,4,9,22,17
16116,1,0,0,0,0
16117,25,32,0,0,0
16118,0,2,4,12,16
16119,30,2,86,50,84
16120,1060,348,1883,2124,1810
16121,81,26,118,232,282
16122,4,40,27,42,42
16123,10,97,25,33,18
16124,0,0,1,0,0
16125,34,225,88,65,54
16126,53,33,25,27,55
16127,5,0,2,9,2
16128,9,0,208,131,67
16129,3,21,28,8,16
16130,0,1,0,0,0
16131,4,7,3,20,16
16132,7,1,82,204,279
16133,65,10,130,134,119
16134,0,8,4,4,2
16135,38,6,26,17,16
16136,0,14,1,3,1
16137,64,307,166,51,65
16138,8,14,4,2,2
16139,1,0,0,1,3
16140,63,154,460,242,294
16141,10,20,33,13,15
16142,348,39,187,295,246
16143,67,68,66,245,131
16144,0,13,3,11,9
16145,9,28,31,40,40
16146,247,13,41,30,38
16147,1,2,19,4,8
16148,5,13,4,1,2
16149,17,9,249,231,337
16150,36,4,14,31,34
16151,466,119,705,555,533
16152,142,211,77,105,141
16153,8,10,5,5,6
16154,3,9,11,30,29
16155,0,0,8,20,14
16156,0,120,189,230,191
16157,286,7,124,62,33
16158,1,0,42,34,18
16159,1369,656,215,222,150
16160,385,445,144,216,261
16161,693,1490,430,705,794
16162,4,29,6,51,80
16163,4,22,68,48,44
16164,39,4,197,184,155
16165,6,30,37,38,39
16166,6,4,65,80,71
16167,17,32,2,6,4
16168,17,32,125,133,105
16169,25,30,12,6,5
16170,8,2,9,12,19
16171,7,0,3,3,2
16172,116,61,53,23,41
16173,2925,2087,199,497,571
16174,20,50,11,15,10
16175,91,36,7,14,14
16176,8,66,309,77,70
16177,1,18,67,74,94
16178,10,122,209,47,42
16179,1102,121,395,730,798
16180,78,2,4,18,11
16181,22,13,24,57,59
16182,36,2,7,12,11
16183,5,11,33,22,15
16184,4,6,12,11,19
16185,47,166,117,132,157
16186,26,288,606,983,885
16187,0,20,2,3,3
16188,17,121,4,0,2
16189,51,42,40,50,76
16190,6,8,4,10,8
16191,129,163,145,129,163
16192,20,5,0,1,1
16193,3,1,6,8,8
16194,22,4,23,34,37
16195,19,3,8,27,29
16196,2,1,0,0,1
16197,3,31,57,49,56
16198,36,1075,454,142,195
16199,40,7,3,11,13
16200,18,5,37,68,49
16201,2,6,19,9,16
16202,62,10,102,75,95
16203,6,13,7,2,0
16204,2,4,9,6,7
16205,252,6,331,279,234
16206,17,130,57,113,111
16207,1,3,0,0,0
16208,14,13,86,150,179
16209,73,42,37,36,26
16210,130,185,382,57,138
16211,42,0,4,2,1
16212,518,109,287,306,294
16213,11,5,11,0,0
16214,324,6,34,9,13
16215,16,24,14,19,36
16216,1541,1153,56,77,74
16217,264,395,888,584,523
16218,0,0,4,9,8
16219,7,3,17,58,85
16220,2,2,33,38,38
16221,16,37,58,140,106
16222,14,2,5,8,9
16223,1,6,7,3,7
16224,83,118,349,594,390
16225,56,46,56,68,92
16226,0,1,0,0,0
16227,20,40,18,35,36
16228,18,14,20,84,84
16229,5,24,169,142,142
16230,19,3,0,0,0
16231,2,0,26,46,33
16232,186,290,3398,1474,939
16233,299,188,67,1,4
16234,0,25,18,8,9
16235,5,0,5,6,3
16236,0,0,12,23,28
16237,2,2,2,0,0
16238,0,0,1,1,1
16239,57,62,100,154,137
16240,10,31,15,12,15
16241,1882,1443,489,715,888
16242,13,11,0,1,1
16243,183,28,80,96,106
16244,3,13,68,24,26
16245,0,1,1,0,0
16246,2,0,15,20,20
16247,3,70,2,0,0
16248,0,8,1,0,0
16249,0,23,49,76,76
16250,2590,2323,1537,1574,1724
16251,23,38,4,2,1
16252,2,2,5,7,9
16253,315,29,129,58,41
16254,0,5,2,5,7
16255,1,1,72,20,42
16256,1,19,148,77,77
16257,32,33,1,9,4
16258,2,23,34,22,23
16259,10,92,964,899,1173
16260,218,248,620,417,517
16261,45,15,69,144,100
16262,4,2,5,5,6
16263,433,0,13,10,20
16264,33,26,17,23,12
16265,13,24,13,6,10
16266,3,7,0,0,0
16267,2935,2385,4027,3109,3804
16268,1,2,20,8,7
16269,242,401,36,62,66
16270,34,28,157,67,92
16271,0,4,1,5,4
16272,0,0,41,45,39
16273,370,275,904,900,791
16274,235,772,1939,898,1210
16275,298,1,40,52,42
16276,2,0,13,9,12
16277,156,98,61,100,105
16278,350,391,44,27,31
16279,47,161,59,97,87
16280,0,0,46,25,27
16281,315,647,682,518,504
16282,27,32,49,188,259
16283,41,11,94,235,151
16284,10,0,14,7,16
16285,0,15,117,83,95
16286,2,11,20,17,24
16287,4,30,60,42,40
16288,4,13,3,5,2
16289,10,1,0,1,0
16290,0,1,1,2,0
16291,0,2,2,7,8
16292,107,474,43,99,95
16293,112,151,298,110,72
16294,0,49,37,117,119
16295,49,4,0,2,2
16296,4,0,0,0,0
16297,10,8,0,0,0
16298,6,127,45,60,50
16299,54,20,107,40,42
16300,3,0,173,163,152
16301,16,4,3,0,0
16302,3,30,4,3,5
16303,31,21,20,16,14
16304,454,1302,317,389,285
16305,75,200,28,30,20
16306,12,312,186,218,175
16307,114,143,51,48,59
16308,88,41,15,67,59
16309,12,362,25,42,27
16310,1,0,0,0,0
16311,15,10,79,90,70
16312,3,64,95,116,98
16313,0,7,0,0,0
16314,5,78,53,97,116
16315,2065,391,498,222,309
16316,503,131,135,335,322
16317,10,2,0,0,0
16318,4,0,9,4,7
16319,1,42,306,195,304
16320,0,0,0,0,0
16321,3,2,24,40,41
16322,186,167,73,113,70
16323,33,228,497,546,697
16324,164,132,66,70,106
16325,293,214,370,532,591
16326,125,1930,240,153,176
16327,1334,1885,820,411,565
16328,5,0,13,18,15
16329,48,0,1,0,0
16330,58,142,111,133,143
16331,79,21,189,231,183
16332,0,1,2,1,1
16333,0,6,28,66,49
16334,974,39,313,59,40
16335,29,5,1,1,2
16336,24,9,38,8,24
16337,1,0,4,0,1
16338,201,217,204,166,248
16339,554,108,142,137,176
16340,0,0,4,1,1
16341,10,266,143,160,93
16342,111,413,24,54,61
16343,15,10,0,0,0
16344,85,41,28,97,87
16345,3,16,18,4,4
16346,215,17,6,1,1
16347,14,60,103,103,96
16348,0,2,3,9,3
16349,91,15,209,117,198
16350,49,11,8,11,17
16351,1,54,18,21,25
16352,5,3,0,0,0
16353,0,4,20,18,23
16354,0,0,13,22,21
16355,89,38,423,213,167
16356,0,6,18,12,12
16357,13,126,153,182,176
16358,48,55,41,19,24
16359,74,241,195,196,191
16360,208,98,20,10,14
16361,6,47,0,1,1
16362,117,12,23,24,12
16363,2,598,131,230,168
16364,67,31,10,8,9
16365,44,12,128,264,315
16366,306,140,81,37,38
16367,205,11,22,37,22
16368,2611,269,110,52,46
16369,59,61,14,27,20
16370,4,2,5,1,3
16371,6,157,30,39,54
16372,7,17,3,0,2
16373,19,559,342,257,323
16374,10,235,160,159,105
16375,94,30,127,136,104
16376,16,710,114,233,157
16377,36,66,23,80,68
16378,229,290,396,323,445
16379,38,16,137,69,105
16380,3,38,1,2,0
16381,29,0,3,0,0
16382,114,126,22,0,1
16383,167,177,105,84,89
16384,86,45,973,1852,1935
16385,0,1,0,6,3
16386,8,5,9,30,17
16387,2,48,49,28,37
16388,15,56,134,156,205
16389,87,15,21,6,8
16390,30,415,1114,1545,1571
16391,1,6,0,0,0
16392,1,0,29,13,12
16393,2,4,66,16,16
16394,65,94,38,58,78
16395,0,21,468,213,236
16396,4,72,4,3,2
16397,4,81,70,51,20
16398,0,3,21,19,13
16399,24,10,48,24,33
16400,159,225,32,12,26
16401,11,17,88,84,54
16402,12,252,115,273,271
16403,2,13,8,6,4
16404,77,0,96,54,65
16405,0,4,2,28,47
16406,14,9,5,55,51
16407,0,12,0,2,2
16408,81,249,222,250,340
16409,15,26,3,2,2
16410,5,3,316,233,188
16411,1,12,0,1,2
16412,1,24,19,7,17
16413,20,8,1,15,20
16414,12,68,41,97,124
16415,1,0,0,2,1
16416,710,1038,555,1303,1177
16417,189,280,93,144,100
16418,3,1,1,2,3
16419,29,280,213,438,347
16420,29,59,32,34,38
16421,34,301,5,5,4
16422,56,9,6,6,10
16423,493,498,70,74,92
16424,928,838,605,723,650
16425,127,39,86,157,99
16426,1262,595,1320,1165,1268
16427,4,5,8,59,37
16428,3,223,75,42,40
16429,198,83,21,5,6
16430,98,11,59,15,11
16431,0,1,9,13,14
16432,1,5,11,108,51
16433,12,13,3,11,5
16434,0,5,11,4,10
16435,57,6,33,87,62
16436,366,24,22,33,48
16437,20,3,12,13,27
16438,0,6,2,1,3
16439,11,30,74,85,65
16440,276,8,23,23,12
16441,229,78,44,63,62
16442,367,66,45,23,24
16443,47,9,345,485,321
16444,706,392,57,40,41
16445,12,17,259,263,241
16446,19,6,16,8,11
16447,3,26,3,13,10
16448,1,0,4,5,7
16449,265,42,52,56,52
16450,4,0,0,0,0
16451,606,97,752,705,666
16452,3,25,17,1,4
16453,489,524,273,307,374
16454,1,1,1,0,2
16455,4,3,25,7,9
16456,10,2,29,26,25
16457,116,76,46,106,120
16458,106,323,548,832,851
16459,1,0,0,0,0
16460,0,21,33,12,18
16461,1,4,3,0,0
16462,18,31,27,23,36
16463,0,0,8,10,11
16464,131,52,22,16,16
16465,1398,1022,219,627,1108
16466,26,220,2,2,2
16467,45,44,44,3,8
16468,78,91,18,11,2
16469,5,60,7,14,9
16470,91,13,21,17,19
16471,0,0,2,0,0
16472,2,58,16,35,33
16473,3,30,12,24,27
16474,0,0,2,10,11
16475,73,227,77,116,72
16476,995,48,10,61,80
16477,5,0,1,1,1
16478,0,0,2,5,10
16479,1,84,12,5,3
16480,575,818,1272,1178,1358
16481,95,85,24,12,18
16482,10,1,46,29,21
16483,14,76,131,183,184
16484,4,5,7,6,5
16485,13,12,20,0,0
16486,115,33,11,11,11
16487,77,33,333,340,311
16488,99,528,87,216,204
16489,1133,39,13,16,13
16490,3,1,0,2,2
16491,26,321,154,113,88
16492,20,3,1,19,28
16493,9,5,21,33,34
16494,71,15,378,227,223
16495,151,20,3,1,0
16496,5,9,2,5,3
16497,1,9,5,8,7
16498,5,497,127,92,97
16499,2,10,26,6,10
16500,0,12,2,8,10
16501,8,4,4,9,10
16502,49,231,39,45,50
16503,4,38,66,52,56
16504,0,8,67,24,55
16505,259,10,123,345,357
16506,13,64,20,32,21
16507,0,1,1,2,2
16508,2,0,0,0,0
16509,0,0,9,7,7
16510,13,46,770,1413,1089
16511,0,12,12,23,58
16512,0,5,4,8,5
16513,26,89,18,100,88
16514,10,2231,197,490,450
16515,10,1,2,2,3
16516,10,130,63,28,22
16517,7,61,6,6,7
16518,30,47,45,7,9
16519,37,9,6,1,0
16520,4,14,77,83,81
16521,2,6,91,63,97
16522,0,0,1,7,6
16523,1,4,7,3,5
16524,3,5,19,14,20
16525,2,70,194,203,157
16526,71,12,21,10,7
16527,0,0,5,0,0
16528,8,77,818,1069,757
16529,14,10,53,55,57
16530,5,8,14,6,1
16531,16,136,31,42,40
16532,18,11,9,1,1
16533,30,8,25,22,14
16534,702,767,882,1522,1644
16535,20,0,4,13,11
16536,1,0,40,103,133
16537,1193,137,1230,1529,1627
16538,0,0,0,0,0
16539,0,0,2,2,2
16540,480,282,101,41,70
16541,17,399,314,312,320
16542,1076,508,71,279,273
16543,251,335,105,626,544
16544,33,48,13,65,82
16545,132,38,819,636,744
16546,29,520,262,27,41
16547,23,35,332,198,168
16548,16,112,0,2,2
16549,35,77,26,29,42
16550,156,19,2,4,7
16551,1,4,0,0,0
16552,16,0,33,63,68
16553,22,9,0,4,2
16554,31,62,44,25,28
16555,1239,20,456,598,524
16556,269,310,490,1318,1401
16557,2,0,0,0,0
16558,56,206,9,16,13
16559,7,26,29,34,29
16560,0,23,12,19,16
16561,0,1,6,12,13
16562,1,5,7,6,4
16563,5,0,120,569,406
16564,58,153,32,38,27
16565,48,157,264,143,139
16566,117,224,631,274,403
16567,3,41,31,22,18
16568,182,1,5,29,47
16569,31,11,18,8,12
16570,4,29,2,1,1
16571,3,47,562,600,663
16572,153,8,29,27,32
16573,108,69,137,142,174
16574,47,24,14,10,9
16575,242,13,24,12,14
16576,24,22,13,21,38
16577,16,29,45,12,18
16578,74,227,1,0,0
16579,0,17,121,288,200
16580,36,9,31,30,37
16581,11,2,4,14,11
16582,1,5,36,22,21
16583,50,110,2,31,18
16584,133,65,77,35,42
16585,6,32,5,5,4
16586,11,8,2,4,5
16587,4,0,0,1,0
16588,1,2,17,2,6
16589,18,54,175,131,121
16590,22,11,5,4,7
16591,356,4,57,36,41
16592,0,9,67,45,41
16593,6,4,257,214,226
16594,49,36,137,255,244
16595,19,10,56,17,15
16596,56,50,6,19,15
16597,0,27,5,10,11
16598,195,561,313,53,90
16599,2,9,64,37,38
16600,3,0,0,0,0
16601,149,5,26,40,63
16602,2,16,18,73,82
16603,541,275,329,175,214
16604,146,58,26,38,26
16605,13,4,94,404,209
16606,63,82,103,172,296
16607,22,7,4,6,3
16608,122,8,16,13,18
16609,27,22,1,1,2
16610,0,0,0,0,0
16611,169,132,340,190,216
16612,2083,1730,1026,1027,1017
16613,5,0,11,6,4
16614,8,6,18,11,17
16615,0,0,1,3,3
16616,10,88,12,7,5
16617,34,266,74,58,34
16618,12,6,1,1,0
16619,2,7,10,2,1
16620,510,398,31,162,116
16621,0,0,0,1,0
16622,13,2,14,14,15
16623,181,838,437,677,630
16624,555,384,681,529,539
16625,30,52,33,37,51
16626,11,7,31,9,25
16627,0,0,5,9,10
16628,8,8,159,272,227
16629,0,2,1,1,0
16630,282,82,44,21,17
16631,61,160,147,155,138
16632,11,9,11,14,15
16633,89,766,1115,1543,1553
16634,0,20,17,41,71
16635,29,542,599,362,469
16636,357,14,0,1,0
16637,20,602,105,78,67
16638,1,0,4,9,8
16639,0,2,12,16,13
16640,3,0,0,1,1
16641,292,1944,925,637,863
16642,290,85,23,25,24
16643,2,8,0,0,0
16644,315,8,7,10,13
16645,328,221,828,457,478
16646,38,18,0,0,0
16647,53,5,19,37,32
16648,3,1,56,210,130
16649,384,208,74,200,120
16650,12,11,11,13,10
16651,96,476,127,300,204
16652,26,80,312,545,457
16653,1,16,5,2,2
